timestamp,value,anomaly_score,raw_score,label,S(t)_standard
2014-05-14 01:14:00,85.835,0.0301029996659,1.0,0,0.0
2014-05-14 01:19:00,88.167,0.0301029996659,1.0,0,0.0
2014-05-14 01:24:00,44.595,1.0,1.0,0,0.0
2014-05-14 01:29:00,56.282,0.0301029996659,1.0,0,0.0
2014-05-14 01:34:00,36.534,1.0,1.0,0,0.0
2014-05-14 01:39:00,36.894,0.0301029996659,1.0,0,0.0
2014-05-14 01:44:00,36.807,0.0301029996659,0.975000023842,0,0.0
2014-05-14 01:49:00,36.763,0.0301029996659,0.324999988079,0,0.0
2014-05-14 01:54:00,36.167,0.0301029996659,0.324999988079,0,0.0
2014-05-14 01:59:00,38.992,0.0301029996659,0.25,0,0.0
2014-05-14 02:04:00,49.724,0.0301029996659,0.574999988079,0,0.0
2014-05-14 02:09:00,39.939,0.0301029996659,0.949999988079,0,0.0
2014-05-14 02:14:00,37.058,0.0301029996659,0.125,0,0.0
2014-05-14 02:19:00,36.119,0.0301029996659,0.0500000007451,0,0.0
2014-05-14 02:24:00,36.339,0.0301029996659,0.0500000007451,0,0.0
2014-05-14 02:29:00,37.39,0.0301029996659,0.0250000003725,0,0.0
2014-05-14 02:34:00,36.156,0.0301029996659,0.0,0,0.0
2014-05-14 02:39:00,36.59,0.0301029996659,0.0,0,0.0
2014-05-14 02:44:00,36.624,0.0301029996659,0.0750000029802,0,0.0
2014-05-14 02:49:00,35.89,0.0301029996659,0.0750000029802,0,0.0
2014-05-14 02:54:00,36.398,0.0301029996659,0.0,0,0.0
2014-05-14 02:59:00,40.294,0.0301029996659,0.15000000596,0,0.0
2014-05-14 03:04:00,49.725,0.0301029996659,0.27500000596,0,0.0
2014-05-14 03:09:00,37.274,0.0301029996659,0.47499999404,0,0.0
2014-05-14 03:14:00,46.506,0.0301029996659,0.10000000149,0,0.0
2014-05-14 03:19:00,38.674,0.0301029996659,0.850000023842,0,0.0
2014-05-14 03:24:00,36.715,0.0301029996659,0.0,0,0.0
2014-05-14 03:29:00,50.673,0.0301029996659,0.375,0,0.0
2014-05-14 03:34:00,38.114,0.0301029996659,0.40000000596,0,0.0
2014-05-14 03:39:00,36.561,0.0301029996659,0.0750000029802,0,0.0
2014-05-14 03:44:00,40.321,0.0301029996659,0.20000000298,0,0.0
2014-05-14 03:49:00,37.425,0.0301029996659,0.0,0,0.0
2014-05-14 03:54:00,34.767,0.0301029996659,0.15000000596,0,0.0
2014-05-14 03:59:00,37.408,0.0301029996659,0.0250000003725,0,0.0
2014-05-14 04:04:00,71.106,0.0301029996659,0.649999976158,0,0.0
2014-05-14 04:09:00,33.43,0.0301029996659,1.0,0,0.0
2014-05-14 04:14:00,33.502,0.0301029996659,0.17499999702,0,0.0
2014-05-14 04:19:00,31.879,0.0301029996659,0.22499999404,0,0.0
2014-05-14 04:24:00,31.615,0.0301029996659,0.25,0,0.0
2014-05-14 04:29:00,33.388,0.0301029996659,0.22499999404,0,0.0
2014-05-14 04:34:00,32.013,0.0301029996659,0.10000000149,0,0.0
2014-05-14 04:39:00,32.003,0.0301029996659,0.0750000029802,0,0.0
2014-05-14 04:44:00,32.01,0.0301029996659,0.10000000149,0,0.0
2014-05-14 04:49:00,31.171,0.0301029996659,0.0750000029802,0,0.0
2014-05-14 04:54:00,30.835,0.0301029996659,0.20000000298,0,0.0
2014-05-14 04:59:00,34.006,0.0301029996659,0.10000000149,0,0.0
2014-05-14 05:04:00,45.126,0.0301029996659,0.34999999404,0,0.0
2014-05-14 05:09:00,32.162,0.0301029996659,0.20000000298,0,0.0
2014-05-14 05:14:00,32.514,0.0301029996659,0.0,0,0.0
2014-05-14 05:19:00,31.007,0.0301029996659,0.0750000029802,0,0.0
2014-05-14 05:24:00,31.099,0.0301029996659,0.0250000003725,0,0.0
2014-05-14 05:29:00,32.67,0.0301029996659,0.0250000003725,0,0.0
2014-05-14 05:34:00,30.672,0.0301029996659,0.0250000003725,0,0.0
2014-05-14 05:39:00,31.33,0.0301029996659,0.0250000003725,0,0.0
2014-05-14 05:44:00,32.277,0.0301029996659,0.0250000003725,0,0.0
2014-05-14 05:49:00,30.799,0.0301029996659,0.0250000003725,0,0.0
2014-05-14 05:54:00,31.156,0.0301029996659,0.0250000003725,0,0.0
2014-05-14 05:59:00,34.148,0.0301029996659,0.0250000003725,0,0.0
2014-05-14 06:04:00,44.669,0.0301029996659,0.0750000029802,0,0.0
2014-05-14 06:09:00,32.176,0.0301029996659,0.125,0,0.0
2014-05-14 06:14:00,33.629,0.0301029996659,0.0250000003725,0,0.0
2014-05-14 06:19:00,31.171,0.0301029996659,0.0,0,0.0
2014-05-14 06:24:00,31.556,0.0301029996659,0.0,0,0.0
2014-05-14 06:29:00,31.965,0.0301029996659,0.0500000007451,0,0.0
2014-05-14 06:34:00,31.221,0.0301029996659,0.0,0,0.0
2014-05-14 06:39:00,31.012,0.0301029996659,0.0,0,0.0
2014-05-14 06:44:00,32.176,0.0301029996659,0.0250000003725,0,0.0
2014-05-14 06:49:00,31.337,0.0301029996659,0.0,0,0.0
2014-05-14 06:54:00,31.116,0.0301029996659,0.0,0,0.0
2014-05-14 06:59:00,34.392,0.0301029996659,0.0,0,0.0
2014-05-14 07:04:00,44.619,0.0301029996659,0.22499999404,0,0.0
2014-05-14 07:09:00,32.618,0.0301029996659,0.0750000029802,0,0.0
2014-05-14 07:14:00,32.212,0.0301029996659,0.0250000003725,0,0.0
2014-05-14 07:19:00,30.588,0.0301029996659,0.0,0,0.0
2014-05-14 07:24:00,31.055,0.0301029996659,0.0250000003725,0,0.0
2014-05-14 07:29:00,32.333,0.0301029996659,0.0,0,0.0
2014-05-14 07:34:00,31.584,0.0301029996659,0.0250000003725,0,0.0
2014-05-14 07:39:00,30.873,0.0301029996659,0.0,0,0.0
2014-05-14 07:44:00,31.661,0.0301029996659,0.0250000003725,0,0.0
2014-05-14 07:49:00,31.126,0.0301029996659,0.0250000003725,0,0.0
2014-05-14 07:54:00,32.107,0.0301029996659,0.0250000003725,0,0.0
2014-05-14 07:59:00,34.29,0.0301029996659,0.0250000003725,0,0.0
2014-05-14 08:04:00,45.279,0.0301029996659,0.10000000149,0,0.0
2014-05-14 08:09:00,33.342,0.0301029996659,0.0250000003725,0,0.0
2014-05-14 08:14:00,32.206,0.0301029996659,0.0,0,0.0
2014-05-14 08:19:00,31.281,0.0301029996659,0.0,0,0.0
2014-05-14 08:24:00,31.877,0.0301029996659,0.0,0,0.0
2014-05-14 08:29:00,32.158,0.0301029996659,0.0,0,0.0
2014-05-14 08:34:00,29.992,0.0301029996659,0.0,0,0.0
2014-05-14 08:39:00,30.844,0.0301029996659,0.0,0,0.0
2014-05-14 08:44:00,32.819,0.0301029996659,0.0,0,0.0
2014-05-14 08:49:00,31.29,0.0301029996659,0.0,0,0.0
2014-05-14 08:54:00,31.83,0.0301029996659,0.0,0,0.0
2014-05-14 08:59:00,33.349,0.0301029996659,0.0,0,0.0
2014-05-14 09:04:00,45.502,0.0301029996659,0.17499999702,0,0.0
2014-05-14 09:09:00,32.16,0.0301029996659,0.17499999702,0,0.0
2014-05-14 09:14:00,32.251,0.0301029996659,0.0,0,0.0
2014-05-14 09:19:00,30.946,0.0301029996659,0.0250000003725,0,0.0
2014-05-14 09:24:00,31.825,0.0301029996659,0.0,0,0.0
2014-05-14 09:29:00,32.392,0.0301029996659,0.0,0,0.0
2014-05-14 09:34:00,32.28,0.0301029996659,0.0,0,0.0
2014-05-14 09:39:00,30.723,0.0301029996659,0.0250000003725,0,0.0
2014-05-14 09:44:00,32.666,0.0301029996659,0.0,0,0.0
2014-05-14 09:49:00,30.176,0.0301029996659,0.0250000003725,0,0.0
2014-05-14 09:54:00,30.954,0.0301029996659,0.0250000003725,0,0.0
2014-05-14 09:59:00,34.852,0.0301029996659,0.0250000003725,0,0.0
2014-05-14 10:04:00,44.688,0.0301029996659,0.300000011921,0,0.0
2014-05-14 10:09:00,32.009,0.0301029996659,0.0250000003725,0,0.0
2014-05-14 10:14:00,32.171,0.0301029996659,0.0,0,0.0
2014-05-14 10:19:00,31.163,0.0301029996659,0.0,0,0.0
2014-05-14 10:24:00,31.329,0.0301029996659,0.0,0,0.0
2014-05-14 10:29:00,32.509,0.0301029996659,0.0,0,0.0
2014-05-14 10:34:00,30.954,0.0301029996659,0.0250000003725,0,0.0
2014-05-14 10:39:00,31.17,0.0301029996659,0.0250000003725,0,0.0
2014-05-14 10:44:00,32.371,0.0301029996659,0.0250000003725,0,0.0
2014-05-14 10:49:00,30.817,0.0301029996659,0.0250000003725,0,0.0
2014-05-14 10:54:00,30.845,0.0301029996659,0.0250000003725,0,0.0
2014-05-14 10:59:00,34.356,0.0301029996659,0.0250000003725,0,0.0
2014-05-14 11:04:00,45.159,0.0301029996659,0.0500000007451,0,0.0
2014-05-14 11:09:00,32.178,0.0301029996659,0.10000000149,0,0.0
2014-05-14 11:14:00,33.103,0.0301029996659,0.0250000003725,0,0.0
2014-05-14 11:19:00,32.063,0.0301029996659,0.0,0,0.0
2014-05-14 11:24:00,31.384,0.0301029996659,0.0500000007451,0,0.0
2014-05-14 11:29:00,32.165,0.0301029996659,0.0,0,0.0
2014-05-14 11:34:00,30.826,0.0301029996659,0.0250000003725,0,0.0
2014-05-14 11:39:00,30.922,0.0301029996659,0.0500000007451,0,0.0
2014-05-14 11:44:00,32.548,0.0301029996659,0.0250000003725,0,0.0
2014-05-14 11:49:00,30.951,0.0301029996659,0.0500000007451,0,0.0
2014-05-14 11:54:00,30.653,0.0301029996659,0.0250000003725,0,0.0
2014-05-14 11:59:00,34.39,0.0301029996659,0.0,0,0.0
2014-05-14 12:04:00,45.659,0.0301029996659,0.300000011921,0,0.0
2014-05-14 12:09:00,32.224,0.0301029996659,0.17499999702,0,0.0
2014-05-14 12:14:00,32.283,0.0301029996659,0.0,0,0.0
2014-05-14 12:19:00,30.938,0.0301029996659,0.0250000003725,0,0.0
2014-05-14 12:24:00,30.923,0.0301029996659,0.0250000003725,0,0.0
2014-05-14 12:29:00,32.171,0.0301029996659,0.0,0,0.0
2014-05-14 12:34:00,30.951,0.0301029996659,0.0,0,0.0
2014-05-14 12:39:00,31.177,0.0301029996659,0.0250000003725,0,0.0
2014-05-14 12:44:00,32.437,0.0301029996659,0.0250000003725,0,0.0
2014-05-14 12:49:00,31.932,0.0301029996659,0.0250000003725,0,0.0
2014-05-14 12:54:00,32.006,0.0301029996659,0.0,0,0.0
2014-05-14 12:59:00,34.594,0.0301029996659,0.0,0,0.0
2014-05-14 13:04:00,45.219,0.0301029996659,0.34999999404,0,0.0
2014-05-14 13:09:00,35.945,0.0301029996659,0.324999988079,0,0.0
2014-05-14 13:14:00,33.713,0.0301029996659,0.0,0,0.0
2014-05-14 13:19:00,30.825,0.0301029996659,0.0250000003725,0,0.0
2014-05-14 13:24:00,31.103,0.0301029996659,0.0250000003725,0,0.0
2014-05-14 13:29:00,32.175,0.0301029996659,0.0,0,0.0
2014-05-14 13:34:00,31.057,0.0301029996659,0.0,0,0.0
2014-05-14 13:39:00,31.335,0.0301029996659,0.0,0,0.0
2014-05-14 13:44:00,33.162,0.0301029996659,0.0,0,0.0
2014-05-14 13:49:00,31.909,0.0301029996659,0.0,0,0.0
2014-05-14 13:54:00,30.551,0.0301029996659,0.0,0,0.0
2014-05-14 13:59:00,34.433,0.0301029996659,0.0,0,0.0
2014-05-14 14:04:00,44.505,0.0301029996659,0.20000000298,0,0.0
2014-05-14 14:09:00,45.328,0.0301029996659,0.550000011921,0,0.0
2014-05-14 14:14:00,32.013,0.0301029996659,0.27500000596,0,0.0
2014-05-14 14:19:00,31.394,0.0301029996659,0.0250000003725,0,0.0
2014-05-14 14:24:00,31.734,0.0301029996659,0.0250000003725,0,0.0
2014-05-14 14:29:00,33.181,0.0301029996659,0.0250000003725,0,0.0
2014-05-14 14:34:00,31.494,0.0301029996659,0.0,0,0.0
2014-05-14 14:39:00,31.66,0.0301029996659,0.0,0,0.0
2014-05-14 14:44:00,32.003,0.0301029996659,0.0250000003725,0,0.0
2014-05-14 14:49:00,31.166,0.0301029996659,0.0,0,0.0
2014-05-14 14:54:00,31.669,0.0301029996659,0.0,0,0.0
2014-05-14 14:59:00,32.762,0.0301029996659,0.0250000003725,0,0.0
2014-05-14 15:04:00,46.32,0.0301029996659,0.25,0,0.0
2014-05-14 15:09:00,35.429,0.0301029996659,0.25,0,0.0
2014-05-14 15:14:00,32.221,0.0301029996659,0.0250000003725,0,0.0
2014-05-14 15:19:00,32.28,0.0301029996659,0.0250000003725,0,0.0
2014-05-14 15:24:00,31.222,0.0301029996659,0.0,0,0.0
2014-05-14 15:29:00,32.509,0.0301029996659,0.0250000003725,0,0.0
2014-05-14 15:34:00,30.797,0.0301029996659,0.0250000003725,0,0.0
2014-05-14 15:39:00,31.581,0.0301029996659,0.0250000003725,0,0.0
2014-05-14 15:44:00,32.112,0.0301029996659,0.0,0,0.0
2014-05-14 15:49:00,31.122,0.0301029996659,0.0250000003725,0,0.0
2014-05-14 15:54:00,31.212,0.0301029996659,0.0250000003725,0,0.0
2014-05-14 15:59:00,34.734,0.0301029996659,0.0500000007451,0,0.0
2014-05-14 16:04:00,44.49,0.0301029996659,0.300000011921,0,0.0
2014-05-14 16:09:00,41.0,0.0301029996659,0.425000011921,0,0.0
2014-05-14 16:14:00,31.496,0.0301029996659,0.0,0,0.0
2014-05-14 16:19:00,31.553,0.0301029996659,0.0,0,0.0
2014-05-14 16:24:00,31.166,0.0301029996659,0.0250000003725,0,0.0
2014-05-14 16:29:00,32.455,0.0301029996659,0.0,0,0.0
2014-05-14 16:34:00,30.535,0.0301029996659,0.0,0,0.0
2014-05-14 16:39:00,31.826,0.0301029996659,0.0,0,0.0
2014-05-14 16:44:00,32.312,0.0301029996659,0.0,0,0.0
2014-05-14 16:49:00,30.82,0.0301029996659,0.0,0,0.0
2014-05-14 16:54:00,30.946,0.0301029996659,0.0250000003725,0,0.0
2014-05-14 16:59:00,34.171,0.0301029996659,0.0250000003725,0,0.0
2014-05-14 17:04:00,45.219,0.0301029996659,0.10000000149,0,0.0
2014-05-14 17:09:00,38.78,0.0301029996659,0.0750000029802,0,0.0
2014-05-14 17:14:00,32.613,0.0301029996659,0.0,0,0.0
2014-05-14 17:19:00,31.562,0.0301029996659,0.0,0,0.0
2014-05-14 17:24:00,30.836,0.0301029996659,0.0500000007451,0,0.0
2014-05-14 17:29:00,32.211,0.0301029996659,0.0250000003725,0,0.0
2014-05-14 17:34:00,30.619,0.0301029996659,0.0500000007451,0,0.0
2014-05-14 17:39:00,32.385,0.0301029996659,0.0250000003725,0,0.0
2014-05-14 17:44:00,32.828,0.0301029996659,0.0250000003725,0,0.0
2014-05-14 17:49:00,31.612,0.0301029996659,0.0250000003725,0,0.0
2014-05-14 17:54:00,31.163,0.0301029996659,0.0,0,0.0
2014-05-14 17:59:00,34.643,0.0301029996659,0.0250000003725,0,0.0
2014-05-14 18:04:00,44.823,0.0301029996659,0.0750000029802,0,0.0
2014-05-14 18:09:00,38.43,0.0301029996659,0.375,0,0.0
2014-05-14 18:14:00,32.661,0.0301029996659,0.0500000007451,0,0.0
2014-05-14 18:19:00,31.057,0.0301029996659,0.0500000007451,0,0.0
2014-05-14 18:24:00,31.666,0.0301029996659,0.0500000007451,0,0.0
2014-05-14 18:29:00,32.361,0.0301029996659,0.0500000007451,0,0.0
2014-05-14 18:34:00,31.67,0.0301029996659,0.0500000007451,0,0.0
2014-05-14 18:39:00,31.45,0.0301029996659,0.0500000007451,0,0.0
2014-05-14 18:44:00,32.817,0.0301029996659,0.0500000007451,0,0.0
2014-05-14 18:49:00,31.05,0.0301029996659,0.10000000149,0,0.0
2014-05-14 18:54:00,30.489,0.0301029996659,0.10000000149,0,0.0
2014-05-14 18:59:00,34.646,0.0301029996659,0.0500000007451,0,0.0
2014-05-14 19:04:00,45.335,0.0301029996659,0.34999999404,0,0.0
2014-05-14 19:09:00,32.766,0.0301029996659,0.425000011921,0,0.0
2014-05-14 19:14:00,32.998,0.0301029996659,0.0,0,0.0
2014-05-14 19:19:00,30.88,0.0301029996659,0.0250000003725,0,0.0
2014-05-14 19:24:00,32.12,0.0301029996659,0.0500000007451,0,0.0
2014-05-14 19:29:00,33.165,0.0301029996659,0.0250000003725,0,0.0
2014-05-14 19:34:00,31.006,0.0301029996659,0.0250000003725,0,0.0
2014-05-14 19:39:00,30.772,0.0301029996659,0.0250000003725,0,0.0
2014-05-14 19:44:00,32.291,0.0301029996659,0.0250000003725,0,0.0
2014-05-14 19:49:00,30.951,0.0301029996659,0.0500000007451,0,0.0
2014-05-14 19:54:00,30.837,0.0301029996659,0.0500000007451,0,0.0
2014-05-14 19:59:00,34.418,0.0301029996659,0.0750000029802,0,0.0
2014-05-14 20:04:00,45.667,0.0301029996659,0.25,0,0.0
2014-05-14 20:09:00,39.218,0.0301029996659,0.449999988079,0,0.0
2014-05-14 20:14:00,33.25,0.0301029996659,0.0250000003725,0,0.0
2014-05-14 20:19:00,30.663,0.0301029996659,0.0250000003725,0,0.0
2014-05-14 20:24:00,31.446,0.0301029996659,0.0250000003725,0,0.0
2014-05-14 20:29:00,32.661,0.0301029996659,0.0500000007451,0,0.0
2014-05-14 20:34:00,31.344,0.0301029996659,0.0750000029802,0,0.0
2014-05-14 20:39:00,31.219,0.0301029996659,0.0750000029802,0,0.0
2014-05-14 20:44:00,31.981,0.0301029996659,0.0750000029802,0,0.0
2014-05-14 20:49:00,31.341,0.0301029996659,0.0250000003725,0,0.0
2014-05-14 20:54:00,30.768,0.0301029996659,0.0500000007451,0,0.0
2014-05-14 20:59:00,34.685,0.0301029996659,0.0750000029802,0,0.0
2014-05-14 21:04:00,45.887,0.0301029996659,0.20000000298,0,0.0
2014-05-14 21:09:00,46.336,0.0301029996659,0.34999999404,0,0.0
2014-05-14 21:14:00,73.229,0.0301029996659,0.675000011921,0,0.0
2014-05-14 21:19:00,59.539,0.0301029996659,1.0,0,0.0
2014-05-14 21:24:00,30.318,0.0301029996659,0.925000011921,0,0.0
2014-05-14 21:29:00,33.28,0.0301029996659,0.0,0,0.0
2014-05-14 21:34:00,30.737,0.0301029996659,0.0,0,0.0
2014-05-14 21:39:00,31.108,0.0301029996659,0.0,0,0.0
2014-05-14 21:44:00,32.318,0.0301029996659,0.0,0,0.0
2014-05-14 21:49:00,31.331,0.0301029996659,0.0,0,0.0
2014-05-14 21:54:00,31.118,0.0301029996659,0.0250000003725,0,0.0
2014-05-14 21:59:00,35.356,0.0301029996659,0.0,0,0.0
2014-05-14 22:04:00,44.834,0.0301029996659,0.125,0,0.0
2014-05-14 22:09:00,52.944,0.0301029996659,0.550000011921,0,0.0
2014-05-14 22:14:00,32.559,0.0301029996659,1.0,0,0.0
2014-05-14 22:19:00,30.997,0.0301029996659,0.0,0,0.0
2014-05-14 22:24:00,31.496,0.0301029996659,0.0,0,0.0
2014-05-14 22:29:00,32.499,0.0301029996659,0.0,0,0.0
2014-05-14 22:34:00,31.22,0.0301029996659,0.0,0,0.0
2014-05-14 22:39:00,31.797,0.0301029996659,0.0,0,0.0
2014-05-14 22:44:00,32.775,0.0301029996659,0.0,0,0.0
2014-05-14 22:49:00,31.5,0.0301029996659,0.0,0,0.0
2014-05-14 22:54:00,31.154,0.0301029996659,0.0,0,0.0
2014-05-14 22:59:00,34.136,0.0301029996659,0.0,0,0.0
2014-05-14 23:04:00,45.054,0.0301029996659,0.25,0,0.0
2014-05-14 23:09:00,51.543,0.0301029996659,0.425000011921,0,0.0
2014-05-14 23:14:00,32.596,0.0301029996659,0.449999988079,0,0.0
2014-05-14 23:19:00,31.829,0.0301029996659,0.0,0,0.0
2014-05-14 23:24:00,31.333,0.0301029996659,0.0,0,0.0
2014-05-14 23:29:00,32.659,0.0301029996659,0.0,0,0.0
2014-05-14 23:34:00,31.003,0.0301029996659,0.0,0,0.0
2014-05-14 23:39:00,31.054,0.0301029996659,0.0,0,0.0
2014-05-14 23:44:00,32.939,0.0301029996659,0.0,0,0.0
2014-05-14 23:49:00,31.002,0.0301029996659,0.0,0,0.0
2014-05-14 23:54:00,30.548,0.0301029996659,0.0,0,0.0
2014-05-14 23:59:00,33.903,0.0301029996659,0.0,0,0.0
2014-05-15 00:04:00,45.728,0.0301029996659,0.25,0,0.0
2014-05-15 00:09:00,45.336,0.0301029996659,0.22499999404,0,0.0
2014-05-15 00:14:00,33.727,0.0301029996659,0.0,0,0.0
2014-05-15 00:19:00,31.118,0.0301029996659,0.0,0,0.0
2014-05-15 00:24:00,31.422,0.0301029996659,0.0,0,0.0
2014-05-15 00:29:00,32.702,0.0301029996659,0.0,0,0.0
2014-05-15 00:34:00,31.058,0.0301029996659,0.0,0,0.0
2014-05-15 00:39:00,31.159,0.0301029996659,0.0,0,0.0
2014-05-15 00:44:00,31.944,0.0301029996659,0.0,0,0.0
2014-05-15 00:49:00,30.999,0.0301029996659,0.0500000007451,0,0.0
2014-05-15 00:54:00,30.994,0.0301029996659,0.0250000003725,0,0.0
2014-05-15 00:59:00,34.617,0.0301029996659,0.0,0,0.0
2014-05-15 01:04:00,44.549,0.0301029996659,0.20000000298,0,0.0
2014-05-15 01:09:00,46.977,0.0301029996659,0.22499999404,0,0.0
2014-05-15 01:14:00,31.631,0.0301029996659,0.0,0,0.0
2014-05-15 01:19:00,31.178,0.0301029996659,0.0,0,0.0
2014-05-15 01:24:00,31.994,0.0301029996659,0.0,0,0.0
2014-05-15 01:29:00,31.52,0.0301029996659,0.0,0,0.0
2014-05-15 01:34:00,31.325,0.0301029996659,0.0,0,0.0
2014-05-15 01:39:00,30.619,0.0301029996659,0.0,0,0.0
2014-05-15 01:44:00,32.233,0.0301029996659,0.0,0,0.0
2014-05-15 01:49:00,30.815,0.0301029996659,0.0,0,0.0
2014-05-15 01:54:00,31.669,0.0301029996659,0.0500000007451,0,0.0
2014-05-15 01:59:00,34.379,0.0301029996659,0.0,0,0.0
2014-05-15 02:04:00,45.275,0.0301029996659,0.0250000003725,0,0.0
2014-05-15 02:09:00,46.336,0.0301029996659,0.17499999702,0,0.0
2014-05-15 02:14:00,33.153,0.0301029996659,0.0,0,0.0
2014-05-15 02:19:00,30.99,0.0301029996659,0.0,0,0.0
2014-05-15 02:24:00,30.171,0.0301029996659,0.0,0,0.0
2014-05-15 02:29:00,32.054,0.0301029996659,0.0,0,0.0
2014-05-15 02:34:00,31.122,0.0301029996659,0.0,0,0.0
2014-05-15 02:39:00,31.337,0.0301029996659,0.0,0,0.0
2014-05-15 02:44:00,32.217,0.0301029996659,0.0,0,0.0
2014-05-15 02:49:00,30.959,0.0301029996659,0.0,0,0.0
2014-05-15 02:54:00,30.834,0.0301029996659,0.0,0,0.0
2014-05-15 02:59:00,34.162,0.0301029996659,0.0,0,0.0
2014-05-15 03:04:00,45.164,0.0301029996659,0.0,0,0.0
2014-05-15 03:09:00,45.327,0.0301029996659,0.15000000596,0,0.0
2014-05-15 03:14:00,32.502,0.0301029996659,0.0,0,0.0
2014-05-15 03:19:00,34.973,0.0301029996659,0.0,0,0.0
2014-05-15 03:24:00,31.362,0.0301029996659,0.0,0,0.0
2014-05-15 03:29:00,33.404,0.0301029996659,0.0,0,0.0
2014-05-15 03:34:00,35.722,0.0301029996659,0.0,0,0.0
2014-05-15 03:39:00,31.953,0.0301029996659,0.0,0,0.0
2014-05-15 03:44:00,32.831,0.0301029996659,0.0,0,0.0
2014-05-15 03:49:00,32.171,0.0301029996659,0.0,0,0.0
2014-05-15 03:54:00,30.22,0.0301029996659,0.0,0,0.0
2014-05-15 03:59:00,34.107,0.0301029996659,0.0,0,0.0
2014-05-15 04:04:00,45.504,0.0301029996659,0.125,0,0.0
2014-05-15 04:09:00,46.058,0.0301029996659,0.0500000007451,0,0.0
2014-05-15 04:14:00,32.714,0.0301029996659,0.0,0,0.0
2014-05-15 04:19:00,30.836,0.0301029996659,0.0,0,0.0
2014-05-15 04:24:00,32.002,0.0301029996659,0.0,0,0.0
2014-05-15 04:29:00,31.298,0.0301029996659,0.0,0,0.0
2014-05-15 04:34:00,31.668,0.0301029996659,0.0,0,0.0
2014-05-15 04:39:00,31.221,0.0301029996659,0.0,0,0.0
2014-05-15 04:44:00,32.077,0.0301029996659,0.0,0,0.0
2014-05-15 04:49:00,31.172,0.0301029996659,0.0,0,0.0
2014-05-15 04:54:00,30.717,0.0301029996659,0.0,0,0.0
2014-05-15 04:59:00,33.796,0.0301029996659,0.0,0,0.0
2014-05-15 05:04:00,45.172,0.0301029996659,0.125,0,0.0
2014-05-15 05:09:00,45.991,0.0301029996659,0.0750000029802,0,0.0
2014-05-15 05:14:00,32.718,0.0301029996659,0.0,0,0.0
2014-05-15 05:19:00,31.092,0.0301029996659,0.0,0,0.0
2014-05-15 05:24:00,31.489,0.0301029996659,0.0,0,0.0
2014-05-15 05:29:00,32.99,0.0301029996659,0.0,0,0.0
2014-05-15 05:34:00,30.278,0.0301029996659,0.0,0,0.0
2014-05-15 05:39:00,30.72,0.0301029996659,0.0,0,0.0
2014-05-15 05:44:00,32.328,0.0301029996659,0.0,0,0.0
2014-05-15 05:49:00,31.106,0.0301029996659,0.0,0,0.0
2014-05-15 05:54:00,30.217,0.0301029996659,0.0,0,0.0
2014-05-15 05:59:00,34.331,0.0301029996659,0.0,0,0.0
2014-05-15 06:04:00,45.168,0.0301029996659,0.125,0,0.0
2014-05-15 06:09:00,45.382,0.0301029996659,0.0500000007451,0,0.0
2014-05-15 06:14:00,32.849,0.0301029996659,0.0,0,0.0
2014-05-15 06:19:00,32.151,0.0301029996659,0.0,0,0.0
2014-05-15 06:24:00,30.601,0.0301029996659,0.0,0,0.0
2014-05-15 06:29:00,31.337,0.0301029996659,0.0,0,0.0
2014-05-15 06:34:00,31.203,0.0301029996659,0.0,0,0.0
2014-05-15 06:39:00,30.823,0.0301029996659,0.0,0,0.0
2014-05-15 06:44:00,32.036,0.0301029996659,0.0,0,0.0
2014-05-15 06:49:00,31.901,0.0301029996659,0.0,0,0.0
2014-05-15 06:54:00,31.891,0.0301029996659,0.0,0,0.0
2014-05-15 06:59:00,33.624,0.0301029996659,0.0,0,0.0
2014-05-15 07:04:00,46.052,0.0301029996659,0.125,0,0.0
2014-05-15 07:09:00,46.284,0.0301029996659,0.0750000029802,0,0.0
2014-05-15 07:14:00,32.204,0.0301029996659,0.0,0,0.0
2014-05-15 07:19:00,30.946,0.0301029996659,0.0,0,0.0
2014-05-15 07:24:00,31.988,0.0301029996659,0.0,0,0.0
2014-05-15 07:29:00,31.388,0.0301029996659,0.0,0,0.0
2014-05-15 07:34:00,31.79,0.0301029996659,0.0,0,0.0
2014-05-15 07:39:00,30.05,0.0301029996659,0.0,0,0.0
2014-05-15 07:44:00,32.216,0.0301029996659,0.0,0,0.0
2014-05-15 07:49:00,30.939,0.0301029996659,0.0,0,0.0
2014-05-15 07:54:00,31.102,0.0301029996659,0.0,0,0.0
2014-05-15 07:59:00,35.182,0.0301029996659,0.0,0,0.0
2014-05-15 08:04:00,45.0,0.0301029996659,0.0250000003725,0,0.0
2014-05-15 08:09:00,46.108,0.0301029996659,0.125,0,0.0
2014-05-15 08:14:00,32.115,0.0301029996659,0.0,0,0.0
2014-05-15 08:19:00,31.054,0.0301029996659,0.0,0,0.0
2014-05-15 08:24:00,31.053,0.0301029996659,0.0,0,0.0
2014-05-15 08:29:00,32.733,0.0301029996659,0.0,0,0.0
2014-05-15 08:34:00,31.22,0.0301029996659,0.0,0,0.0
2014-05-15 08:39:00,30.879,0.0301029996659,0.0,0,0.0
2014-05-15 08:44:00,32.622,0.0301029996659,0.0,0,0.0
2014-05-15 08:49:00,30.834,0.0301029996659,0.0,0,0.0
2014-05-15 08:54:00,30.493,0.0301029996659,0.0,0,0.0
2014-05-15 08:59:00,33.628,0.0301029996659,0.0,0,0.0
2014-05-15 09:04:00,45.715,0.0301029996659,0.125,0,0.0
2014-05-15 09:09:00,45.609,0.0301029996659,0.15000000596,0,0.0
2014-05-15 09:14:00,32.219,0.0301029996659,0.0,0,0.0
2014-05-15 09:19:00,31.169,0.0301029996659,0.0,0,0.0
2014-05-15 09:24:00,30.992,0.0301029996659,0.0,0,0.0
2014-05-15 09:29:00,33.115,0.0301029996659,0.0,0,0.0
2014-05-15 09:34:00,30.554,0.0301029996659,0.0,0,0.0
2014-05-15 09:39:00,30.95,0.0301029996659,0.0,0,0.0
2014-05-15 09:44:00,33.498,0.0301029996659,0.0,0,0.0
2014-05-15 09:49:00,30.218,0.0301029996659,0.0,0,0.0
2014-05-15 09:54:00,31.344,0.0301029996659,0.0,0,0.0
2014-05-15 09:59:00,32.772,0.0301029996659,0.0,0,0.0
2014-05-15 10:04:00,45.385,0.0301029996659,0.10000000149,0,0.0
2014-05-15 10:09:00,58.781,0.0301029996659,0.524999976158,0,0.0
2014-05-15 10:14:00,31.795,0.0301029996659,0.975000023842,0,0.0
2014-05-15 10:19:00,31.162,0.0301029996659,0.0,0,0.0
2014-05-15 10:24:00,32.064,0.0301029996659,0.0,0,0.0
2014-05-15 10:29:00,31.882,0.0301029996659,0.0,0,0.0
2014-05-15 10:34:00,31.449,0.0301029996659,0.0,0,0.0
2014-05-15 10:39:00,30.619,0.0301029996659,0.0,0,0.0
2014-05-15 10:44:00,32.026,0.0301029996659,0.0,0,0.0
2014-05-15 10:49:00,31.335,0.0301029996659,0.0,0,0.0
2014-05-15 10:54:00,30.672,0.0301029996659,0.0,0,0.0
2014-05-15 10:59:00,34.0,0.0301029996659,0.0,0,0.0
2014-05-15 11:04:00,45.662,0.0301029996659,0.0,0,0.0
2014-05-15 11:09:00,53.103,0.0301029996659,0.25,0,0.0
2014-05-15 11:14:00,32.167,0.0301029996659,0.15000000596,0,0.0
2014-05-15 11:19:00,31.162,0.0301029996659,0.0,0,0.0
2014-05-15 11:24:00,31.944,0.0301029996659,0.0,0,0.0
2014-05-15 11:29:00,31.879,0.0301029996659,0.0,0,0.0
2014-05-15 11:34:00,31.83,0.0301029996659,0.0250000003725,0,0.0
2014-05-15 11:39:00,29.784,0.0301029996659,0.0,0,0.0
2014-05-15 11:44:00,33.22,0.0301029996659,0.0,0,0.0
2014-05-15 11:49:00,31.169,0.0301029996659,0.0250000003725,0,0.0
2014-05-15 11:54:00,31.114,0.0301029996659,0.0,0,0.0
2014-05-15 11:59:00,34.142,0.0301029996659,0.0,0,0.0
2014-05-15 12:04:00,44.934,0.0301029996659,0.0250000003725,0,0.0
2014-05-15 12:09:00,45.67,0.0301029996659,0.0,0,0.0
2014-05-15 12:14:00,32.169,0.0301029996659,0.0,0,0.0
2014-05-15 12:19:00,30.775,0.0301029996659,0.0,0,0.0
2014-05-15 12:24:00,31.355,0.0301029996659,0.0250000003725,0,0.0
2014-05-15 12:29:00,32.454,0.0301029996659,0.0250000003725,0,0.0
2014-05-15 12:34:00,31.166,0.0301029996659,0.0250000003725,0,0.0
2014-05-15 12:39:00,30.725,0.0301029996659,0.0,0,0.0
2014-05-15 12:44:00,32.33,0.0301029996659,0.0,0,0.0
2014-05-15 12:49:00,31.391,0.0301029996659,0.0250000003725,0,0.0
2014-05-15 12:54:00,31.447,0.0301029996659,0.0250000003725,0,0.0
2014-05-15 12:59:00,33.991,0.0301029996659,0.0,0,0.0
2014-05-15 13:04:00,45.598,0.0301029996659,0.10000000149,0,0.0
2014-05-15 13:09:00,45.782,0.0301029996659,0.0750000029802,0,0.0
2014-05-15 13:14:00,32.831,0.0301029996659,0.0250000003725,0,0.0
2014-05-15 13:19:00,31.337,0.0301029996659,0.0250000003725,0,0.0
2014-05-15 13:24:00,31.767,0.0301029996659,0.0,0,0.0
2014-05-15 13:29:00,32.467,0.0301029996659,0.0,0,0.0
2014-05-15 13:34:00,30.994,0.0301029996659,0.0,0,0.0
2014-05-15 13:39:00,31.288,0.0301029996659,0.0,0,0.0
2014-05-15 13:44:00,32.055,0.0301029996659,0.0,0,0.0
2014-05-15 13:49:00,30.999,0.0301029996659,0.0,0,0.0
2014-05-15 13:54:00,30.794,0.0301029996659,0.0,0,0.0
2014-05-15 13:59:00,34.055,0.0301029996659,0.0,0,0.0
2014-05-15 14:04:00,44.78,0.0301029996659,0.125,0,0.0
2014-05-15 14:09:00,45.779,0.0301029996659,0.10000000149,0,0.0
2014-05-15 14:14:00,32.979,0.0301029996659,0.0,0,0.0
2014-05-15 14:19:00,32.043,0.0301029996659,0.0,0,0.0
2014-05-15 14:24:00,30.002,0.0301029996659,0.0,0,0.0
2014-05-15 14:29:00,33.601,0.0301029996659,0.0,0,0.0
2014-05-15 14:34:00,30.861,0.0301029996659,0.0,0,0.0
2014-05-15 14:39:00,31.165,0.0301029996659,0.0,0,0.0
2014-05-15 14:44:00,31.68,0.0301029996659,0.0,0,0.0
2014-05-15 14:49:00,31.117,0.0301029996659,0.0,0,0.0
2014-05-15 14:54:00,30.549,0.0301029996659,0.0,0,0.0
2014-05-15 14:59:00,34.003,0.0301029996659,0.0,0,0.0
2014-05-15 15:04:00,45.113,0.0301029996659,0.0,0,0.0
2014-05-15 15:09:00,45.467,0.0301029996659,0.0250000003725,0,0.0
2014-05-15 15:14:00,32.342,0.0301029996659,0.0,0,0.0
2014-05-15 15:19:00,31.647,0.0301029996659,0.0,0,0.0
2014-05-15 15:24:00,31.784,0.0301029996659,0.0,0,0.0
2014-05-15 15:29:00,32.483,0.0301029996659,0.0,0,0.0
2014-05-15 15:34:00,30.889,0.0301029996659,0.0,0,0.0
2014-05-15 15:39:00,31.311,0.0301029996659,0.0250000003725,0,0.0
2014-05-15 15:44:00,31.958,0.0301029996659,0.0,0,0.0
2014-05-15 15:49:00,31.213,0.0301029996659,0.0,0,0.0
2014-05-15 15:54:00,31.78,0.0301029996659,0.0,0,0.0
2014-05-15 15:59:00,34.55,0.0301029996659,0.0,0,0.0
2014-05-15 16:04:00,45.834,0.0301029996659,0.0750000029802,0,0.0
2014-05-15 16:09:00,46.287,0.0301029996659,0.17499999702,0,0.0
2014-05-15 16:14:00,32.389,0.0301029996659,0.0,0,0.0
2014-05-15 16:19:00,31.772,0.0301029996659,0.0,0,0.0
2014-05-15 16:24:00,32.29,0.0301029996659,0.0,0,0.0
2014-05-15 16:29:00,31.597,0.0301029996659,0.0,0,0.0
2014-05-15 16:34:00,31.09,0.0301029996659,0.0,0,0.0
2014-05-15 16:39:00,31.727,0.0301029996659,0.0,0,0.0
2014-05-15 16:44:00,33.497,0.0301029996659,0.0,0,0.0
2014-05-15 16:49:00,31.001,0.0301029996659,0.0,0,0.0
2014-05-15 16:54:00,30.601,0.0301029996659,0.0,0,0.0
2014-05-15 16:59:00,34.442,0.0301029996659,0.0,0,0.0
2014-05-15 17:04:00,45.666,0.0301029996659,0.0750000029802,0,0.0
2014-05-15 17:09:00,46.72,0.0301029996659,0.0500000007451,0,0.0
2014-05-15 17:14:00,31.379,0.0301029996659,0.0,0,0.0
2014-05-15 17:19:00,31.762,0.0301029996659,0.0,0,0.0
2014-05-15 17:24:00,30.336,0.0301029996659,0.0,0,0.0
2014-05-15 17:29:00,72.835,0.0301029996659,0.550000011921,0,0.0
2014-05-15 17:34:00,58.72,0.0301029996659,1.0,0,0.0
2014-05-15 17:39:00,31.011,0.0301029996659,0.0,0,0.0
2014-05-15 17:44:00,33.171,0.0301029996659,0.10000000149,0,0.0
2014-05-15 17:49:00,31.165,0.0301029996659,0.0,0,0.0
2014-05-15 17:54:00,31.79,0.0301029996659,0.0,0,0.0
2014-05-15 17:59:00,34.218,0.0301029996659,0.0,0,0.0
2014-05-15 18:04:00,44.998,0.0301029996659,0.125,0,0.0
2014-05-15 18:09:00,52.168,0.0301029996659,0.324999988079,0,0.0
2014-05-15 18:14:00,33.273,0.0301029996659,0.0750000029802,0,0.0
2014-05-15 18:19:00,31.878,0.0301029996659,0.0,0,0.0
2014-05-15 18:24:00,31.286,0.0301029996659,0.0,0,0.0
2014-05-15 18:29:00,32.44,0.0301029996659,0.0,0,0.0
2014-05-15 18:34:00,30.936,0.0301029996659,0.0,0,0.0
2014-05-15 18:39:00,31.999,0.0301029996659,0.0,0,0.0
2014-05-15 18:44:00,32.7,0.0301029996659,0.0,0,0.0
2014-05-15 18:49:00,31.563,0.0301029996659,0.0,0,0.0
2014-05-15 18:54:00,30.988,0.0301029996659,0.0,0,0.0
2014-05-15 18:59:00,33.689,0.0301029996659,0.0,0,0.0
2014-05-15 19:04:00,45.665,0.0301029996659,0.0750000029802,0,0.0
2014-05-15 19:09:00,52.506,0.0301029996659,0.425000011921,0,0.0
2014-05-15 19:14:00,32.95,0.0301029996659,0.40000000596,0,0.0
2014-05-15 19:19:00,31.196,0.0301029996659,0.0,0,0.0
2014-05-15 19:24:00,31.118,0.0301029996659,0.0,0,0.0
2014-05-15 19:29:00,32.725,0.0301029996659,0.0,0,0.0
2014-05-15 19:34:00,31.036,0.0301029996659,0.0,0,0.0
2014-05-15 19:39:00,31.27,0.0301029996659,0.0,0,0.0
2014-05-15 19:44:00,32.32,0.0301029996659,0.0,0,0.0
2014-05-15 19:49:00,30.767,0.0301029996659,0.0,0,0.0
2014-05-15 19:54:00,31.56,0.0301029996659,0.0,0,0.0
2014-05-15 19:59:00,34.722,0.0301029996659,0.0,0,0.0
2014-05-15 20:04:00,45.603,0.0301029996659,0.0750000029802,0,0.0
2014-05-15 20:09:00,58.679,0.0301029996659,0.375,0,0.0
2014-05-15 20:14:00,32.99,0.0301029996659,0.675000011921,0,0.0
2014-05-15 20:19:00,31.047,0.0301029996659,0.0,0,0.0
2014-05-15 20:24:00,30.981,0.0301029996659,0.0,0,0.0
2014-05-15 20:29:00,32.355,0.0301029996659,0.0,0,0.0
2014-05-15 20:34:00,30.839,0.0301029996659,0.0,0,0.0
2014-05-15 20:39:00,30.779,0.0301029996659,0.0,0,0.0
2014-05-15 20:44:00,32.003,0.0301029996659,0.0,0,0.0
2014-05-15 20:49:00,31.0,0.0301029996659,0.0,0,0.0
2014-05-15 20:54:00,30.72,0.0301029996659,0.0,0,0.0
2014-05-15 20:59:00,33.63,0.0301029996659,0.0,0,0.0
2014-05-15 21:04:00,46.457,0.0301029996659,0.10000000149,0,0.0
2014-05-15 21:09:00,51.612,0.0301029996659,0.10000000149,0,0.0
2014-05-15 21:14:00,32.574,0.0301029996659,0.0500000007451,0,0.0
2014-05-15 21:19:00,31.004,0.0301029996659,0.0,0,0.0
2014-05-15 21:24:00,30.829,0.0301029996659,0.0,0,0.0
2014-05-15 21:29:00,32.446,0.0301029996659,0.0,0,0.0
2014-05-15 21:34:00,31.898,0.0301029996659,0.0,0,0.0
2014-05-15 21:39:00,31.831,0.0301029996659,0.0,0,0.0
2014-05-15 21:44:00,32.96,0.0301029996659,0.0,0,0.0
2014-05-15 21:49:00,29.871,0.0301029996659,0.0,0,0.0
2014-05-15 21:54:00,31.163,0.0301029996659,0.0,0,0.0
2014-05-15 21:59:00,34.176,0.0301029996659,0.0,0,0.0
2014-05-15 22:04:00,45.006,0.0301029996659,0.0250000003725,0,0.0
2014-05-15 22:09:00,59.06,0.0301029996659,0.5,0,0.0
2014-05-15 22:14:00,32.391,0.0301029996659,0.925000011921,0,0.0
2014-05-15 22:19:00,31.281,0.0301029996659,0.0,0,0.0
2014-05-15 22:24:00,30.886,0.0301029996659,0.0,0,0.0
2014-05-15 22:29:00,32.342,0.0301029996659,0.0,0,0.0
2014-05-15 22:34:00,30.835,0.0301029996659,0.0,0,0.0
2014-05-15 22:39:00,30.887,0.0301029996659,0.0,0,0.0
2014-05-15 22:44:00,32.224,0.0301029996659,0.0,0,0.0
2014-05-15 22:49:00,30.83,0.0301029996659,0.0,0,0.0
2014-05-15 22:54:00,30.882,0.0301029996659,0.0,0,0.0
2014-05-15 22:59:00,34.163,0.0301029996659,0.0,0,0.0
2014-05-15 23:04:00,45.002,0.0301029996659,0.0250000003725,0,0.0
2014-05-15 23:09:00,56.328,0.0301029996659,0.0750000029802,0,0.0
2014-05-15 23:14:00,33.35,0.0301029996659,0.0,0,0.0
2014-05-15 23:19:00,31.716,0.0301029996659,0.0,0,0.0
2014-05-15 23:24:00,31.45,0.0301029996659,0.0,0,0.0
2014-05-15 23:29:00,31.872,0.0301029996659,0.0,0,0.0
2014-05-15 23:34:00,30.941,0.0301029996659,0.0,0,0.0
2014-05-15 23:39:00,31.224,0.0301029996659,0.0,0,0.0
2014-05-15 23:44:00,32.291,0.0301029996659,0.0,0,0.0
2014-05-15 23:49:00,30.719,0.0301029996659,0.0,0,0.0
2014-05-15 23:54:00,30.955,0.0301029996659,0.0,0,0.0
2014-05-15 23:59:00,33.16,0.0301029996659,0.0,0,0.0
2014-05-16 00:04:00,46.17,0.0301029996659,0.0,0,0.0
2014-05-16 00:09:00,51.72,0.0301029996659,0.0,0,0.0
2014-05-16 00:14:00,32.644,0.0301029996659,0.0250000003725,0,0.0
2014-05-16 00:19:00,31.332,0.0301029996659,0.0,0,0.0
2014-05-16 00:24:00,31.009,0.0301029996659,0.0,0,0.0
2014-05-16 00:29:00,32.501,0.0301029996659,0.0,0,0.0
2014-05-16 00:34:00,30.788,0.0301029996659,0.0,0,0.0
2014-05-16 00:39:00,31.269,0.0301029996659,0.0,0,0.0
2014-05-16 00:44:00,31.789,0.0301029996659,0.0,0,0.0
2014-05-16 00:49:00,32.287,0.0301029996659,0.0,0,0.0
2014-05-16 00:54:00,30.703,0.0301029996659,0.0,0,0.0
2014-05-16 00:59:00,34.101,0.0301029996659,0.0,0,0.0
2014-05-16 01:04:00,45.219,0.0301029996659,0.0,0,0.0
2014-05-16 01:09:00,58.719,0.0301029996659,0.0750000029802,0,0.0
2014-05-16 01:14:00,33.112,0.0301029996659,0.0,0,0.0
2014-05-16 01:19:00,32.33,0.0301029996659,0.0,0,0.0
2014-05-16 01:24:00,30.633,0.0301029996659,0.0,0,0.0
2014-05-16 01:29:00,32.38,0.0301029996659,0.0,0,0.0
2014-05-16 01:34:00,30.828,0.0301029996659,0.0,0,0.0
2014-05-16 01:39:00,30.884,0.0301029996659,0.0,0,0.0
2014-05-16 01:44:00,32.05,0.0301029996659,0.0,0,0.0
2014-05-16 01:49:00,31.049,0.0301029996659,0.0,0,0.0
2014-05-16 01:54:00,31.998,0.0301029996659,0.0,0,0.0
2014-05-16 01:59:00,33.648,0.0301029996659,0.0,0,0.0
2014-05-16 02:04:00,44.816,0.0301029996659,0.0,0,0.0
2014-05-16 02:09:00,58.171,0.0301029996659,0.125,0,0.0
2014-05-16 02:14:00,33.128,0.0301029996659,0.0750000029802,0,0.0
2014-05-16 02:19:00,31.989,0.0301029996659,0.0,0,0.0
2014-05-16 02:24:00,30.499,0.0301029996659,0.0,0,0.0
2014-05-16 02:29:00,33.049,0.0301029996659,0.0,0,0.0
2014-05-16 02:34:00,31.014,0.0301029996659,0.0,0,0.0
2014-05-16 02:39:00,31.005,0.0301029996659,0.0,0,0.0
2014-05-16 02:44:00,32.166,0.0301029996659,0.0,0,0.0
2014-05-16 02:49:00,30.67,0.0301029996659,0.0,0,0.0
2014-05-16 02:54:00,31.165,0.0301029996659,0.0,0,0.0
2014-05-16 02:59:00,34.263,0.0301029996659,0.0,0,0.0
2014-05-16 03:04:00,45.717,0.0301029996659,0.0500000007451,0,0.0
2014-05-16 03:09:00,59.282,0.0301029996659,0.449999988079,0,0.0
2014-05-16 03:14:00,36.161,0.0301029996659,1.0,0,0.0
2014-05-16 03:19:00,31.788,0.0301029996659,0.0,0,0.0
2014-05-16 03:24:00,31.16,0.0301029996659,0.0,0,0.0
2014-05-16 03:29:00,32.499,0.0301029996659,0.0,0,0.0
2014-05-16 03:34:00,30.231,0.0301029996659,0.0,0,0.0
2014-05-16 03:39:00,34.622,0.0301029996659,0.0,0,0.0
2014-05-16 03:44:00,32.614,0.0301029996659,0.0,0,0.0
2014-05-16 03:49:00,32.725,0.0301029996659,0.0,0,0.0
2014-05-16 03:54:00,29.788,0.0301029996659,0.0,0,0.0
2014-05-16 03:59:00,34.714,0.0301029996659,0.0,0,0.0
2014-05-16 04:04:00,44.646,0.0301029996659,0.0250000003725,0,0.0
2014-05-16 04:09:00,60.118,0.0301029996659,0.25,0,0.0
2014-05-16 04:14:00,31.389,0.0301029996659,0.27500000596,0,0.0
2014-05-16 04:19:00,30.827,0.0301029996659,0.0,0,0.0
2014-05-16 04:24:00,30.829,0.0301029996659,0.0,0,0.0
2014-05-16 04:29:00,31.995,0.0301029996659,0.0,0,0.0
2014-05-16 04:34:00,31.718,0.0301029996659,0.0,0,0.0
2014-05-16 04:39:00,31.115,0.0301029996659,0.0,0,0.0
2014-05-16 04:44:00,32.624,0.0301029996659,0.0,0,0.0
2014-05-16 04:49:00,30.654,0.0301029996659,0.0,0,0.0
2014-05-16 04:54:00,30.364,0.0301029996659,0.0,0,0.0
2014-05-16 04:59:00,34.007,0.0301029996659,0.0,0,0.0
2014-05-16 05:04:00,45.495,0.0301029996659,0.0500000007451,0,0.0
2014-05-16 05:09:00,58.451,0.0301029996659,0.17499999702,0,0.0
2014-05-16 05:14:00,32.531,0.0301029996659,0.125,0,0.0
2014-05-16 05:19:00,30.836,0.0301029996659,0.0,0,0.0
2014-05-16 05:24:00,31.181,0.0301029996659,0.0,0,0.0
2014-05-16 05:29:00,32.551,0.0301029996659,0.0,0,0.0
2014-05-16 05:34:00,31.381,0.0301029996659,0.0,0,0.0
2014-05-16 05:39:00,30.394,0.0301029996659,0.0,0,0.0
2014-05-16 05:44:00,32.649,0.0301029996659,0.0,0,0.0
2014-05-16 05:49:00,31.498,0.0301029996659,0.0,0,0.0
2014-05-16 05:54:00,30.499,0.0301029996659,0.0,0,0.0
2014-05-16 05:59:00,34.074,0.0301029996659,0.0,0,0.0
2014-05-16 06:04:00,44.901,0.0301029996659,0.0500000007451,0,0.0
2014-05-16 06:09:00,58.834,0.0301029996659,0.324999988079,0,0.0
2014-05-16 06:14:00,32.61,0.0301029996659,0.20000000298,0,0.0
2014-05-16 06:19:00,30.718,0.0301029996659,0.0,0,0.0
2014-05-16 06:24:00,31.837,0.0301029996659,0.0,0,0.0
2014-05-16 06:29:00,31.373,0.0301029996659,0.0,0,0.0
2014-05-16 06:34:00,30.734,0.0301029996659,0.0,0,0.0
2014-05-16 06:39:00,31.269,0.0301029996659,0.0,0,0.0
2014-05-16 06:44:00,31.902,0.0301029996659,0.0,0,0.0
2014-05-16 06:49:00,31.338,0.0301029996659,0.0,0,0.0
2014-05-16 06:54:00,30.696,0.0301029996659,0.0,0,0.0
2014-05-16 06:59:00,34.028,0.0301029996659,0.0,0,0.0
2014-05-16 07:04:00,45.12,0.0301029996659,0.0,0,0.0
2014-05-16 07:09:00,58.885,0.0301029996659,0.15000000596,0,0.0
2014-05-16 07:14:00,32.332,0.0301029996659,0.0250000003725,0,0.0
2014-05-16 07:19:00,31.169,0.0301029996659,0.0,0,0.0
2014-05-16 07:24:00,31.277,0.0301029996659,0.0,0,0.0
2014-05-16 07:29:00,33.163,0.0301029996659,0.0,0,0.0
2014-05-16 07:34:00,30.336,0.0301029996659,0.0,0,0.0
2014-05-16 07:39:00,31.001,0.0301029996659,0.0,0,0.0
2014-05-16 07:44:00,31.705,0.0301029996659,0.0,0,0.0
2014-05-16 07:49:00,31.282,0.0301029996659,0.0,0,0.0
2014-05-16 07:54:00,30.651,0.0301029996659,0.0,0,0.0
2014-05-16 07:59:00,34.833,0.0301029996659,0.0,0,0.0
2014-05-16 08:04:00,45.002,0.0301029996659,0.0,0,0.0
2014-05-16 08:09:00,58.169,0.0301029996659,0.20000000298,0,0.0
2014-05-16 08:14:00,33.161,0.0301029996659,0.0500000007451,0,0.0
2014-05-16 08:19:00,30.321,0.0301029996659,0.0,0,0.0
2014-05-16 08:24:00,31.005,0.0301029996659,0.0,0,0.0
2014-05-16 08:29:00,32.335,0.0301029996659,0.0,0,0.0
2014-05-16 08:34:00,30.117,0.0301029996659,0.0,0,0.0
2014-05-16 08:39:00,31.219,0.0301029996659,0.0,0,0.0
2014-05-16 08:44:00,33.106,0.0301029996659,0.0,0,0.0
2014-05-16 08:49:00,30.171,0.0301029996659,0.0,0,0.0
2014-05-16 08:54:00,30.551,0.0301029996659,0.0,0,0.0
2014-05-16 08:59:00,34.023,0.0301029996659,0.0,0,0.0
2014-05-16 09:04:00,45.051,0.0301029996659,0.0250000003725,0,0.0
2014-05-16 09:09:00,58.616,0.0301029996659,0.20000000298,0,0.0
2014-05-16 09:14:00,31.992,0.0301029996659,0.0750000029802,0,0.0
2014-05-16 09:19:00,30.503,0.0301029996659,0.0,0,0.0
2014-05-16 09:24:00,30.65,0.0301029996659,0.0,0,0.0
2014-05-16 09:29:00,32.669,0.0301029996659,0.0,0,0.0
2014-05-16 09:34:00,30.833,0.0301029996659,0.0,0,0.0
2014-05-16 09:39:00,30.993,0.0301029996659,0.0,0,0.0
2014-05-16 09:44:00,32.511,0.0301029996659,0.0,0,0.0
2014-05-16 09:49:00,30.833,0.0301029996659,0.0,0,0.0
2014-05-16 09:54:00,30.785,0.0301029996659,0.0,0,0.0
2014-05-16 09:59:00,34.196,0.0301029996659,0.0,0,0.0
2014-05-16 10:04:00,45.833,0.0301029996659,0.0,0,0.0
2014-05-16 10:09:00,59.117,0.0301029996659,0.25,0,0.0
2014-05-16 10:14:00,32.162,0.0301029996659,0.324999988079,0,0.0
2014-05-16 10:19:00,31.093,0.0301029996659,0.0,0,0.0
2014-05-16 10:24:00,31.124,0.0301029996659,0.0,0,0.0
2014-05-16 10:29:00,31.936,0.0301029996659,0.0,0,0.0
2014-05-16 10:34:00,30.552,0.0301029996659,0.0,0,0.0
2014-05-16 10:39:00,31.45,0.0301029996659,0.0,0,0.0
2014-05-16 10:44:00,32.679,0.0301029996659,0.0,0,0.0
2014-05-16 10:49:00,30.89,0.0301029996659,0.0,0,0.0
2014-05-16 10:54:00,31.829,0.0301029996659,0.0,0,0.0
2014-05-16 10:59:00,32.673,0.0301029996659,0.0,0,0.0
2014-05-16 11:04:00,45.333,0.0301029996659,0.0250000003725,0,0.0
2014-05-16 11:09:00,59.322,0.0301029996659,0.22499999404,0,0.0
2014-05-16 11:14:00,32.775,0.0301029996659,0.34999999404,0,0.0
2014-05-16 11:19:00,31.536,0.0301029996659,0.0,0,0.0
2014-05-16 11:24:00,30.62,0.0301029996659,0.0,0,0.0
2014-05-16 11:29:00,31.836,0.0301029996659,0.0,0,0.0
2014-05-16 11:34:00,30.552,0.0301029996659,0.0,0,0.0
2014-05-16 11:39:00,30.881,0.0301029996659,0.0,0,0.0
2014-05-16 11:44:00,32.169,0.0301029996659,0.0,0,0.0
2014-05-16 11:49:00,31.235,0.0301029996659,0.0,0,0.0
2014-05-16 11:54:00,30.359,0.0301029996659,0.0,0,0.0
2014-05-16 11:59:00,33.856,0.0301029996659,0.0,0,0.0
2014-05-16 12:04:00,45.156,0.0301029996659,0.0,0,0.0
2014-05-16 12:09:00,58.773,0.0301029996659,0.0500000007451,0,0.0
2014-05-16 12:14:00,33.061,0.0301029996659,0.0250000003725,0,0.0
2014-05-16 12:19:00,31.439,0.0301029996659,0.0,0,0.0
2014-05-16 12:24:00,30.89,0.0301029996659,0.0,0,0.0
2014-05-16 12:29:00,32.154,0.0301029996659,0.0,0,0.0
2014-05-16 12:34:00,30.945,0.0301029996659,0.0,0,0.0
2014-05-16 12:39:00,30.719,0.0301029996659,0.0,0,0.0
2014-05-16 12:44:00,31.612,0.0301029996659,0.0,0,0.0
2014-05-16 12:49:00,31.17,0.0301029996659,0.0,0,0.0
2014-05-16 12:54:00,31.993,0.0301029996659,0.0,0,0.0
2014-05-16 12:59:00,34.182,0.0301029996659,0.0,0,0.0
2014-05-16 13:04:00,45.499,0.0301029996659,0.0,0,0.0
2014-05-16 13:09:00,58.834,0.0301029996659,0.125,0,0.0
2014-05-16 13:14:00,32.664,0.0301029996659,0.0250000003725,0,0.0
2014-05-16 13:19:00,30.621,0.0301029996659,0.0,0,0.0
2014-05-16 13:24:00,30.843,0.0301029996659,0.0,0,0.0
2014-05-16 13:29:00,32.448,0.0301029996659,0.0,0,0.0
2014-05-16 13:34:00,30.438,0.0301029996659,0.0,0,0.0
2014-05-16 13:39:00,31.487,0.0301029996659,0.0,0,0.0
2014-05-16 13:44:00,32.493,0.0301029996659,0.0,0,0.0
2014-05-16 13:49:00,30.835,0.0301029996659,0.0,0,0.0
2014-05-16 13:54:00,30.654,0.0301029996659,0.0,0,0.0
2014-05-16 13:59:00,34.634,0.0301029996659,0.0,0,0.0
2014-05-16 14:04:00,44.874,0.0301029996659,0.0,0,0.0
2014-05-16 14:09:00,58.903,0.0301029996659,0.15000000596,0,0.0
2014-05-16 14:14:00,31.675,0.0301029996659,0.0250000003725,0,0.0
2014-05-16 14:19:00,31.0,0.0301029996659,0.0,0,0.0
2014-05-16 14:24:00,31.989,0.0301029996659,0.0,0,0.0
2014-05-16 14:29:00,31.835,0.0301029996659,0.0,0,0.0
2014-05-16 14:34:00,30.994,0.0301029996659,0.0,0,0.0
2014-05-16 14:39:00,30.773,0.0301029996659,0.0,0,0.0
2014-05-16 14:44:00,32.111,0.0301029996659,0.0,0,0.0
2014-05-16 14:49:00,31.282,0.0301029996659,0.0,0,0.0
2014-05-16 14:54:00,30.954,0.0301029996659,0.0,0,0.0
2014-05-16 14:59:00,34.224,0.0301029996659,0.0,0,0.0
2014-05-16 15:04:00,45.121,0.0301029996659,0.0,0,0.0
2014-05-16 15:09:00,59.153,0.0301029996659,0.20000000298,0,0.0
2014-05-16 15:14:00,32.613,0.0301029996659,0.324999988079,0,0.0
2014-05-16 15:19:00,31.716,0.0301029996659,0.0,0,0.0
2014-05-16 15:24:00,31.451,0.0301029996659,0.0,0,0.0
2014-05-16 15:29:00,32.65,0.0301029996659,0.0,0,0.0
2014-05-16 15:34:00,30.879,0.0301029996659,0.0,0,0.0
2014-05-16 15:39:00,30.474,0.0301029996659,0.0,0,0.0
2014-05-16 15:44:00,32.337,0.0396506512012,0.0,0,0.0
2014-05-16 15:49:00,30.667,0.0396506512012,0.0,0,0.0
2014-05-16 15:54:00,30.781,0.0396506512012,0.0,0,0.0
2014-05-16 15:59:00,34.39,0.0368757413774,0.0,0,0.0
2014-05-16 16:04:00,45.123,0.0691820414006,0.0250000003725,0,0.0
2014-05-16 16:09:00,58.827,0.0513620165546,0.15000000596,0,0.0
2014-05-16 16:14:00,32.5,0.0520597816083,0.47499999404,0,0.0
2014-05-16 16:19:00,30.786,0.0520597816083,0.0,0,0.0
2014-05-16 16:24:00,30.77,0.0520597816083,0.0,0,0.0
2014-05-16 16:29:00,32.067,0.0520597816083,0.0,0,0.0
2014-05-16 16:34:00,31.718,0.0520597816083,0.0,0,0.0
2014-05-16 16:39:00,30.869,0.0520597816083,0.0,0,0.0
2014-05-16 16:44:00,31.974,0.0520597816083,0.0,0,0.0
2014-05-16 16:49:00,31.145,0.0520597816083,0.0,0,0.0
2014-05-16 16:54:00,30.948,0.0493965382306,0.0,0,0.0
2014-05-16 16:59:00,34.18,0.0353048168656,0.0,0,0.0
2014-05-16 17:04:00,45.286,0.0659707890421,0.0500000007451,0,0.0
2014-05-16 17:09:00,59.004,0.0598407232225,0.0500000007451,0,0.0
2014-05-16 17:14:00,32.067,0.0569199841312,0.0250000003725,0,0.0
2014-05-16 17:19:00,32.0,0.0569199841312,0.0,0,0.0
2014-05-16 17:24:00,31.113,0.0569199841312,0.0,0,0.0
2014-05-16 17:29:00,32.499,0.0569199841312,0.0,0,0.0
2014-05-16 17:34:00,30.662,0.0569199841312,0.0,0,0.0
2014-05-16 17:39:00,30.893,0.0569199841312,0.0,0,0.0
2014-05-16 17:44:00,32.504,0.0569199841312,0.0,0,0.0
2014-05-16 17:49:00,30.995,0.0569199841312,0.0,0,0.0
2014-05-16 17:54:00,30.78,0.0628573315466,0.0,0,0.0
2014-05-16 17:59:00,34.705,0.0691820414006,0.0,0,0.0
2014-05-16 18:04:00,44.834,0.0691820414006,0.0250000003725,0,0.0
2014-05-16 18:09:00,66.002,0.0327435103668,0.34999999404,0,0.0
2014-05-16 18:14:00,33.335,0.121397370973,0.75,0,0.0
2014-05-16 18:19:00,30.501,0.121397370973,0.0,0,0.0
2014-05-16 18:24:00,30.496,0.121397370973,0.0,0,0.0
2014-05-16 18:29:00,32.555,0.121397370973,0.0,0,0.0
2014-05-16 18:34:00,30.719,0.121397370973,0.0,0,0.0
2014-05-16 18:39:00,31.502,0.121397370973,0.0,0,0.0
2014-05-16 18:44:00,32.141,0.121397370973,0.0,0,0.0
2014-05-16 18:49:00,30.624,0.121397370973,0.0,0,0.0
2014-05-16 18:54:00,31.219,0.116814664998,0.0,0,0.0
2014-05-16 18:59:00,33.855,0.06365335441,0.0,0,0.0
2014-05-16 19:04:00,45.225,0.0724920010364,0.0,0,0.0
2014-05-16 19:09:00,59.818,0.0598407232225,0.10000000149,0,0.0
2014-05-16 19:14:00,31.72,0.0461748700933,0.125,0,0.0
2014-05-16 19:19:00,31.62,0.0461748700933,0.0,0,0.0
2014-05-16 19:24:00,31.548,0.0461748700933,0.0,0,0.0
2014-05-16 19:29:00,32.332,0.0461748700933,0.0,0,0.0
2014-05-16 19:34:00,30.999,0.0461748700933,0.0,0,0.0
2014-05-16 19:39:00,30.951,0.0461748700933,0.0,0,0.0
2014-05-16 19:44:00,32.034,0.0461748700933,0.0,0,0.0
2014-05-16 19:49:00,31.781,0.0461748700933,0.0,0,0.0
2014-05-16 19:54:00,31.055,0.0471030497173,0.0,0,0.0
2014-05-16 19:59:00,33.057,0.0582130116818,0.0,0,0.0
2014-05-16 20:04:00,45.093,0.0743363879749,0.0,0,0.0
2014-05-16 20:09:00,58.053,0.0643579371038,0.0750000029802,0,0.0
2014-05-16 20:14:00,33.057,0.0643579371038,0.0,0,0.0
2014-05-16 20:19:00,31.063,0.0643579371038,0.0,0,0.0
2014-05-16 20:24:00,30.886,0.0643579371038,0.0,0,0.0
2014-05-16 20:29:00,32.441,0.0643579371038,0.0,0,0.0
2014-05-16 20:34:00,30.884,0.0643579371038,0.0,0,0.0
2014-05-16 20:39:00,30.454,0.0643579371038,0.0,0,0.0
2014-05-16 20:44:00,31.874,0.0643579371038,0.0,0,0.0
2014-05-16 20:49:00,31.333,0.0643579371038,0.0,0,0.0
2014-05-16 20:54:00,30.427,0.0643579371038,0.0,0,0.0
2014-05-16 20:59:00,34.33,0.0743363879749,0.0,0,0.0
2014-05-16 21:04:00,46.057,0.0743363879749,0.0,0,0.0
2014-05-16 21:09:00,65.833,0.049735872305,0.20000000298,0,0.0
2014-05-16 21:14:00,72.949,0.0737074585868,0.625,0,0.0
2014-05-16 21:19:00,100.0,1.0,0.600000023842,0,-0.11
2014-05-16 21:24:00,45.384,0.302162680951,0.40000000596,0,0.0
2014-05-16 21:29:00,32.642,0.310306085012,0.0250000003725,0,0.0
2014-05-16 21:34:00,31.332,0.310306085012,0.0,0,0.0
2014-05-16 21:39:00,31.172,0.310306085012,0.0,0,0.0
2014-05-16 21:44:00,32.279,0.310306085012,0.0,0,0.0
2014-05-16 21:49:00,30.669,0.310306085012,0.0,0,0.0
2014-05-16 21:54:00,31.263,0.310306085012,0.0,0,0.0
2014-05-16 21:59:00,34.221,0.248582295913,0.0,0,0.0
2014-05-16 22:04:00,45.775,0.104797909134,0.0,0,0.0
2014-05-16 22:09:00,59.168,0.0637847329164,0.324999988079,0,0.0
2014-05-16 22:14:00,33.492,0.122961524057,0.774999976158,0,0.0
2014-05-16 22:19:00,30.502,0.118253234845,0.0,0,0.0
2014-05-16 22:24:00,31.425,0.118253234845,0.0,0,0.0
2014-05-16 22:29:00,32.657,0.118253234845,0.0,0,0.0
2014-05-16 22:34:00,31.225,0.118253234845,0.0,0,0.0
2014-05-16 22:39:00,31.786,0.118253234845,0.0,0,0.0
2014-05-16 22:44:00,32.056,0.118253234845,0.0,0,0.0
2014-05-16 22:49:00,32.282,0.118253234845,0.0,0,0.0
2014-05-16 22:54:00,30.056,0.118253234845,0.0,0,0.0
2014-05-16 22:59:00,35.496,0.0669900191804,0.0,0,0.0
2014-05-16 23:04:00,44.617,0.0709074615171,0.0250000003725,0,0.0
2014-05-16 23:09:00,72.385,0.0397661789024,0.27500000596,0,0.0
2014-05-16 23:14:00,32.137,0.0308909352508,0.125,0,0.0
2014-05-16 23:19:00,30.835,0.0308909352508,0.0,0,0.0
2014-05-16 23:24:00,31.223,0.0308909352508,0.0,0,0.0
2014-05-16 23:29:00,32.496,0.0308909352508,0.0,0,0.0
2014-05-16 23:34:00,31.174,0.0308909352508,0.0,0,0.0
2014-05-16 23:39:00,31.115,0.0308909352508,0.0,0,0.0
2014-05-16 23:44:00,33.384,0.0308909352508,0.0,0,0.0
2014-05-16 23:49:00,30.658,0.0308909352508,0.0,0,0.0
2014-05-16 23:54:00,30.453,0.0312441281817,0.0,0,0.0
2014-05-16 23:59:00,34.128,0.0582130116818,0.0,0,0.0
2014-05-17 00:04:00,45.108,0.0743363879749,0.0,0,0.0
2014-05-17 00:09:00,73.109,0.0612354056499,0.10000000149,0,0.0
2014-05-17 00:14:00,33.815,0.0612354056499,0.0,0,0.0
2014-05-17 00:19:00,30.169,0.0612354056499,0.0,0,0.0
2014-05-17 00:24:00,31.924,0.0612354056499,0.0,0,0.0
2014-05-17 00:29:00,32.05,0.0612354056499,0.0,0,0.0
2014-05-17 00:34:00,31.104,0.0612354056499,0.0,0,0.0
2014-05-17 00:39:00,31.053,0.0612354056499,0.0,0,0.0
2014-05-17 00:44:00,32.96,0.0612354056499,0.0,0,0.0
2014-05-17 00:49:00,30.674,0.0612354056499,0.0,0,0.0
2014-05-17 00:54:00,30.385,0.0612354056499,0.0,0,0.0
2014-05-17 00:59:00,34.218,0.0743363879749,0.0,0,0.0
2014-05-17 01:04:00,45.617,0.0743363879749,0.0,0,0.0
2014-05-17 01:09:00,66.45,0.0582130116818,0.125,0,0.0
2014-05-17 01:14:00,33.434,0.0471030497173,0.10000000149,0,0.0
2014-05-17 01:19:00,31.382,0.0471030497173,0.0,0,0.0
2014-05-17 01:24:00,30.947,0.0471030497173,0.0,0,0.0
2014-05-17 01:29:00,32.934,0.0471030497173,0.0,0,0.0
2014-05-17 01:34:00,30.726,0.0471030497173,0.0,0,0.0
2014-05-17 01:39:00,31.166,0.0471030497173,0.0,0,0.0
2014-05-17 01:44:00,31.884,0.0471030497173,0.0,0,0.0
2014-05-17 01:49:00,30.673,0.0471030497173,0.0,0,0.0
2014-05-17 01:54:00,31.439,0.0471030497173,0.0,0,0.0
2014-05-17 01:59:00,33.881,0.0612354056499,0.0,0,0.0
2014-05-17 02:04:00,45.172,0.0743363879749,0.0,0,0.0
2014-05-17 02:09:00,66.387,0.0552896955849,0.15000000596,0,0.0
2014-05-17 02:14:00,32.839,0.033243841223,0.22499999404,0,0.0
2014-05-17 02:19:00,31.618,0.033243841223,0.0,0,0.0
2014-05-17 02:24:00,31.169,0.033243841223,0.0,0,0.0
2014-05-17 02:29:00,32.223,0.033243841223,0.0,0,0.0
2014-05-17 02:34:00,31.123,0.033243841223,0.0,0,0.0
2014-05-17 02:39:00,30.833,0.033243841223,0.0,0,0.0
2014-05-17 02:44:00,32.062,0.033243841223,0.0,0,0.0
2014-05-17 02:49:00,31.083,0.033243841223,0.0,0,0.0
2014-05-17 02:54:00,31.005,0.033243841223,0.0,0,0.0
2014-05-17 02:59:00,35.663,0.0471030504878,0.0,0,0.0
2014-05-17 03:04:00,44.873,0.0743363879749,0.0,0,0.0
2014-05-17 03:09:00,72.555,0.0612354056499,0.10000000149,0,0.0
2014-05-17 03:14:00,32.403,0.0552896960132,0.0500000007451,0,0.0
2014-05-17 03:19:00,35.268,0.0552896960132,0.0,0,0.0
2014-05-17 03:24:00,31.107,0.0552896960132,0.0,0,0.0
2014-05-17 03:29:00,36.559,0.0552896960132,0.0,0,0.0
2014-05-17 03:34:00,33.166,0.0552896960132,0.0,0,0.0
2014-05-17 03:39:00,29.836,0.0552896960132,0.0,0,0.0
2014-05-17 03:44:00,32.498,0.0552896960132,0.0,0,0.0
2014-05-17 03:49:00,31.165,0.0552896960132,0.0,0,0.0
2014-05-17 03:54:00,30.67,0.0552896960132,0.0,0,0.0
2014-05-17 03:59:00,35.307,0.0675816277297,0.0,0,0.0
2014-05-17 04:04:00,44.382,0.0743363879749,0.0,0,0.0
2014-05-17 04:09:00,71.724,0.0582130116818,0.125,0,0.0
2014-05-17 04:14:00,32.482,0.0494235331062,0.0750000029802,0,0.0
2014-05-17 04:19:00,30.95,0.0494235331062,0.0,0,0.0
2014-05-17 04:24:00,30.786,0.0494235331062,0.0,0,0.0
2014-05-17 04:29:00,32.161,0.0494235331062,0.0,0,0.0
2014-05-17 04:34:00,30.872,0.0494235331062,0.0,0,0.0
2014-05-17 04:39:00,32.314,0.0494235331062,0.0,0,0.0
2014-05-17 04:44:00,31.007,0.0494235331062,0.0,0,0.0
2014-05-17 04:49:00,31.115,0.0494235331062,0.0,0,0.0
2014-05-17 04:54:00,30.871,0.0494235331062,0.0,0,0.0
2014-05-17 04:59:00,34.277,0.0635029485974,0.0,0,0.0
2014-05-17 05:04:00,44.833,0.0730798986462,0.0,0,0.0
2014-05-17 05:09:00,46.451,0.0730798986462,0.0,0,0.0
2014-05-17 05:14:00,31.72,0.0730798986462,0.0,0,0.0
2014-05-17 05:19:00,31.499,0.0730798986462,0.0,0,0.0
2014-05-17 05:24:00,31.12,0.0730798986462,0.0,0,0.0
2014-05-17 05:29:00,31.975,0.0730798986462,0.0,0,0.0
2014-05-17 05:34:00,30.765,0.0730798986462,0.0,0,0.0
2014-05-17 05:39:00,31.131,0.0730798986462,0.0,0,0.0
2014-05-17 05:44:00,32.831,0.0730798986462,0.0,0,0.0
2014-05-17 05:49:00,29.96,0.0730798986462,0.0,0,0.0
2014-05-17 05:54:00,31.166,0.0730798986462,0.0,0,0.0
2014-05-17 05:59:00,33.552,0.0730798986462,0.0,0,0.0
2014-05-17 06:04:00,45.274,0.0697913204115,0.0250000003725,0,0.0
2014-05-17 06:09:00,72.587,0.0520557378773,0.15000000596,0,0.0
2014-05-17 06:14:00,32.741,0.0444272230158,0.0750000029802,0,0.0
2014-05-17 06:19:00,31.001,0.0444272230158,0.0,0,0.0
2014-05-17 06:24:00,31.211,0.0444272230158,0.0,0,0.0
2014-05-17 06:29:00,31.999,0.0444272230158,0.0,0,0.0
2014-05-17 06:34:00,30.67,0.0444272230158,0.0,0,0.0
2014-05-17 06:39:00,31.169,0.0444272230158,0.0,0,0.0
2014-05-17 06:44:00,32.0,0.0444272230158,0.0,0,0.0
2014-05-17 06:49:00,31.451,0.0444272230158,0.0,0,0.0
2014-05-17 06:54:00,31.219,0.0468810655806,0.0,0,0.0
2014-05-17 06:59:00,34.114,0.0635029485974,0.0,0,0.0
2014-05-17 07:04:00,45.384,0.0730798986462,0.0,0,0.0
2014-05-17 07:09:00,67.577,0.0547787583323,0.15000000596,0,0.0
2014-05-17 07:14:00,31.992,0.0562148747139,0.550000011921,0,0.0
2014-05-17 07:19:00,31.005,0.0562148747139,0.0,0,0.0
2014-05-17 07:24:00,30.443,0.0562148747139,0.0,0,0.0
2014-05-17 07:29:00,32.604,0.0562148747139,0.0,0,0.0
2014-05-17 07:34:00,30.733,0.0562148747139,0.0,0,0.0
2014-05-17 07:39:00,31.051,0.0562148747139,0.0,0,0.0
2014-05-17 07:44:00,32.167,0.0562148747139,0.0,0,0.0
2014-05-17 07:49:00,32.009,0.0562148747139,0.0,0,0.0
2014-05-17 07:54:00,30.286,0.0562148747139,0.0,0,0.0
2014-05-17 07:59:00,33.984,0.0409426834205,0.0,0,0.0
2014-05-17 08:04:00,45.556,0.0730798986462,0.0,0,0.0
2014-05-17 08:09:00,72.278,0.0397807675994,0.300000011921,0,0.0
2014-05-17 08:14:00,32.15,0.142011053662,0.949999988079,0,0.0
2014-05-17 08:19:00,31.502,0.142011053662,0.0,0,0.0
2014-05-17 08:24:00,30.328,0.142011053662,0.0,0,0.0
2014-05-17 08:29:00,33.129,0.142011053662,0.0,0,0.0
2014-05-17 08:34:00,30.17,0.142011053662,0.0,0,0.0
2014-05-17 08:39:00,30.889,0.142011053662,0.0,0,0.0
2014-05-17 08:44:00,32.784,0.142011053662,0.0,0,0.0
2014-05-17 08:49:00,31.051,0.142011053662,0.0,0,0.0
2014-05-17 08:54:00,30.613,0.142011053662,0.0,0,0.0
2014-05-17 08:59:00,34.399,0.08914933952,0.0,0,0.0
2014-05-17 09:04:00,44.673,0.0730798986462,0.0,0,0.0
2014-05-17 09:09:00,72.999,0.0420608538979,0.27500000596,0,0.0
2014-05-17 09:14:00,30.553,0.132147634446,0.925000011921,0,0.0
2014-05-17 09:19:00,30.867,0.132147634446,0.0,0,0.0
2014-05-17 09:24:00,29.388,0.132147634446,0.0,0,0.0
2014-05-17 09:29:00,32.827,0.132147634446,0.0,0,0.0
2014-05-17 09:34:00,31.116,0.132147634446,0.0,0,0.0
2014-05-17 09:39:00,31.326,0.132147634446,0.0,0,0.0
2014-05-17 09:44:00,31.4,0.132147634446,0.0,0,0.0
2014-05-17 09:49:00,31.166,0.132147634446,0.0,0,0.0
2014-05-17 09:54:00,30.5,0.132147634446,0.0,0,0.0
2014-05-17 09:59:00,34.131,0.085414819037,0.0,0,0.0
2014-05-17 10:04:00,45.385,0.0730798986462,0.0,0,0.0
2014-05-17 10:09:00,72.714,0.0494235331062,0.20000000298,0,0.0
2014-05-17 10:14:00,32.671,0.0420608538979,0.0750000029802,0,0.0
2014-05-17 10:19:00,31.5,0.0420608538979,0.0,0,0.0
2014-05-17 10:24:00,31.442,0.0420608538979,0.0,0,0.0
2014-05-17 10:29:00,32.149,0.0420608538979,0.0,0,0.0
2014-05-17 10:34:00,32.5,0.0420608538979,0.0,0,0.0
2014-05-17 10:39:00,30.379,0.0420608538979,0.0,0,0.0
2014-05-17 10:44:00,31.996,0.0420608538979,0.0,0,0.0
2014-05-17 10:49:00,31.051,0.0420608538979,0.0,0,0.0
2014-05-17 10:54:00,31.448,0.0420608538979,0.0,0,0.0
2014-05-17 10:59:00,33.819,0.0635029485974,0.0,0,0.0
2014-05-17 11:04:00,44.835,0.0730798986462,0.0,0,0.0
2014-05-17 11:09:00,72.945,0.0420608538979,0.27500000596,0,0.0
2014-05-17 11:14:00,32.178,0.0682288996715,0.524999976158,0,0.0
2014-05-17 11:19:00,31.002,0.0682288996715,0.0,0,0.0
2014-05-17 11:24:00,32.499,0.0682288996715,0.0,0,0.0
2014-05-17 11:29:00,31.031,0.0682288996715,0.0,0,0.0
2014-05-17 11:34:00,30.883,0.0682288996715,0.0,0,0.0
2014-05-17 11:39:00,31.282,0.0682288996715,0.0,0,0.0
2014-05-17 11:44:00,32.429,0.0682288996715,0.0,0,0.0
2014-05-17 11:49:00,31.053,0.0682288996715,0.0,0,0.0
2014-05-17 11:54:00,30.836,0.0682288996715,0.0,0,0.0
2014-05-17 11:59:00,34.169,0.0387040629505,0.0,0,0.0
2014-05-17 12:04:00,52.18,0.033445734778,0.375,0,0.0
2014-05-17 12:09:00,72.83,0.122711189782,0.774999976158,0,0.0
2014-05-17 12:14:00,32.809,0.12737628188,0.0250000003725,0,0.0
2014-05-17 12:19:00,31.451,0.12737628188,0.0,0,0.0
2014-05-17 12:24:00,30.883,0.12737628188,0.0,0,0.0
2014-05-17 12:29:00,32.631,0.12737628188,0.0,0,0.0
2014-05-17 12:34:00,31.05,0.124292687349,0.0,0,0.0
2014-05-17 12:39:00,31.153,0.124292687349,0.0,0,0.0
2014-05-17 12:44:00,32.187,0.124292687349,0.0,0,0.0
2014-05-17 12:49:00,31.286,0.124292687349,0.0,0,0.0
2014-05-17 12:54:00,31.055,0.0660754279574,0.0,0,0.0
2014-05-17 12:59:00,34.276,0.0721779256462,0.0,0,0.0
2014-05-17 13:04:00,46.661,0.0755425915303,0.0,0,0.0
2014-05-17 13:09:00,71.671,0.0513042014968,0.20000000298,0,0.0
2014-05-17 13:14:00,33.338,0.0486935069658,0.0250000003725,0,0.0
2014-05-17 13:19:00,31.368,0.0486935069658,0.0,0,0.0
2014-05-17 13:24:00,31.118,0.0486935069658,0.0,0,0.0
2014-05-17 13:29:00,32.664,0.0486935069658,0.0,0,0.0
2014-05-17 13:34:00,31.65,0.0486935069658,0.0,0,0.0
2014-05-17 13:39:00,30.847,0.0486935069658,0.0,0,0.0
2014-05-17 13:44:00,32.111,0.0486935069658,0.0,0,0.0
2014-05-17 13:49:00,31.559,0.0486935069658,0.0,0,0.0
2014-05-17 13:54:00,31.275,0.0486935069658,0.0,0,0.0
2014-05-17 13:59:00,34.215,0.0721779256462,0.0,0,0.0
2014-05-17 14:04:00,45.787,0.0755425915303,0.0,0,0.0
2014-05-17 14:09:00,73.166,0.0567990211595,0.15000000596,0,0.0
2014-05-17 14:14:00,32.518,0.0540056872914,0.0250000003725,0,0.0
2014-05-17 14:19:00,31.312,0.0540056872914,0.0,0,0.0
2014-05-17 14:24:00,30.507,0.0540056872914,0.0,0,0.0
2014-05-17 14:29:00,32.442,0.0540056872914,0.0,0,0.0
2014-05-17 14:34:00,31.394,0.0540056872914,0.0,0,0.0
2014-05-17 14:39:00,31.059,0.0540056872914,0.0,0,0.0
2014-05-17 14:44:00,32.324,0.0540056872914,0.0,0,0.0
2014-05-17 14:49:00,31.123,0.0540056872914,0.0,0,0.0
2014-05-17 14:54:00,31.005,0.0540056872914,0.0,0,0.0
2014-05-17 14:59:00,35.115,0.0721779256462,0.0,0,0.0
2014-05-17 15:04:00,44.889,0.0755425915303,0.0,0,0.0
2014-05-17 15:09:00,71.949,0.0567990211595,0.15000000596,0,0.0
2014-05-17 15:14:00,32.699,0.0486935063923,0.0750000029802,0,0.0
2014-05-17 15:19:00,31.264,0.0486935063923,0.0,0,0.0
2014-05-17 15:24:00,31.721,0.0486935063923,0.0,0,0.0
2014-05-17 15:29:00,32.288,0.0486935063923,0.0,0,0.0
2014-05-17 15:34:00,31.0,0.0486935063923,0.0,0,0.0
2014-05-17 15:39:00,32.168,0.0486935063923,0.0,0,0.0
2014-05-17 15:44:00,31.658,0.0486935063923,0.0,0,0.0
2014-05-17 15:49:00,31.347,0.0486935063923,0.0,0,0.0
2014-05-17 15:54:00,30.993,0.0486935063923,0.0,0,0.0
2014-05-17 15:59:00,34.212,0.0657401408389,0.0,0,0.0
2014-05-17 16:04:00,45.67,0.0755425915303,0.0,0,0.0
2014-05-17 16:09:00,71.816,0.0486935079215,0.22499999404,0,0.0
2014-05-17 16:14:00,32.206,0.0371913735042,0.300000011921,0,0.0
2014-05-17 16:19:00,31.449,0.0371913735042,0.0,0,0.0
2014-05-17 16:24:00,32.331,0.0371913735042,0.0,0,0.0
2014-05-17 16:29:00,30.48,0.0371913735042,0.0,0,0.0
2014-05-17 16:34:00,31.383,0.0371913735042,0.0,0,0.0
2014-05-17 16:39:00,31.482,0.0371913735042,0.0,0,0.0
2014-05-17 16:44:00,32.269,0.0371913735042,0.0,0,0.0
2014-05-17 16:49:00,30.586,0.0371913735042,0.0,0,0.0
2014-05-17 16:54:00,30.838,0.0371913735042,0.0,0,0.0
2014-05-17 16:59:00,34.575,0.0413950622698,0.0,0,0.0
2014-05-17 17:04:00,45.213,0.0689107274718,0.0500000007451,0,0.0
2014-05-17 17:09:00,72.496,0.0567990215826,0.10000000149,0,0.0
2014-05-17 17:14:00,33.094,0.0540056877008,0.0250000003725,0,0.0
2014-05-17 17:19:00,31.379,0.0540056877008,0.0,0,0.0
2014-05-17 17:24:00,31.366,0.0540056877008,0.0,0,0.0
2014-05-17 17:29:00,32.455,0.0540056877008,0.0,0,0.0
2014-05-17 17:34:00,30.999,0.0540056877008,0.0,0,0.0
2014-05-17 17:39:00,31.041,0.0540056877008,0.0,0,0.0
2014-05-17 17:44:00,32.126,0.0540056877008,0.0,0,0.0
2014-05-17 17:49:00,31.207,0.0540056877008,0.0,0,0.0
2014-05-17 17:54:00,31.984,0.0596852235843,0.0,0,0.0
2014-05-17 17:59:00,33.958,0.0721779256462,0.0,0,0.0
2014-05-17 18:04:00,44.818,0.0689107274718,0.0500000007451,0,0.0
2014-05-17 18:09:00,72.718,0.0596852233658,0.0750000029802,0,0.0
2014-05-17 18:14:00,32.717,0.0540056874961,0.0500000007451,0,0.0
2014-05-17 18:19:00,31.162,0.0540056874961,0.0,0,0.0
2014-05-17 18:24:00,31.164,0.0540056874961,0.0,0,0.0
2014-05-17 18:29:00,32.615,0.0540056874961,0.0,0,0.0
2014-05-17 18:34:00,31.042,0.0540056874961,0.0,0,0.0
2014-05-17 18:39:00,31.434,0.0540056874961,0.0,0,0.0
2014-05-17 18:44:00,32.346,0.0540056874961,0.0,0,0.0
2014-05-17 18:49:00,31.394,0.0540056874961,0.0,0,0.0
2014-05-17 18:54:00,30.507,0.0596852233658,0.0,0,0.0
2014-05-17 18:59:00,34.8,0.0689107274718,0.0,0,0.0
2014-05-17 19:04:00,45.709,0.0755425915303,0.0,0,0.0
2014-05-17 19:09:00,72.647,0.0626652794422,0.10000000149,0,0.0
2014-05-17 19:14:00,32.136,0.0626652794422,0.0,0,0.0
2014-05-17 19:19:00,31.217,0.0626652794422,0.0,0,0.0
2014-05-17 19:24:00,31.497,0.0626652794422,0.0,0,0.0
2014-05-17 19:29:00,33.449,0.0626652794422,0.0,0,0.0
2014-05-17 19:34:00,30.554,0.0626652794422,0.0,0,0.0
2014-05-17 19:39:00,30.618,0.0626652794422,0.0,0,0.0
2014-05-17 19:44:00,31.855,0.0626652794422,0.0,0,0.0
2014-05-17 19:49:00,31.336,0.0626652794422,0.0,0,0.0
2014-05-17 19:54:00,30.837,0.0626652794422,0.0,0,0.0
2014-05-17 19:59:00,34.762,0.0755425915303,0.0,0,0.0
2014-05-17 20:04:00,44.334,0.0755425915303,0.0,0,0.0
2014-05-17 20:09:00,73.437,0.0721779256462,0.0250000003725,0,0.0
2014-05-17 20:14:00,32.293,0.0721779256462,0.0,0,0.0
2014-05-17 20:19:00,31.505,0.0721779256462,0.0,0,0.0
2014-05-17 20:24:00,31.105,0.0721779256462,0.0,0,0.0
2014-05-17 20:29:00,32.714,0.0721779256462,0.0,0,0.0
2014-05-17 20:34:00,30.338,0.0721779256462,0.0,0,0.0
2014-05-17 20:39:00,32.672,0.0721779256462,0.0,0,0.0
2014-05-17 20:44:00,31.723,0.0721779256462,0.0,0,0.0
2014-05-17 20:49:00,31.612,0.0721779256462,0.0,0,0.0
2014-05-17 20:54:00,30.554,0.0701795989555,0.0,0,0.0
2014-05-17 20:59:00,33.78,0.0736166466803,0.0,0,0.0
2014-05-17 21:04:00,45.671,0.0736166466803,0.0,0,0.0
2014-05-17 21:09:00,71.386,0.0736166466803,0.0,0,0.0
2014-05-17 21:14:00,32.614,0.0636186580471,0.0750000029802,0,0.0
2014-05-17 21:19:00,31.644,0.0636186580471,0.0,0,0.0
2014-05-17 21:24:00,31.502,0.0636186580471,0.0,0,0.0
2014-05-17 21:29:00,32.16,0.0636186580471,0.0,0,0.0
2014-05-17 21:34:00,32.047,0.0636186580471,0.0,0,0.0
2014-05-17 21:39:00,31.168,0.0636186580471,0.0,0,0.0
2014-05-17 21:44:00,32.629,0.0636186580471,0.0,0,0.0
2014-05-17 21:49:00,31.053,0.0636186580471,0.0,0,0.0
2014-05-17 21:54:00,30.839,0.0636186580471,0.0,0,0.0
2014-05-17 21:59:00,34.46,0.0636186580471,0.0,0,0.0
2014-05-17 22:04:00,45.267,0.0736166466803,0.0,0,0.0
2014-05-17 22:09:00,72.949,0.0701795989555,0.0250000003725,0,0.0
2014-05-17 22:14:00,33.542,0.0574685212626,0.10000000149,0,0.0
2014-05-17 22:19:00,30.789,0.0574685212626,0.0,0,0.0
2014-05-17 22:24:00,31.052,0.0574685212626,0.0,0,0.0
2014-05-17 22:29:00,32.926,0.0574685212626,0.0,0,0.0
2014-05-17 22:34:00,30.705,0.0574685212626,0.0,0,0.0
2014-05-17 22:39:00,30.666,0.0574685212626,0.0,0,0.0
2014-05-17 22:44:00,32.107,0.0574685212626,0.0,0,0.0
2014-05-17 22:49:00,32.727,0.0574685212626,0.0,0,0.0
2014-05-17 22:54:00,28.122,0.0574685212626,0.0,0,0.0
2014-05-17 22:59:00,33.877,0.0604927633282,0.0,0,0.0
2014-05-17 23:04:00,45.325,0.0736166466803,0.0,0,0.0
2014-05-17 23:09:00,71.334,0.0701795989555,0.0250000003725,0,0.0
2014-05-17 23:14:00,33.344,0.0336230458662,0.425000011921,0,0.0
2014-05-17 23:19:00,31.615,0.0336230458662,0.0,0,0.0
2014-05-17 23:24:00,30.337,0.0336230458662,0.0,0,0.0
2014-05-17 23:29:00,32.559,0.0336230458662,0.0,0,0.0
2014-05-17 23:34:00,32.164,0.0336230458662,0.0,0,0.0
2014-05-17 23:39:00,30.455,0.0336230458662,0.0,0,0.0
2014-05-17 23:44:00,32.371,0.0336230458662,0.0,0,0.0
2014-05-17 23:49:00,30.551,0.0336230458662,0.0,0,0.0
2014-05-17 23:54:00,30.996,0.0336230458662,0.0,0,0.0
2014-05-17 23:59:00,33.397,0.0315901142289,0.0,0,0.0
2014-05-18 00:04:00,45.984,0.0736166466803,0.0,0,0.0
2014-05-18 00:09:00,72.504,0.0636186580471,0.0750000029802,0,0.0
2014-05-18 00:14:00,32.347,0.0325550312125,0.300000011921,0,0.0
2014-05-18 00:19:00,31.045,0.0325550312125,0.0,0,0.0
2014-05-18 00:24:00,31.992,0.0325550312125,0.0,0,0.0
2014-05-18 00:29:00,33.293,0.0325550312125,0.0,0,0.0
2014-05-18 00:34:00,30.826,0.0325550312125,0.0,0,0.0
2014-05-18 00:39:00,31.266,0.0325550312125,0.0,0,0.0
2014-05-18 00:44:00,31.872,0.0325550312125,0.0,0,0.0
2014-05-18 00:49:00,31.337,0.0325550312125,0.0,0,0.0
2014-05-18 00:54:00,30.933,0.0325550312125,0.0,0,0.0
2014-05-18 00:59:00,34.109,0.0390477850604,0.0,0,0.0
2014-05-18 01:04:00,46.213,0.0736166466803,0.0,0,0.0
2014-05-18 01:09:00,73.833,0.0668472636676,0.0500000007451,0,0.0
2014-05-18 01:14:00,32.635,0.0668472636676,0.0,0,0.0
2014-05-18 01:19:00,31.348,0.0668472636676,0.0,0,0.0
2014-05-18 01:24:00,30.946,0.0668472636676,0.0,0,0.0
2014-05-18 01:29:00,32.342,0.0668472636676,0.0,0,0.0
2014-05-18 01:34:00,31.616,0.0668472636676,0.0,0,0.0
2014-05-18 01:39:00,30.723,0.0668472636676,0.0,0,0.0
2014-05-18 01:44:00,31.619,0.0668472636676,0.0,0,0.0
2014-05-18 01:49:00,30.834,0.0668472636676,0.0,0,0.0
2014-05-18 01:54:00,31.822,0.0668472636676,0.0,0,0.0
2014-05-18 01:59:00,33.736,0.0736166466803,0.0,0,0.0
2014-05-18 02:04:00,45.454,0.0736166466803,0.0,0,0.0
2014-05-18 02:09:00,72.167,0.0668472636676,0.0500000007451,0,0.0
2014-05-18 02:14:00,32.552,0.0636186582838,0.0250000003725,0,0.0
2014-05-18 02:19:00,30.839,0.0636186582838,0.0,0,0.0
2014-05-18 02:24:00,30.824,0.0636186582838,0.0,0,0.0
2014-05-18 02:29:00,33.783,0.0636186582838,0.0,0,0.0
2014-05-18 02:34:00,31.169,0.0636186582838,0.0,0,0.0
2014-05-18 02:39:00,30.261,0.0636186582838,0.0,0,0.0
2014-05-18 02:44:00,32.548,0.0636186582838,0.0,0,0.0
2014-05-18 02:49:00,31.211,0.0636186582838,0.0,0,0.0
2014-05-18 02:54:00,31.391,0.0636186582838,0.0,0,0.0
2014-05-18 02:59:00,34.239,0.0701795989555,0.0,0,0.0
2014-05-18 03:04:00,45.221,0.0736166466803,0.0,0,0.0
2014-05-18 03:09:00,73.218,0.0574685214841,0.125,0,0.0
2014-05-18 03:14:00,33.333,0.0463655381042,0.10000000149,0,0.0
2014-05-18 03:19:00,30.137,0.0463655381042,0.0,0,0.0
2014-05-18 03:24:00,35.982,0.0463655381042,0.0,0,0.0
2014-05-18 03:29:00,32.669,0.0463655381042,0.0,0,0.0
2014-05-18 03:34:00,31.114,0.0463655381042,0.0,0,0.0
2014-05-18 03:39:00,34.554,0.0463655381042,0.0,0,0.0
2014-05-18 03:44:00,33.348,0.0463655381042,0.0,0,0.0
2014-05-18 03:49:00,31.326,0.0463655381042,0.0,0,0.0
2014-05-18 03:54:00,30.664,0.0463655381042,0.0,0,0.0
2014-05-18 03:59:00,33.61,0.0604927633282,0.0,0,0.0
2014-05-18 04:04:00,44.89,0.0736166466803,0.0,0,0.0
2014-05-18 04:09:00,72.834,0.0574685214841,0.125,0,0.0
2014-05-18 04:14:00,31.83,0.0489945430969,0.0750000029802,0,0.0
2014-05-18 04:19:00,31.001,0.0489945430969,0.0,0,0.0
2014-05-18 04:24:00,30.828,0.0489945430969,0.0,0,0.0
2014-05-18 04:29:00,32.389,0.0489945430969,0.0,0,0.0
2014-05-18 04:34:00,31.335,0.0489945430969,0.0,0,0.0
2014-05-18 04:39:00,31.103,0.0489945430969,0.0,0,0.0
2014-05-18 04:44:00,32.209,0.0489945430969,0.0,0,0.0
2014-05-18 04:49:00,31.29,0.0489945430969,0.0,0,0.0
2014-05-18 04:54:00,30.813,0.0489945430969,0.0,0,0.0
2014-05-18 04:59:00,33.992,0.0636186580471,0.0,0,0.0
2014-05-18 05:04:00,45.506,0.0701795989555,0.0250000003725,0,0.0
2014-05-18 05:09:00,73.118,0.0604927630991,0.0750000029802,0,0.0
2014-05-18 05:14:00,31.731,0.0551624209998,0.0250000003725,0,0.0
2014-05-18 05:19:00,31.17,0.0551624209998,0.0,0,0.0
2014-05-18 05:24:00,31.957,0.0551624209998,0.0,0,0.0
2014-05-18 05:29:00,32.373,0.0551624209998,0.0,0,0.0
2014-05-18 05:34:00,30.509,0.0551624209998,0.0,0,0.0
2014-05-18 05:39:00,31.009,0.0551624209998,0.0,0,0.0
2014-05-18 05:44:00,32.631,0.0551624209998,0.0,0,0.0
2014-05-18 05:49:00,30.89,0.0551624209998,0.0,0,0.0
2014-05-18 05:54:00,30.828,0.0582304199948,0.0,0,0.0
2014-05-18 05:59:00,34.006,0.0680949313164,0.0,0,0.0
2014-05-18 06:04:00,44.839,0.0716072053499,0.0,0,0.0
2014-05-18 06:09:00,79.333,0.0343893452558,0.324999988079,0,0.0
2014-05-18 06:14:00,32.131,0.154696287418,0.875,0,0.0
2014-05-18 06:19:00,31.667,0.154696287418,0.0,0,0.0
2014-05-18 06:24:00,31.282,0.154696287418,0.0,0,0.0
2014-05-18 06:29:00,32.032,0.154696287418,0.0,0,0.0
2014-05-18 06:34:00,31.121,0.154696287418,0.0,0,0.0
2014-05-18 06:39:00,30.766,0.154696287418,0.0,0,0.0
2014-05-18 06:44:00,32.612,0.154696287418,0.0,0,0.0
2014-05-18 06:49:00,31.004,0.154696287418,0.0,0,0.0
2014-05-18 06:54:00,30.886,0.154696287418,0.0,0,0.0
2014-05-18 06:59:00,34.808,0.0905458217708,0.0,0,0.0
2014-05-18 07:04:00,45.449,0.0716072053499,0.0,0,0.0
2014-05-18 07:09:00,86.784,0.0387720677618,0.47499999404,0,0.0
2014-05-18 07:14:00,31.39,0.225751440346,1.0,0,0.0
2014-05-18 07:19:00,31.037,0.225751440346,0.0,0,0.0
2014-05-18 07:24:00,32.226,0.225751440346,0.0,0,0.0
2014-05-18 07:29:00,31.528,0.225751440346,0.0,0,0.0
2014-05-18 07:34:00,30.953,0.225751440346,0.0,0,0.0
2014-05-18 07:39:00,31.387,0.225751440346,0.0,0,0.0
2014-05-18 07:44:00,32.103,0.225751440346,0.0,0,0.0
2014-05-18 07:49:00,31.159,0.225751440346,0.0,0,0.0
2014-05-18 07:54:00,31.215,0.225751440346,0.0,0,0.0
2014-05-18 07:59:00,34.336,0.112752586744,0.0,0,0.0
2014-05-18 08:04:00,45.26,0.0716072053499,0.0,0,0.0
2014-05-18 08:09:00,72.809,0.0716072053499,0.0,0,0.0
2014-05-18 08:14:00,32.382,0.0680949313164,0.0250000003725,0,0.0
2014-05-18 08:19:00,31.449,0.0680949313164,0.0,0,0.0
2014-05-18 08:24:00,31.048,0.0680949313164,0.0,0,0.0
2014-05-18 08:29:00,32.114,0.0680949313164,0.0,0,0.0
2014-05-18 08:34:00,31.486,0.0680949313164,0.0,0,0.0
2014-05-18 08:39:00,31.248,0.0680949313164,0.0,0,0.0
2014-05-18 08:44:00,32.173,0.0680949313164,0.0,0,0.0
2014-05-18 08:49:00,31.218,0.0680949313164,0.0,0,0.0
2014-05-18 08:54:00,30.827,0.0680949313164,0.0,0,0.0
2014-05-18 08:59:00,34.284,0.0680949313164,0.0,0,0.0
2014-05-18 09:04:00,45.058,0.0680949313164,0.0250000003725,0,0.0
2014-05-18 09:09:00,80.053,0.0389745712941,0.25,0,0.0
2014-05-18 09:14:00,33.001,0.13802564575,0.850000023842,0,0.0
2014-05-18 09:19:00,30.293,0.13802564575,0.0,0,0.0
2014-05-18 09:24:00,31.815,0.13802564575,0.0,0,0.0
2014-05-18 09:29:00,32.226,0.13802564575,0.0,0,0.0
2014-05-18 09:34:00,31.783,0.13802564575,0.0,0,0.0
2014-05-18 09:39:00,30.208,0.13802564575,0.0,0,0.0
2014-05-18 09:44:00,33.59,0.13802564575,0.0,0,0.0
2014-05-18 09:49:00,30.155,0.13802564575,0.0,0,0.0
2014-05-18 09:54:00,30.555,0.13272153737,0.0,0,0.0
2014-05-18 09:59:00,34.357,0.0864639362852,0.0,0,0.0
2014-05-18 10:04:00,45.061,0.0680949313164,0.0250000003725,0,0.0
2014-05-18 10:09:00,86.053,0.0389745712941,0.25,0,0.0
2014-05-18 10:14:00,33.838,0.132721529951,0.824999988079,0,0.0
2014-05-18 10:19:00,30.173,0.132721529951,0.0,0,0.0
2014-05-18 10:24:00,30.939,0.132721529951,0.0,0,0.0
2014-05-18 10:29:00,31.993,0.132721529951,0.0,0,0.0
2014-05-18 10:34:00,31.059,0.132721529951,0.0,0,0.0
2014-05-18 10:39:00,31.439,0.132721529951,0.0,0,0.0
2014-05-18 10:44:00,32.679,0.132721529951,0.0,0,0.0
2014-05-18 10:49:00,31.22,0.132721529951,0.0,0,0.0
2014-05-18 10:54:00,31.043,0.127542815375,0.0,0,0.0
2014-05-18 10:59:00,33.662,0.0824998387714,0.0,0,0.0
2014-05-18 11:04:00,45.401,0.0680949313164,0.0250000003725,0,0.0
2014-05-18 11:09:00,79.72,0.0366331134313,0.27500000596,0,0.0
2014-05-18 11:14:00,32.668,0.132721536199,0.800000011921,0,0.0
2014-05-18 11:19:00,31.497,0.132721536199,0.0,0,0.0
2014-05-18 11:24:00,30.998,0.132721536199,0.0,0,0.0
2014-05-18 11:29:00,32.144,0.132721536199,0.0,0,0.0
2014-05-18 11:34:00,30.831,0.132721536199,0.0,0,0.0
2014-05-18 11:39:00,31.115,0.132721536199,0.0,0,0.0
2014-05-18 11:44:00,32.666,0.132721536199,0.0,0,0.0
2014-05-18 11:49:00,30.0,0.132721536199,0.0,0,0.0
2014-05-18 11:54:00,31.0,0.127542821474,0.0,0,0.0
2014-05-18 11:59:00,34.211,0.0786526106223,0.0,0,0.0
2014-05-18 12:04:00,45.497,0.0716072053499,0.0,0,0.0
2014-05-18 12:09:00,86.11,0.0439570253927,0.22499999404,0,0.0
2014-05-18 12:14:00,31.664,0.0824998434272,0.600000023842,0,0.0
2014-05-18 12:19:00,32.66,0.0824998434272,0.0,0,0.0
2014-05-18 12:24:00,31.327,0.0824998434272,0.0,0,0.0
2014-05-18 12:29:00,32.165,0.0824998434272,0.0,0,0.0
2014-05-18 12:34:00,31.003,0.0824998434272,0.0,0,0.0
2014-05-18 12:39:00,30.671,0.0824998434272,0.0,0,0.0
2014-05-18 12:44:00,32.344,0.0824998434272,0.0,0,0.0
2014-05-18 12:49:00,31.042,0.0824998434272,0.0,0,0.0
2014-05-18 12:54:00,30.833,0.0824998434272,0.0,0,0.0
2014-05-18 12:59:00,34.431,0.0519562075457,0.0,0,0.0
2014-05-18 13:04:00,45.493,0.0716072053499,0.0,0,0.0
2014-05-18 13:09:00,79.446,0.0551624214489,0.125,0,0.0
2014-05-18 13:14:00,32.885,0.0412043566047,0.375,0,0.0
2014-05-18 13:19:00,30.949,0.0412043566047,0.0,0,0.0
2014-05-18 13:24:00,30.661,0.0412043566047,0.0,0,0.0
2014-05-18 13:29:00,32.819,0.0412043566047,0.0,0,0.0
2014-05-18 13:34:00,31.445,0.0372602631285,0.0,0,0.0
2014-05-18 13:39:00,31.069,0.0372602631285,0.0,0,0.0
2014-05-18 13:44:00,32.891,0.0372602631285,0.0,0,0.0
2014-05-18 13:49:00,30.453,0.0372602631285,0.0,0,0.0
2014-05-18 13:54:00,31.168,0.0372602631285,0.0,0,0.0
2014-05-18 13:59:00,34.499,0.0330973537512,0.0,0,0.0
2014-05-18 14:04:00,45.508,0.0740812689754,0.0,0,0.0
2014-05-18 14:09:00,79.0,0.052262884898,0.17499999702,0,0.0
2014-05-18 14:14:00,32.513,0.0311039776511,0.22499999404,0,0.0
2014-05-18 14:19:00,32.048,0.0311039776511,0.0,0,0.0
2014-05-18 14:24:00,32.118,0.0311039776511,0.0,0,0.0
2014-05-18 14:29:00,31.168,0.0311039776511,0.0,0,0.0
2014-05-18 14:34:00,31.024,0.0311039776511,0.0,0,0.0
2014-05-18 14:39:00,30.988,0.0311039776511,0.0,0,0.0
2014-05-18 14:44:00,32.451,0.0311039776511,0.0,0,0.0
2014-05-18 14:49:00,30.161,0.0311039776511,0.0,0,0.0
2014-05-18 14:54:00,31.002,0.0311039776511,0.0,0,0.0
2014-05-18 14:59:00,34.189,0.0469159988991,0.0,0,0.0
2014-05-18 15:04:00,44.768,0.0740812689754,0.0,0,0.0
2014-05-18 15:09:00,78.367,0.052262884898,0.17499999702,0,0.0
2014-05-18 15:14:00,32.952,0.0608956259453,0.550000011921,0,0.0
2014-05-18 15:19:00,32.485,0.0608956259453,0.0,0,0.0
2014-05-18 15:24:00,29.931,0.0608956259453,0.0,0,0.0
2014-05-18 15:29:00,32.443,0.0608956259453,0.0,0,0.0
2014-05-18 15:34:00,30.784,0.0608956259453,0.0,0,0.0
2014-05-18 15:39:00,31.549,0.0608956259453,0.0,0,0.0
2014-05-18 15:44:00,32.617,0.0608956259453,0.0,0,0.0
2014-05-18 15:49:00,31.833,0.0608956259453,0.0,0,0.0
2014-05-18 15:54:00,30.987,0.0608956259453,0.0,0,0.0
2014-05-18 15:59:00,33.387,0.0418559758799,0.0,0,0.0
2014-05-18 16:04:00,44.667,0.0740812689754,0.0,0,0.0
2014-05-18 16:09:00,86.051,0.057996691304,0.125,0,0.0
2014-05-18 16:14:00,32.401,0.0468185079521,0.47499999404,0,0.0
2014-05-18 16:19:00,32.508,0.0468185079521,0.0,0,0.0
2014-05-18 16:24:00,30.38,0.0468185079521,0.0,0,0.0
2014-05-18 16:29:00,31.925,0.0468185079521,0.0,0,0.0
2014-05-18 16:34:00,31.5,0.0468185079521,0.0,0,0.0
2014-05-18 16:39:00,31.542,0.0468185079521,0.0,0,0.0
2014-05-18 16:44:00,30.778,0.0468185079521,0.0,0,0.0
2014-05-18 16:49:00,30.995,0.0468185079521,0.0,0,0.0
2014-05-18 16:54:00,31.053,0.0468185079521,0.0,0,0.0
2014-05-18 16:59:00,33.949,0.0350965546644,0.0,0,0.0
2014-05-18 17:04:00,45.0,0.0673423062689,0.0500000007451,0,0.0
2014-05-18 17:09:00,86.282,0.0443846732005,0.20000000298,0,0.0
2014-05-18 17:14:00,34.07,0.100825590847,0.75,0,0.0
2014-05-18 17:19:00,32.164,0.100825590847,0.0,0,0.0
2014-05-18 17:24:00,31.323,0.100825590847,0.0,0,0.0
2014-05-18 17:29:00,32.766,0.100825590847,0.0,0,0.0
2014-05-18 17:34:00,30.389,0.100825590847,0.0,0,0.0
2014-05-18 17:39:00,31.167,0.100825590847,0.0,0,0.0
2014-05-18 17:44:00,32.285,0.100825590847,0.0,0,0.0
2014-05-18 17:49:00,30.889,0.100825590847,0.0,0,0.0
2014-05-18 17:54:00,31.117,0.0926107964151,0.0,0,0.0
2014-05-18 17:59:00,34.896,0.0640066844612,0.0,0,0.0
2014-05-18 18:04:00,46.582,0.0706602861056,0.0250000003725,0,0.0
2014-05-18 18:09:00,85.373,0.0495416616534,0.17499999702,0,0.0
2014-05-18 18:14:00,32.284,0.123289261986,0.925000011921,0,0.0
2014-05-18 18:19:00,31.839,0.123289261986,0.0,0,0.0
2014-05-18 18:24:00,31.078,0.123289261986,0.0,0,0.0
2014-05-18 18:29:00,32.547,0.123289261986,0.0,0,0.0
2014-05-18 18:34:00,31.387,0.123289261986,0.0,0,0.0
2014-05-18 18:39:00,32.286,0.123289261986,0.0,0,0.0
2014-05-18 18:44:00,31.162,0.123289261986,0.0,0,0.0
2014-05-18 18:49:00,31.222,0.123289261986,0.0,0,0.0
2014-05-18 18:54:00,31.283,0.118573733936,0.0,0,0.0
2014-05-18 18:59:00,35.07,0.0886657661986,0.0,0,0.0
2014-05-18 19:04:00,44.65,0.0706602861056,0.0250000003725,0,0.0
2014-05-18 19:09:00,86.834,0.0395999388852,0.27500000596,0,0.0
2014-05-18 19:14:00,32.042,0.14856692785,0.949999988079,0,0.0
2014-05-18 19:19:00,31.502,0.14856692785,0.0,0,0.0
2014-05-18 19:24:00,30.915,0.14856692785,0.0,0,0.0
2014-05-18 19:29:00,33.159,0.14856692785,0.0,0,0.0
2014-05-18 19:34:00,31.656,0.14856692785,0.0,0,0.0
2014-05-18 19:39:00,30.811,0.14856692785,0.0,0,0.0
2014-05-18 19:44:00,32.334,0.14856692785,0.0,0,0.0
2014-05-18 19:49:00,30.811,0.14856692785,0.0,0,0.0
2014-05-18 19:54:00,31.218,0.143282943097,0.0,0,0.0
2014-05-18 19:59:00,34.519,0.0926107940315,0.0,0,0.0
2014-05-18 20:04:00,46.4,0.0740812689754,0.0,0,0.0
2014-05-18 20:09:00,85.201,0.0495416610558,0.20000000298,0,0.0
2014-05-18 20:14:00,32.281,0.0468185094868,0.40000000596,0,0.0
2014-05-18 20:19:00,31.602,0.0468185094868,0.0,0,0.0
2014-05-18 20:24:00,31.38,0.0468185094868,0.0,0,0.0
2014-05-18 20:29:00,33.708,0.0468185094868,0.0,0,0.0
2014-05-18 20:34:00,31.287,0.0468185094868,0.0,0,0.0
2014-05-18 20:39:00,31.492,0.0468185094868,0.0,0,0.0
2014-05-18 20:44:00,32.602,0.0468185094868,0.0,0,0.0
2014-05-18 20:49:00,30.832,0.0468185094868,0.0,0,0.0
2014-05-18 20:54:00,31.097,0.0468185094868,0.0,0,0.0
2014-05-18 20:59:00,34.117,0.0311039764883,0.0,0,0.0
2014-05-18 21:04:00,45.716,0.0740812689754,0.0,0,0.0
2014-05-18 21:09:00,86.271,0.052262884898,0.17499999702,0,0.0
2014-05-18 21:14:00,32.782,0.0468185094868,0.425000011921,0,0.0
2014-05-18 21:19:00,31.28,0.0468185094868,0.0,0,0.0
2014-05-18 21:24:00,31.666,0.0468185094868,0.0,0,0.0
2014-05-18 21:29:00,33.168,0.0468185094868,0.0,0,0.0
2014-05-18 21:34:00,30.648,0.0468185094868,0.0,0,0.0
2014-05-18 21:39:00,31.395,0.0468185094868,0.0,0,0.0
2014-05-18 21:44:00,32.118,0.0468185094868,0.0,0,0.0
2014-05-18 21:49:00,31.667,0.0468185094868,0.0,0,0.0
2014-05-18 21:54:00,30.999,0.0446135744386,0.0,0,0.0
2014-05-18 21:59:00,35.484,0.0309528392143,0.0,0,0.0
2014-05-18 22:04:00,43.313,0.0777822223299,0.0,0,0.0
2014-05-18 22:09:00,86.218,0.0550721768539,0.17499999702,0,0.0
2014-05-18 22:14:00,33.782,0.101911080324,0.850000023842,0,0.0
2014-05-18 22:19:00,29.994,0.101911080324,0.0,0,0.0
2014-05-18 22:24:00,31.367,0.101911080324,0.0,0,0.0
2014-05-18 22:29:00,32.273,0.101911080324,0.0,0,0.0
2014-05-18 22:34:00,31.322,0.101911080324,0.0,0,0.0
2014-05-18 22:39:00,32.167,0.101911080324,0.0,0,0.0
2014-05-18 22:44:00,31.667,0.101911080324,0.0,0,0.0
2014-05-18 22:49:00,31.374,0.101911080324,0.0,0,0.0
2014-05-18 22:54:00,30.829,0.101911080324,0.0,0,0.0
2014-05-18 22:59:00,34.611,0.0746611016562,0.0,0,0.0
2014-05-18 23:04:00,45.629,0.0777822223299,0.0,0,0.0
2014-05-18 23:09:00,86.334,0.04185005918,0.300000011921,0,0.0
2014-05-18 23:14:00,32.674,0.150342204258,0.975000023842,0,0.0
2014-05-18 23:19:00,31.21,0.150342204258,0.0,0,0.0
2014-05-18 23:24:00,30.785,0.150342204258,0.0,0,0.0
2014-05-18 23:29:00,32.71,0.150342204258,0.0,0,0.0
2014-05-18 23:34:00,31.333,0.150342204258,0.0,0,0.0
2014-05-18 23:39:00,30.993,0.150342204258,0.0,0,0.0
2014-05-18 23:44:00,32.489,0.150342204258,0.0,0,0.0
2014-05-18 23:49:00,30.829,0.150342204258,0.0,0,0.0
2014-05-18 23:54:00,31.771,0.150342204258,0.0,0,0.0
2014-05-18 23:59:00,33.383,0.0935803924207,0.0,0,0.0
2014-05-19 00:04:00,45.167,0.0777822223299,0.0,0,0.0
2014-05-19 00:09:00,86.118,0.0610479620383,0.125,0,0.0
2014-05-19 00:14:00,33.16,0.0522338582812,0.0750000029802,0,0.0
2014-05-19 00:19:00,31.868,0.0522338582812,0.0,0,0.0
2014-05-19 00:24:00,31.618,0.0522338582812,0.0,0,0.0
2014-05-19 00:29:00,32.882,0.0522338582812,0.0,0,0.0
2014-05-19 00:34:00,31.459,0.0522338582812,0.0,0,0.0
2014-05-19 00:39:00,30.834,0.0522338582812,0.0,0,0.0
2014-05-19 00:44:00,32.001,0.0522338582812,0.0,0,0.0
2014-05-19 00:49:00,31.718,0.0522338582812,0.0,0,0.0
2014-05-19 00:54:00,30.102,0.0522338582812,0.0,0,0.0
2014-05-19 00:59:00,34.833,0.0674299130205,0.0,0,0.0
2014-05-19 01:04:00,45.715,0.0777822223299,0.0,0,0.0
2014-05-19 01:09:00,86.333,0.0742262507784,0.0250000003725,0,0.0
2014-05-19 01:14:00,32.174,0.0707757932517,0.0250000003725,0,0.0
2014-05-19 01:19:00,31.387,0.0707757932517,0.0,0,0.0
2014-05-19 01:24:00,31.817,0.0707757932517,0.0,0,0.0
2014-05-19 01:29:00,32.689,0.0707757932517,0.0,0,0.0
2014-05-19 01:34:00,30.613,0.0707757932517,0.0,0,0.0
2014-05-19 01:39:00,31.381,0.0707757932517,0.0,0,0.0
2014-05-19 01:44:00,31.618,0.0707757932517,0.0,0,0.0
2014-05-19 01:49:00,30.666,0.0707757932517,0.0,0,0.0
2014-05-19 01:54:00,31.838,0.0707757932517,0.0,0,0.0
2014-05-19 01:59:00,34.671,0.0742262507784,0.0,0,0.0
2014-05-19 02:04:00,44.306,0.0777822223299,0.0,0,0.0
2014-05-19 02:09:00,85.834,0.0742262507784,0.0250000003725,0,0.0
2014-05-19 02:14:00,32.491,0.0707757932517,0.0250000003725,0,0.0
2014-05-19 02:19:00,31.334,0.0707757932517,0.0,0,0.0
2014-05-19 02:24:00,31.666,0.0707757932517,0.0,0,0.0
2014-05-19 02:29:00,31.507,0.0707757932517,0.0,0,0.0
2014-05-19 02:34:00,31.021,0.0707757932517,0.0,0,0.0
2014-05-19 02:39:00,31.216,0.0707757932517,0.0,0,0.0
2014-05-19 02:44:00,32.284,0.0707757932517,0.0,0,0.0
2014-05-19 02:49:00,31.453,0.0707757932517,0.0,0,0.0
2014-05-19 02:54:00,31.166,0.0707757932517,0.0,0,0.0
2014-05-19 02:59:00,34.297,0.0742262507784,0.0,0,0.0
2014-05-19 03:04:00,45.555,0.0777822223299,0.0,0,0.0
2014-05-19 03:09:00,87.167,0.0674299130205,0.0750000029802,0,0.0
2014-05-19 03:14:00,31.992,0.0443030892405,0.20000000298,0,0.0
2014-05-19 03:19:00,31.672,0.0443030892405,0.0,0,0.0
2014-05-19 03:24:00,30.872,0.0443030892405,0.0,0,0.0
2014-05-19 03:29:00,32.446,0.0443030892405,0.0,0,0.0
2014-05-19 03:34:00,31.051,0.0443030892405,0.0,0,0.0
2014-05-19 03:39:00,36.501,0.0443030892405,0.0,0,0.0
2014-05-19 03:44:00,36.933,0.0443030892405,0.0,0,0.0
2014-05-19 03:49:00,31.495,0.0443030892405,0.0,0,0.0
2014-05-19 03:54:00,31.366,0.0443030892405,0.0,0,0.0
2014-05-19 03:59:00,33.931,0.0522338582812,0.0,0,0.0
2014-05-19 04:04:00,45.265,0.0777822223299,0.0,0,0.0
2014-05-19 04:09:00,86.384,0.0674299130205,0.0750000029802,0,0.0
2014-05-19 04:14:00,31.962,0.0397775133705,0.47499999404,0,0.0
2014-05-19 04:19:00,30.98,0.0397775133705,0.0,0,0.0
2014-05-19 04:24:00,30.839,0.0397775133705,0.0,0,0.0
2014-05-19 04:29:00,32.554,0.0397775133705,0.0,0,0.0
2014-05-19 04:34:00,31.611,0.0397775133705,0.0,0,0.0
2014-05-19 04:39:00,30.835,0.0397775133705,0.0,0,0.0
2014-05-19 04:44:00,32.222,0.0397775133705,0.0,0,0.0
2014-05-19 04:49:00,30.782,0.0397775133705,0.0,0,0.0
2014-05-19 04:54:00,30.721,0.0397775133705,0.0,0,0.0
2014-05-19 04:59:00,34.357,0.033208821669,0.0,0,0.0
2014-05-19 05:04:00,44.771,0.0777822223299,0.0,0,0.0
2014-05-19 05:09:00,85.618,0.0707757932517,0.0500000007451,0,0.0
2014-05-19 05:14:00,34.332,0.0674299132659,0.0250000003725,0,0.0
2014-05-19 05:19:00,31.161,0.0674299132659,0.0,0,0.0
2014-05-19 05:24:00,31.679,0.0674299132659,0.0,0,0.0
2014-05-19 05:29:00,33.218,0.0674299132659,0.0,0,0.0
2014-05-19 05:34:00,31.169,0.0674299132659,0.0,0,0.0
2014-05-19 05:39:00,30.428,0.0674299132659,0.0,0,0.0
2014-05-19 05:44:00,32.188,0.0674299132659,0.0,0,0.0
2014-05-19 05:49:00,31.055,0.0674299132659,0.0,0,0.0
2014-05-19 05:54:00,30.626,0.0674299132659,0.0,0,0.0
2014-05-19 05:59:00,34.22,0.0742262507784,0.0,0,0.0
2014-05-19 06:04:00,45.165,0.0777822223299,0.0,0,0.0
2014-05-19 06:09:00,86.271,0.0777822223299,0.0,0,0.0
2014-05-19 06:14:00,32.419,0.070113058289,0.0500000007451,0,0.0
2014-05-19 06:19:00,31.375,0.070113058289,0.0,0,0.0
2014-05-19 06:24:00,31.065,0.070113058289,0.0,0,0.0
2014-05-19 06:29:00,34.333,0.070113058289,0.0,0,0.0
2014-05-19 06:34:00,29.305,0.070113058289,0.0,0,0.0
2014-05-19 06:39:00,31.837,0.070113058289,0.0,0,0.0
2014-05-19 06:44:00,31.494,0.070113058289,0.0,0,0.0
2014-05-19 06:49:00,30.835,0.070113058289,0.0,0,0.0
2014-05-19 06:54:00,31.388,0.070113058289,0.0,0,0.0
2014-05-19 06:59:00,34.173,0.070113058289,0.0,0,0.0
2014-05-19 07:04:00,45.615,0.0771130361815,0.0,0,0.0
2014-05-19 07:09:00,86.723,0.0771130361815,0.0,0,0.0
2014-05-19 07:14:00,32.952,0.0771130361815,0.0,0,0.0
2014-05-19 07:19:00,30.503,0.0771130361815,0.0,0,0.0
2014-05-19 07:24:00,30.945,0.0771130361815,0.0,0,0.0
2014-05-19 07:29:00,31.902,0.0771130361815,0.0,0,0.0
2014-05-19 07:34:00,31.169,0.0771130361815,0.0,0,0.0
2014-05-19 07:39:00,30.929,0.0771130361815,0.0,0,0.0
2014-05-19 07:44:00,32.29,0.0771130361815,0.0,0,0.0
2014-05-19 07:49:00,31.603,0.0771130361815,0.0,0,0.0
2014-05-19 07:54:00,30.995,0.0771130361815,0.0,0,0.0
2014-05-19 07:59:00,34.727,0.0771130361815,0.0,0,0.0
2014-05-19 08:04:00,44.003,0.0771130361815,0.0,0,0.0
2014-05-19 08:09:00,85.833,0.0667716547749,0.0750000029802,0,0.0
2014-05-19 08:14:00,32.728,0.0604010517112,0.0500000007451,0,0.0
2014-05-19 08:19:00,30.945,0.0604010517112,0.0,0,0.0
2014-05-19 08:24:00,31.771,0.0604010517112,0.0,0,0.0
2014-05-19 08:29:00,32.384,0.0604010517112,0.0,0,0.0
2014-05-19 08:34:00,31.386,0.0604010517112,0.0,0,0.0
2014-05-19 08:39:00,31.777,0.0604010517112,0.0,0,0.0
2014-05-19 08:44:00,32.191,0.0604010517112,0.0,0,0.0
2014-05-19 08:49:00,30.882,0.0604010517112,0.0,0,0.0
2014-05-19 08:54:00,31.119,0.0604010517112,0.0,0,0.0
2014-05-19 08:59:00,34.438,0.070113058289,0.0,0,0.0
2014-05-19 09:04:00,45.123,0.0735598663351,0.0250000003725,0,0.0
2014-05-19 09:09:00,86.333,0.0635346629409,0.0750000029802,0,0.0
2014-05-19 09:14:00,33.659,0.054439653382,0.0750000029802,0,0.0
2014-05-19 09:19:00,29.987,0.054439653382,0.0,0,0.0
2014-05-19 09:24:00,32.339,0.054439653382,0.0,0,0.0
2014-05-19 09:29:00,31.214,0.054439653382,0.0,0,0.0
2014-05-19 09:34:00,31.936,0.054439653382,0.0,0,0.0
2014-05-19 09:39:00,31.0,0.054439653382,0.0,0,0.0
2014-05-19 09:44:00,32.496,0.054439653382,0.0,0,0.0
2014-05-19 09:49:00,31.009,0.054439653382,0.0,0,0.0
2014-05-19 09:54:00,31.045,0.0573697514299,0.0,0,0.0
2014-05-19 09:59:00,34.484,0.0667716547749,0.0,0,0.0
2014-05-19 10:04:00,45.0,0.0735598663351,0.0250000003725,0,0.0
2014-05-19 10:09:00,86.118,0.0604010519409,0.10000000149,0,0.0
2014-05-19 10:14:00,33.552,0.0389169197073,0.20000000298,0,0.0
2014-05-19 10:19:00,30.997,0.0389169197073,0.0,0,0.0
2014-05-19 10:24:00,31.451,0.0389169197073,0.0,0,0.0
2014-05-19 10:29:00,33.165,0.0389169197073,0.0,0,0.0
2014-05-19 10:34:00,31.056,0.0389169197073,0.0,0,0.0
2014-05-19 10:39:00,31.286,0.0389169197073,0.0,0,0.0
2014-05-19 10:44:00,32.423,0.0389169197073,0.0,0,0.0
2014-05-19 10:49:00,31.08,0.0389169197073,0.0,0,0.0
2014-05-19 10:54:00,30.884,0.0412654564068,0.0,0,0.0
2014-05-19 10:59:00,33.967,0.0516096077563,0.0,0,0.0
2014-05-19 11:04:00,46.334,0.0771130361815,0.0,0,0.0
2014-05-19 11:09:00,86.387,0.0735598663351,0.0250000003725,0,0.0
2014-05-19 11:14:00,33.488,0.070113058289,0.0250000003725,0,0.0
2014-05-19 11:19:00,31.282,0.070113058289,0.0,0,0.0
2014-05-19 11:24:00,32.043,0.070113058289,0.0,0,0.0
2014-05-19 11:29:00,31.165,0.070113058289,0.0,0,0.0
2014-05-19 11:34:00,30.998,0.070113058289,0.0,0,0.0
2014-05-19 11:39:00,31.825,0.070113058289,0.0,0,0.0
2014-05-19 11:44:00,32.11,0.070113058289,0.0,0,0.0
2014-05-19 11:49:00,30.211,0.070113058289,0.0,0,0.0
2014-05-19 11:54:00,31.943,0.070113058289,0.0,0,0.0
2014-05-19 11:59:00,34.5,0.0735598663351,0.0,0,0.0
2014-05-19 12:04:00,44.887,0.0771130361815,0.0,0,0.0
2014-05-19 12:09:00,86.5,0.0735598663351,0.0250000003725,0,0.0
2014-05-19 12:14:00,32.997,0.0635346629409,0.0750000029802,0,0.0
2014-05-19 12:19:00,29.655,0.0635346629409,0.0,0,0.0
2014-05-19 12:24:00,32.822,0.0635346629409,0.0,0,0.0
2014-05-19 12:29:00,31.194,0.0635346629409,0.0,0,0.0
2014-05-19 12:34:00,30.777,0.0635346629409,0.0,0,0.0
2014-05-19 12:39:00,31.555,0.0635346629409,0.0,0,0.0
2014-05-19 12:44:00,32.49,0.0635346629409,0.0,0,0.0
2014-05-19 12:49:00,31.449,0.0635346629409,0.0,0,0.0
2014-05-19 12:54:00,31.654,0.0635346629409,0.0,0,0.0
2014-05-19 12:59:00,35.217,0.0667716547749,0.0,0,0.0
2014-05-19 13:04:00,44.945,0.0771130361815,0.0,0,0.0
2014-05-19 13:09:00,92.833,0.0544396544548,0.17499999702,0,0.0
2014-05-19 13:14:00,32.834,0.107960626879,0.875,0,0.0
2014-05-19 13:19:00,31.216,0.107960626879,0.0,0,0.0
2014-05-19 13:24:00,31.762,0.107960626879,0.0,0,0.0
2014-05-19 13:29:00,33.168,0.107960626879,0.0,0,0.0
2014-05-19 13:34:00,30.555,0.107960626879,0.0,0,0.0
2014-05-19 13:39:00,31.415,0.107960626879,0.0,0,0.0
2014-05-19 13:44:00,32.829,0.107960626879,0.0,0,0.0
2014-05-19 13:49:00,31.207,0.107960626879,0.0,0,0.0
2014-05-19 13:54:00,30.769,0.107960626879,0.0,0,0.0
2014-05-19 13:59:00,35.161,0.0795250145238,0.0,0,0.0
2014-05-19 14:04:00,44.886,0.0771130361815,0.0,0,0.0
2014-05-19 14:09:00,92.881,0.0488784228198,0.22499999404,0,0.0
2014-05-19 14:14:00,32.992,0.103564288911,0.800000011921,0,0.0
2014-05-19 14:19:00,31.786,0.103564288911,0.0,0,0.0
2014-05-19 14:24:00,30.056,0.103564288911,0.0,0,0.0
2014-05-19 14:29:00,33.602,0.103564288911,0.0,0,0.0
2014-05-19 14:34:00,31.991,0.10758422382,0.0,0,0.0
2014-05-19 14:39:00,30.71,0.10758422382,0.0,0,0.0
2014-05-19 14:44:00,33.0,0.10758422382,0.0,0,0.0
2014-05-19 14:49:00,31.78,0.10758422382,0.0,0,0.0
2014-05-19 14:54:00,30.333,0.10758422382,0.0,0,0.0
2014-05-19 14:59:00,34.22,0.0717519810575,0.0,0,0.0
2014-05-19 15:04:00,45.782,0.0718970467311,0.0250000003725,0,0.0
2014-05-19 15:09:00,93.0,0.0528874687069,0.15000000596,0,0.0
2014-05-19 15:14:00,32.039,0.0422607342686,0.10000000149,0,0.0
2014-05-19 15:19:00,32.552,0.0422607342686,0.0,0,0.0
2014-05-19 15:24:00,31.131,0.0422607342686,0.0,0,0.0
2014-05-19 15:29:00,33.045,0.0422607342686,0.0,0,0.0
2014-05-19 15:34:00,31.171,0.0422607342686,0.0,0,0.0
2014-05-19 15:39:00,30.765,0.0422607342686,0.0,0,0.0
2014-05-19 15:44:00,32.183,0.0422607342686,0.0,0,0.0
2014-05-19 15:49:00,30.285,0.0422607342686,0.0,0,0.0
2014-05-19 15:54:00,30.706,0.0447695506994,0.0,0,0.0
2014-05-19 15:59:00,34.267,0.0619194452277,0.0,0,0.0
2014-05-19 16:04:00,45.216,0.0754380262889,0.0,0,0.0
2014-05-19 16:09:00,93.333,0.0557949352266,0.15000000596,0,0.0
2014-05-19 16:14:00,33.003,0.0311314576323,0.25,0,0.0
2014-05-19 16:19:00,31.383,0.0311314576323,0.0,0,0.0
2014-05-19 16:24:00,31.329,0.0311314576323,0.0,0,0.0
2014-05-19 16:29:00,32.658,0.0311314576323,0.0,0,0.0
2014-05-19 16:34:00,30.265,0.0311314576323,0.0,0,0.0
2014-05-19 16:39:00,31.703,0.0311314576323,0.0,0,0.0
2014-05-19 16:44:00,31.849,0.0311314576323,0.0,0,0.0
2014-05-19 16:49:00,31.775,0.0311314576323,0.0,0,0.0
2014-05-19 16:54:00,30.502,0.0311314576323,0.0,0,0.0
2014-05-19 16:59:00,34.384,0.0447695514616,0.0,0,0.0
2014-05-19 17:04:00,45.283,0.0754380262889,0.0,0,0.0
2014-05-19 17:09:00,100.0,0.0311314576323,0.40000000596,0,0.0
2014-05-19 17:14:00,33.0,0.182093093493,0.975000023842,0,0.0
2014-05-19 17:19:00,30.925,0.182093093493,0.0,0,0.0
2014-05-19 17:24:00,31.225,0.182093093493,0.0,0,0.0
2014-05-19 17:29:00,33.174,0.182093093493,0.0,0,0.0
2014-05-19 17:34:00,30.841,0.182093093493,0.0,0,0.0
2014-05-19 17:39:00,31.2,0.182093093493,0.0,0,0.0
2014-05-19 17:44:00,32.665,0.182093093493,0.0,0,0.0
2014-05-19 17:49:00,31.784,0.182093093493,0.0,0,0.0
2014-05-19 17:54:00,30.842,0.182093093493,0.0,0,0.0
2014-05-19 17:59:00,34.356,0.0988311154442,0.0,0,0.0
2014-05-19 18:04:00,46.0,0.0754380262889,0.0,0,0.0
2014-05-19 18:09:00,93.22,0.0557949352266,0.15000000596,0,0.0
2014-05-19 18:14:00,32.451,0.0586778150968,0.550000011921,0,0.0
2014-05-19 18:19:00,31.052,0.0586778150968,0.0,0,0.0
2014-05-19 18:24:00,30.953,0.0586778150968,0.0,0,0.0
2014-05-19 18:29:00,33.18,0.0586778150968,0.0,0,0.0
2014-05-19 18:34:00,30.993,0.0586778150968,0.0,0,0.0
2014-05-19 18:39:00,30.659,0.0586778150968,0.0,0,0.0
2014-05-19 18:44:00,32.264,0.0586778150968,0.0,0,0.0
2014-05-19 18:49:00,31.023,0.0586778150968,0.0,0,0.0
2014-05-19 18:54:00,31.167,0.0586778150968,0.0,0,0.0
2014-05-19 18:59:00,33.996,0.0421583847865,0.0,0,0.0
2014-05-19 19:04:00,45.002,0.0754380262889,0.0,0,0.0
2014-05-19 19:09:00,93.0,0.0684643009488,0.0500000007451,0,0.0
2014-05-19 19:14:00,32.716,0.0651387822028,0.0250000003725,0,0.0
2014-05-19 19:19:00,31.613,0.0651387822028,0.0,0,0.0
2014-05-19 19:24:00,32.997,0.0651387822028,0.0,0,0.0
2014-05-19 19:29:00,31.53,0.0651387822028,0.0,0,0.0
2014-05-19 19:34:00,30.537,0.0651387822028,0.0,0,0.0
2014-05-19 19:39:00,30.987,0.0651387822028,0.0,0,0.0
2014-05-19 19:44:00,32.273,0.0651387822028,0.0,0,0.0
2014-05-19 19:49:00,30.953,0.0651387822028,0.0,0,0.0
2014-05-19 19:54:00,31.003,0.0651387822028,0.0,0,0.0
2014-05-19 19:59:00,34.536,0.0718970467311,0.0,0,0.0
2014-05-19 20:04:00,45.18,0.0754380262889,0.0,0,0.0
2014-05-19 20:09:00,93.0,0.0588052052526,0.125,0,0.0
2014-05-19 20:14:00,32.707,0.0398482118728,0.17499999702,0,0.0
2014-05-19 20:19:00,32.609,0.0398482118728,0.0,0,0.0
2014-05-19 20:24:00,29.811,0.0398482118728,0.0,0,0.0
2014-05-19 20:29:00,32.383,0.0398482118728,0.0,0,0.0
2014-05-19 20:34:00,31.608,0.0398482118728,0.0,0,0.0
2014-05-19 20:39:00,30.334,0.0398482118728,0.0,0,0.0
2014-05-19 20:44:00,33.039,0.0398482118728,0.0,0,0.0
2014-05-19 20:49:00,31.11,0.0398482118728,0.0,0,0.0
2014-05-19 20:54:00,29.875,0.0398482118728,0.0,0,0.0
2014-05-19 20:59:00,34.307,0.052887469771,0.0,0,0.0
2014-05-19 21:04:00,45.285,0.0754380262889,0.0,0,0.0
2014-05-19 21:09:00,100.0,0.0422607344519,0.27500000596,0,0.0
2014-05-19 21:14:00,32.994,0.131503853122,0.875,0,0.0
2014-05-19 21:19:00,31.337,0.131503853122,0.0,0,0.0
2014-05-19 21:24:00,31.168,0.131503853122,0.0,0,0.0
2014-05-19 21:29:00,33.161,0.131503853122,0.0,0,0.0
2014-05-19 21:34:00,31.297,0.131503853122,0.0,0,0.0
2014-05-19 21:39:00,30.816,0.131503853122,0.0,0,0.0
2014-05-19 21:44:00,32.658,0.131503853122,0.0,0,0.0
2014-05-19 21:49:00,30.892,0.131503853122,0.0,0,0.0
2014-05-19 21:54:00,31.626,0.131503853122,0.0,0,0.0
2014-05-19 21:59:00,34.33,0.0826897663978,0.0,0,0.0
2014-05-19 22:04:00,45.721,0.0754380262889,0.0,0,0.0
2014-05-19 22:09:00,100.0,0.0398482104632,0.300000011921,0,0.0
2014-05-19 22:14:00,32.564,0.136642106595,0.875,0,0.0
2014-05-19 22:19:00,31.378,0.136642106595,0.0,0,0.0
2014-05-19 22:24:00,31.278,0.136642106595,0.0,0,0.0
2014-05-19 22:29:00,32.211,0.136642106595,0.0,0,0.0
2014-05-19 22:34:00,31.116,0.136642106595,0.0,0,0.0
2014-05-19 22:39:00,31.658,0.136642106595,0.0,0,0.0
2014-05-19 22:44:00,32.509,0.136642106595,0.0,0,0.0
2014-05-19 22:49:00,31.658,0.136642106595,0.0,0,0.0
2014-05-19 22:54:00,30.378,0.132617393803,0.0,0,0.0
2014-05-19 22:59:00,35.015,0.0801432198702,0.0,0,0.0
2014-05-19 23:04:00,44.95,0.0767548520228,0.0,0,0.0
2014-05-19 23:09:00,66.73,0.0664258793044,0.0750000029802,0,0.0
2014-05-19 23:14:00,32.621,0.0839007968392,0.824999988079,0,0.0
2014-05-19 23:19:00,30.944,0.0839007968392,0.0,0,0.0
2014-05-19 23:24:00,30.713,0.0839007968392,0.0,0,0.0
2014-05-19 23:29:00,33.471,0.0839007968392,0.0,0,0.0
2014-05-19 23:34:00,31.17,0.0839007968392,0.0,0,0.0
2014-05-19 23:39:00,31.37,0.0839007968392,0.0,0,0.0
2014-05-19 23:44:00,31.272,0.0839007968392,0.0,0,0.0
2014-05-19 23:49:00,30.885,0.0839007968392,0.0,0,0.0
2014-05-19 23:54:00,31.053,0.0839007968392,0.0,0,0.0
2014-05-19 23:59:00,33.163,0.0729524955425,0.0,0,0.0
2014-05-20 00:04:00,45.22,0.0767548520228,0.0,0,0.0
2014-05-20 00:09:00,100.0,0.0512903726629,0.20000000298,0,0.0
2014-05-20 00:14:00,32.551,0.0340700495537,0.27500000596,0,0.0
2014-05-20 00:19:00,32.116,0.0340700495537,0.0,0,0.0
2014-05-20 00:24:00,31.666,0.0340700495537,0.0,0,0.0
2014-05-20 00:29:00,33.332,0.0340700495537,0.0,0,0.0
2014-05-20 00:34:00,30.391,0.0340700495537,0.0,0,0.0
2014-05-20 00:39:00,31.609,0.0340700495537,0.0,0,0.0
2014-05-20 00:44:00,32.71,0.0340700495537,0.0,0,0.0
2014-05-20 00:49:00,31.283,0.0340700495537,0.0,0,0.0
2014-05-20 00:54:00,30.831,0.0340700495537,0.0,0,0.0
2014-05-20 00:59:00,34.725,0.0434073684847,0.0,0,0.0
2014-05-20 01:04:00,45.614,0.0767548520228,0.0,0,0.0
2014-05-20 01:09:00,100.0,0.0600650656184,0.125,0,0.0
2014-05-20 01:14:00,31.73,0.0570390845907,0.0250000003725,0,0.0
2014-05-20 01:19:00,31.287,0.0570390845907,0.0,0,0.0
2014-05-20 01:24:00,30.715,0.0570390845907,0.0,0,0.0
2014-05-20 01:29:00,32.424,0.0570390845907,0.0,0,0.0
2014-05-20 01:34:00,30.843,0.0570390845907,0.0,0,0.0
2014-05-20 01:39:00,31.824,0.0570390845907,0.0,0,0.0
2014-05-20 01:44:00,31.539,0.0570390845907,0.0,0,0.0
2014-05-20 01:49:00,31.436,0.0570390845907,0.0,0,0.0
2014-05-20 01:54:00,30.707,0.0570390845907,0.0,0,0.0
2014-05-20 01:59:00,34.462,0.0697628335959,0.0250000003725,0,0.0
2014-05-20 02:04:00,45.227,0.0732055023144,0.0,0,0.0
2014-05-20 02:09:00,100.0,0.0485652768258,0.20000000298,0,0.0
2014-05-20 02:14:00,32.716,0.0459380393085,0.0250000003725,0,0.0
2014-05-20 02:19:00,30.947,0.0459380393085,0.0,0,0.0
2014-05-20 02:24:00,31.327,0.0459380393085,0.0,0,0.0
2014-05-20 02:29:00,33.046,0.0459380393085,0.0,0,0.0
2014-05-20 02:34:00,32.004,0.0459380393085,0.0,0,0.0
2014-05-20 02:39:00,30.782,0.0459380393085,0.0,0,0.0
2014-05-20 02:44:00,33.036,0.0459380393085,0.0,0,0.0
2014-05-20 02:49:00,31.378,0.0485652768258,0.0,0,0.0
2014-05-20 02:54:00,31.277,0.0485652768258,0.0,0,0.0
2014-05-20 02:59:00,35.635,0.0732055023144,0.0,0,0.0
2014-05-20 03:04:00,44.212,0.0767548520228,0.0,0,0.0
2014-05-20 03:09:00,100.0,0.0631936371254,0.10000000149,0,0.0
2014-05-20 03:14:00,33.667,0.0631936371254,0.0,0,0.0
2014-05-20 03:19:00,32.499,0.0631936371254,0.0,0,0.0
2014-05-20 03:24:00,35.001,0.0631936371254,0.0,0,0.0
2014-05-20 03:29:00,36.875,0.0631936371254,0.0,0,0.0
2014-05-20 03:34:00,31.893,0.0631936371254,0.0,0,0.0
2014-05-20 03:39:00,31.827,0.0631936371254,0.0,0,0.0
2014-05-20 03:44:00,32.777,0.0631936371254,0.0,0,0.0
2014-05-20 03:49:00,31.169,0.0631936371254,0.0,0,0.0
2014-05-20 03:54:00,31.456,0.0631936371254,0.0,0,0.0
2014-05-20 03:59:00,35.012,0.0767548520228,0.0,0,0.0
2014-05-20 04:04:00,44.5,0.0767548520228,0.0,0,0.0
2014-05-20 04:09:00,100.0,0.0631936371254,0.10000000149,0,0.0
2014-05-20 04:14:00,32.314,0.0541145737148,0.0750000029802,0,0.0
2014-05-20 04:19:00,31.718,0.0541145737148,0.0,0,0.0
2014-05-20 04:24:00,31.496,0.0541145737148,0.0,0,0.0
2014-05-20 04:29:00,32.793,0.0541145737148,0.0,0,0.0
2014-05-20 04:34:00,31.381,0.0541145737148,0.0,0,0.0
2014-05-20 04:39:00,31.619,0.0541145737148,0.0,0,0.0
2014-05-20 04:44:00,31.694,0.0541145737148,0.0,0,0.0
2014-05-20 04:49:00,31.449,0.0541145737148,0.0,0,0.0
2014-05-20 04:54:00,31.999,0.0541145737148,0.0,0,0.0
2014-05-20 04:59:00,33.333,0.0664258793044,0.0,0,0.0
2014-05-20 05:04:00,45.168,0.0767548520228,0.0,0,0.0
2014-05-20 05:09:00,100.0,0.0697628335959,0.0500000007451,0,0.0
2014-05-20 05:14:00,33.167,0.0664258795491,0.0250000003725,0,0.0
2014-05-20 05:19:00,31.797,0.0664258795491,0.0,0,0.0
2014-05-20 05:24:00,31.191,0.0664258795491,0.0,0,0.0
2014-05-20 05:29:00,32.631,0.0664258795491,0.0,0,0.0
2014-05-20 05:34:00,31.286,0.0664258795491,0.0,0,0.0
2014-05-20 05:39:00,31.153,0.0664258795491,0.0,0,0.0
2014-05-20 05:44:00,33.346,0.0664258795491,0.0,0,0.0
2014-05-20 05:49:00,30.832,0.0664258795491,0.0,0,0.0
2014-05-20 05:54:00,31.095,0.0664258795491,0.0,0,0.0
2014-05-20 05:59:00,34.728,0.0732055023144,0.0,0,0.0
2014-05-20 06:04:00,45.161,0.0767548520228,0.0,0,0.0
2014-05-20 06:09:00,100.0,0.0697628335959,0.0500000007451,0,0.0
2014-05-20 06:14:00,32.462,0.054114574143,0.125,0,0.0
2014-05-20 06:19:00,31.045,0.054114574143,0.0,0,0.0
2014-05-20 06:24:00,30.98,0.054114574143,0.0,0,0.0
2014-05-20 06:29:00,32.488,0.054114574143,0.0,0,0.0
2014-05-20 06:34:00,31.169,0.054114574143,0.0,0,0.0
2014-05-20 06:39:00,31.673,0.054114574143,0.0,0,0.0
2014-05-20 06:44:00,32.619,0.054114574143,0.0,0,0.0
2014-05-20 06:49:00,30.986,0.054114574143,0.0,0,0.0
2014-05-20 06:54:00,32.15,0.054114574143,0.0,0,0.0
2014-05-20 06:59:00,34.048,0.0600650656184,0.0,0,0.0
2014-05-20 07:04:00,44.998,0.0767548520228,0.0,0,0.0
2014-05-20 07:09:00,100.0,0.0541145745713,0.17499999702,0,0.0
2014-05-20 07:14:00,33.331,0.0588903742182,0.524999976158,0,0.0
2014-05-20 07:19:00,29.558,0.0588903742182,0.0,0,0.0
2014-05-20 07:24:00,31.118,0.0588903742182,0.0,0,0.0
2014-05-20 07:29:00,32.329,0.0588903742182,0.0,0,0.0
2014-05-20 07:34:00,31.169,0.0588903742182,0.0,0,0.0
2014-05-20 07:39:00,31.169,0.0588903742182,0.0,0,0.0
2014-05-20 07:44:00,32.153,0.0588903742182,0.0,0,0.0
2014-05-20 07:49:00,31.336,0.0588903742182,0.0,0,0.0
2014-05-20 07:54:00,30.885,0.0588903742182,0.0,0,0.0
2014-05-20 07:59:00,34.047,0.0397732165594,0.0,0,0.0
2014-05-20 08:04:00,45.563,0.0760461287776,0.0,0,0.0
2014-05-20 08:09:00,100.0,0.0591923918419,0.125,0,0.0
2014-05-20 08:14:00,32.664,0.0503594746206,0.0750000029802,0,0.0
2014-05-20 08:19:00,31.66,0.0503594746206,0.0,0,0.0
2014-05-20 08:24:00,31.287,0.0503594746206,0.0,0,0.0
2014-05-20 08:29:00,32.383,0.0503594746206,0.0,0,0.0
2014-05-20 08:34:00,31.321,0.0503594746206,0.0,0,0.0
2014-05-20 08:39:00,31.816,0.0503594746206,0.0,0,0.0
2014-05-20 08:44:00,31.613,0.0503594746206,0.0,0,0.0
2014-05-20 08:49:00,30.88,0.0503594746206,0.0,0,0.0
2014-05-20 08:54:00,31.928,0.0503594746206,0.0,0,0.0
2014-05-20 08:59:00,33.485,0.065608409844,0.0,0,0.0
2014-05-20 09:04:00,45.175,0.0760461287776,0.0,0,0.0
2014-05-20 09:09:00,100.0,0.0623468793523,0.10000000149,0,0.0
2014-05-20 09:14:00,31.23,0.0531999040798,0.0750000029802,0,0.0
2014-05-20 09:19:00,32.164,0.0531999040798,0.0,0,0.0
2014-05-20 09:24:00,31.003,0.0531999040798,0.0,0,0.0
2014-05-20 09:29:00,31.895,0.0531999040798,0.0,0,0.0
2014-05-20 09:34:00,30.831,0.0531999040798,0.0,0,0.0
2014-05-20 09:39:00,30.792,0.0531999040798,0.0,0,0.0
2014-05-20 09:44:00,32.828,0.0531999040798,0.0,0,0.0
2014-05-20 09:49:00,30.539,0.0531999040798,0.0,0,0.0
2014-05-20 09:54:00,30.982,0.0531999040798,0.0,0,0.0
2014-05-20 09:59:00,33.835,0.065608409844,0.0,0,0.0
2014-05-20 10:04:00,45.504,0.0760461287776,0.0,0,0.0
2014-05-20 10:09:00,100.0,0.0623468793523,0.10000000149,0,0.0
2014-05-20 10:14:00,32.617,0.0332596412074,0.27500000596,0,0.0
2014-05-20 10:19:00,31.388,0.0332596412074,0.0,0,0.0
2014-05-20 10:24:00,30.949,0.0332596412074,0.0,0,0.0
2014-05-20 10:29:00,31.896,0.0332596412074,0.0,0,0.0
2014-05-20 10:34:00,31.101,0.0332596412074,0.0,0,0.0
2014-05-20 10:39:00,30.998,0.0332596412074,0.0,0,0.0
2014-05-20 10:44:00,32.211,0.0332596412074,0.0,0,0.0
2014-05-20 10:49:00,30.785,0.0332596412074,0.0,0,0.0
2014-05-20 10:54:00,30.499,0.0332596412074,0.0,0,0.0
2014-05-20 10:59:00,34.628,0.0424459004869,0.0,0,0.0
2014-05-20 11:04:00,44.946,0.0760461287776,0.0,0,0.0
2014-05-20 11:09:00,100.0,0.0689780910117,0.0500000007451,0,0.0
2014-05-20 11:14:00,33.381,0.0689780910117,0.0,0,0.0
2014-05-20 11:19:00,30.289,0.0689780910117,0.0,0,0.0
2014-05-20 11:24:00,30.99,0.0689780910117,0.0,0,0.0
2014-05-20 11:29:00,32.327,0.0689780910117,0.0,0,0.0
2014-05-20 11:34:00,30.665,0.0689780910117,0.0,0,0.0
2014-05-20 11:39:00,31.384,0.0689780910117,0.0,0,0.0
2014-05-20 11:44:00,32.953,0.0689780910117,0.0,0,0.0
2014-05-20 11:49:00,30.84,0.0689780910117,0.0,0,0.0
2014-05-20 11:54:00,31.383,0.0689780910117,0.0,0,0.0
2014-05-20 11:59:00,34.196,0.0760461287776,0.0,0,0.0
2014-05-20 12:04:00,45.282,0.0760461287776,0.0,0,0.0
2014-05-20 12:09:00,100.0,0.0689780910117,0.0500000007451,0,0.0
2014-05-20 12:14:00,32.342,0.065608410091,0.0250000003725,0,0.0
2014-05-20 12:19:00,31.282,0.065608410091,0.0,0,0.0
2014-05-20 12:24:00,30.999,0.065608410091,0.0,0,0.0
2014-05-20 12:29:00,32.706,0.065608410091,0.0,0,0.0
2014-05-20 12:34:00,30.784,0.065608410091,0.0,0,0.0
2014-05-20 12:39:00,31.174,0.065608410091,0.0,0,0.0
2014-05-20 12:44:00,33.56,0.065608410091,0.0,0,0.0
2014-05-20 12:49:00,30.447,0.065608410091,0.0,0,0.0
2014-05-20 12:54:00,30.834,0.065608410091,0.0,0,0.0
2014-05-20 12:59:00,33.88,0.0724569883749,0.0,0,0.0
2014-05-20 13:04:00,45.45,0.0760461287776,0.0,0,0.0
2014-05-20 13:09:00,100.0,0.0623468793523,0.10000000149,0,0.0
2014-05-20 13:14:00,33.558,0.0503594746206,0.10000000149,0,0.0
2014-05-20 13:19:00,30.826,0.0503594746206,0.0,0,0.0
2014-05-20 13:24:00,30.95,0.0503594746206,0.0,0,0.0
2014-05-20 13:29:00,33.431,0.0503594746206,0.0,0,0.0
2014-05-20 13:34:00,31.228,0.0503594746206,0.0,0,0.0
2014-05-20 13:39:00,31.667,0.0503594746206,0.0,0,0.0
2014-05-20 13:44:00,32.499,0.0503594746206,0.0,0,0.0
2014-05-20 13:49:00,30.835,0.0503594746206,0.0,0,0.0
2014-05-20 13:54:00,31.544,0.0503594746206,0.0,0,0.0
2014-05-20 13:59:00,33.654,0.0623468793523,0.0,0,0.0
2014-05-20 14:04:00,44.937,0.0760461287776,0.0,0,0.0
2014-05-20 14:09:00,100.0,0.0623468793523,0.10000000149,0,0.0
2014-05-20 14:14:00,32.349,0.0424459012286,0.17499999702,0,0.0
2014-05-20 14:19:00,31.674,0.0424459012286,0.0,0,0.0
2014-05-20 14:24:00,30.835,0.0424459012286,0.0,0,0.0
2014-05-20 14:29:00,32.497,0.0424459012286,0.0,0,0.0
2014-05-20 14:34:00,31.17,0.0424459012286,0.0,0,0.0
2014-05-20 14:39:00,31.895,0.0424459012286,0.0,0,0.0
2014-05-20 14:44:00,32.622,0.0424459012286,0.0,0,0.0
2014-05-20 14:49:00,30.609,0.0424459012286,0.0,0,0.0
2014-05-20 14:54:00,31.16,0.0424459012286,0.0,0,0.0
2014-05-20 14:59:00,33.878,0.0531999049417,0.0,0,0.0
2014-05-20 15:04:00,45.868,0.0724569883749,0.0250000003725,0,0.0
2014-05-20 15:09:00,100.0,0.0591923916108,0.10000000149,0,0.0
2014-05-20 15:14:00,32.141,0.0400060212626,0.17499999702,0,0.0
2014-05-20 15:19:00,32.111,0.0400060212626,0.0,0,0.0
2014-05-20 15:24:00,31.038,0.0400060212626,0.0,0,0.0
2014-05-20 15:29:00,31.779,0.0400060212626,0.0,0,0.0
2014-05-20 15:34:00,31.475,0.0389846028673,0.0,0,0.0
2014-05-20 15:39:00,31.678,0.0389846028673,0.0,0,0.0
2014-05-20 15:44:00,31.372,0.0389846028673,0.0,0,0.0
2014-05-20 15:49:00,31.614,0.0389846028673,0.0,0,0.0
2014-05-20 15:54:00,31.004,0.041434753302,0.0,0,0.0
2014-05-20 15:59:00,35.496,0.0522668651291,0.0,0,0.0
2014-05-20 16:04:00,44.501,0.0754077982735,0.0,0,0.0
2014-05-20 16:09:00,100.0,0.0682336913854,0.0500000007451,0,0.0
2014-05-20 16:14:00,32.155,0.0389846026885,0.25,0,0.0
2014-05-20 16:19:00,32.002,0.0389846026885,0.0,0,0.0
2014-05-20 16:24:00,30.534,0.0389846026885,0.0,0,0.0
2014-05-20 16:29:00,32.624,0.0389846026885,0.0,0,0.0
2014-05-20 16:34:00,30.38,0.0389846026885,0.0,0,0.0
2014-05-20 16:39:00,31.28,0.0389846026885,0.0,0,0.0
2014-05-20 16:44:00,32.361,0.0389846026885,0.0,0,0.0
2014-05-20 16:49:00,32.945,0.0389846026885,0.0,0,0.0
2014-05-20 16:54:00,30.333,0.0389846026885,0.0,0,0.0
2014-05-20 16:59:00,33.988,0.043986540552,0.0,0,0.0
2014-05-20 17:04:00,45.27,0.0754077982735,0.0,0,0.0
2014-05-20 17:09:00,100.0,0.0583221050455,0.125,0,0.0
2014-05-20 17:14:00,31.557,0.0301676392663,0.27500000596,0,0.0
2014-05-20 17:19:00,31.607,0.0301676392663,0.0,0,0.0
2014-05-20 17:24:00,32.213,0.0301676392663,0.0,0,0.0
2014-05-20 17:29:00,31.118,0.0301676392663,0.0,0,0.0
2014-05-20 17:34:00,31.337,0.0301676392663,0.0,0,0.0
2014-05-20 17:39:00,31.11,0.0301676392663,0.0,0,0.0
2014-05-20 17:44:00,32.728,0.0301676392663,0.0,0,0.0
2014-05-20 17:49:00,31.442,0.0301676392663,0.0,0,0.0
2014-05-20 17:54:00,30.862,0.0301676392663,0.0,0,0.0
2014-05-20 17:59:00,34.202,0.0414347525568,0.0,0,0.0
2014-05-20 18:04:00,45.287,0.0754077982735,0.0,0,0.0
2014-05-20 18:09:00,100.0,0.0754077982735,0.0,0,0.0
2014-05-20 18:14:00,32.323,0.0754077982735,0.0,0,0.0
2014-05-20 18:19:00,31.72,0.0754077982735,0.0,0,0.0
2014-05-20 18:24:00,33.136,0.0754077982735,0.0,0,0.0
2014-05-20 18:29:00,32.11,0.0754077982735,0.0,0,0.0
2014-05-20 18:34:00,31.594,0.0754077982735,0.0,0,0.0
2014-05-20 18:39:00,32.39,0.0754077982735,0.0,0,0.0
2014-05-20 18:44:00,31.36,0.0754077982735,0.0,0,0.0
2014-05-20 18:49:00,30.82,0.0754077982735,0.0,0,0.0
2014-05-20 18:54:00,31.085,0.0754077982735,0.0,0,0.0
2014-05-20 18:59:00,34.074,0.0754077982735,0.0,0,0.0
2014-05-20 19:04:00,46.782,0.0754077982735,0.0,0,0.0
2014-05-20 19:09:00,100.0,0.0717633572193,0.0250000003725,0,0.0
2014-05-20 19:14:00,32.668,0.0717633572193,0.0,0,0.0
2014-05-20 19:19:00,31.999,0.0717633572193,0.0,0,0.0
2014-05-20 19:24:00,31.499,0.0717633572193,0.0,0,0.0
2014-05-20 19:29:00,32.378,0.0717633572193,0.0,0,0.0
2014-05-20 19:34:00,32.452,0.0717633572193,0.0,0,0.0
2014-05-20 19:39:00,29.833,0.0717633572193,0.0,0,0.0
2014-05-20 19:44:00,32.822,0.0717633572193,0.0,0,0.0
2014-05-20 19:49:00,31.001,0.0717633572193,0.0,0,0.0
2014-05-20 19:54:00,30.665,0.0717633572193,0.0,0,0.0
2014-05-20 19:59:00,33.877,0.0754077982735,0.0,0,0.0
2014-05-20 20:04:00,45.792,0.0754077982735,0.0,0,0.0
2014-05-20 20:09:00,100.0,0.0717633572193,0.0250000003725,0,0.0
2014-05-20 20:14:00,40.506,0.0466415052364,0.20000000298,0,0.0
2014-05-20 20:19:00,31.001,0.0466415052364,0.0,0,0.0
2014-05-20 20:24:00,30.886,0.0466415052364,0.0,0,0.0
2014-05-20 20:29:00,32.444,0.0466415052364,0.0,0,0.0
2014-05-20 20:34:00,30.834,0.0466415052364,0.0,0,0.0
2014-05-20 20:39:00,30.829,0.0466415052364,0.0,0,0.0
2014-05-20 20:44:00,32.488,0.0466415052364,0.0,0,0.0
2014-05-20 20:49:00,31.648,0.0466415052364,0.0,0,0.0
2014-05-20 20:54:00,30.724,0.0466415052364,0.0,0,0.0
2014-05-20 20:59:00,35.483,0.0494011351133,0.0,0,0.0
2014-05-20 21:04:00,44.991,0.0754077982735,0.0,0,0.0
2014-05-20 21:09:00,100.0,0.0754077982735,0.0,0,0.0
2014-05-20 21:14:00,33.947,0.0754077982735,0.0,0,0.0
2014-05-20 21:19:00,32.162,0.0754077982735,0.0,0,0.0
2014-05-20 21:24:00,30.058,0.0754077982735,0.0,0,0.0
2014-05-20 21:29:00,31.599,0.0754077982735,0.0,0,0.0
2014-05-20 21:34:00,31.001,0.0754077982735,0.0,0,0.0
2014-05-20 21:39:00,31.167,0.0754077982735,0.0,0,0.0
2014-05-20 21:44:00,33.183,0.0754077982735,0.0,0,0.0
2014-05-20 21:49:00,31.496,0.0754077982735,0.0,0,0.0
2014-05-20 21:54:00,31.834,0.0754077982735,0.0,0,0.0
2014-05-20 21:59:00,33.665,0.0754077982735,0.0,0,0.0
2014-05-20 22:04:00,44.716,0.0754077982735,0.0,0,0.0
2014-05-20 22:09:00,100.0,0.0754077982735,0.0,0,0.0
2014-05-20 22:14:00,32.126,0.0754077982735,0.0,0,0.0
2014-05-20 22:19:00,31.947,0.0754077982735,0.0,0,0.0
2014-05-20 22:24:00,31.503,0.0754077982735,0.0,0,0.0
2014-05-20 22:29:00,33.0,0.0754077982735,0.0,0,0.0
2014-05-20 22:34:00,32.22,0.0754077982735,0.0,0,0.0
2014-05-20 22:39:00,31.452,0.0754077982735,0.0,0,0.0
2014-05-20 22:44:00,32.339,0.0754077982735,0.0,0,0.0
2014-05-20 22:49:00,31.045,0.0754077982735,0.0,0,0.0
2014-05-20 22:54:00,31.221,0.0754077982735,0.0,0,0.0
2014-05-20 22:59:00,34.898,0.0754077982735,0.0,0,0.0
2014-05-20 23:04:00,44.836,0.0754077982735,0.0,0,0.0
2014-05-20 23:09:00,100.0,0.0682336913854,0.0500000007451,0,0.0
2014-05-20 23:14:00,39.203,0.0522668646941,0.125,0,0.0
2014-05-20 23:19:00,32.331,0.0522668646941,0.0,0,0.0
2014-05-20 23:24:00,31.505,0.0522668646941,0.0,0,0.0
2014-05-20 23:29:00,33.0,0.0522668646941,0.0,0,0.0
2014-05-20 23:34:00,31.438,0.0522668646941,0.0,0,0.0
2014-05-20 23:39:00,30.986,0.0522668646941,0.0,0,0.0
2014-05-20 23:44:00,32.215,0.0522668646941,0.0,0,0.0
2014-05-20 23:49:00,31.274,0.0522668646941,0.0,0,0.0
2014-05-20 23:54:00,30.607,0.0506990405077,0.0,0,0.0
2014-05-20 23:59:00,33.741,0.0567353492616,0.0,0,0.0
2014-05-21 00:04:00,45.333,0.0738256857154,0.0,0,0.0
2014-05-21 00:09:00,100.0,0.0738256857154,0.0,0,0.0
2014-05-21 00:14:00,40.999,0.0506990409409,0.17499999702,0,0.0
2014-05-21 00:19:00,31.04,0.0506990409409,0.0,0,0.0
2014-05-21 00:24:00,32.268,0.0506990409409,0.0,0,0.0
2014-05-21 00:29:00,31.714,0.0506990409409,0.0,0,0.0
2014-05-21 00:34:00,32.0,0.0506990409409,0.0,0,0.0
2014-05-21 00:39:00,31.115,0.0506990409409,0.0,0,0.0
2014-05-21 00:44:00,32.18,0.0506990409409,0.0,0,0.0
2014-05-21 00:49:00,31.216,0.0506990409409,0.0,0,0.0
2014-05-21 00:54:00,30.995,0.0506990409409,0.0,0,0.0
2014-05-21 00:59:00,35.33,0.0506990409409,0.0,0,0.0
2014-05-21 01:04:00,45.482,0.0701740533745,0.0250000003725,0,0.0
2014-05-21 01:09:00,100.0,0.0666404037524,0.0250000003725,0,0.0
2014-05-21 01:14:00,40.5,0.0451034329153,0.17499999702,0,0.0
2014-05-21 01:19:00,32.506,0.0451034329153,0.0,0,0.0
2014-05-21 01:24:00,29.836,0.0451034329153,0.0,0,0.0
2014-05-21 01:29:00,32.539,0.0451034329153,0.0,0,0.0
2014-05-21 01:34:00,31.332,0.0451034329153,0.0,0,0.0
2014-05-21 01:39:00,31.443,0.0451034329153,0.0,0,0.0
2014-05-21 01:44:00,32.511,0.0451034329153,0.0,0,0.0
2014-05-21 01:49:00,31.015,0.0451034329153,0.0,0,0.0
2014-05-21 01:54:00,30.552,0.0478468827853,0.0,0,0.0
2014-05-21 01:59:00,34.93,0.0506990409409,0.0,0,0.0
2014-05-21 02:04:00,44.501,0.0701740533745,0.0250000003725,0,0.0
2014-05-21 02:09:00,100.0,0.0701740533745,0.0,0,0.0
2014-05-21 02:14:00,47.052,0.0314390139258,0.375,0,0.0
2014-05-21 02:19:00,32.625,0.0381995225232,0.0750000029802,0,0.0
2014-05-21 02:24:00,30.504,0.0381995225232,0.0,0,0.0
2014-05-21 02:29:00,31.999,0.0381995225232,0.0,0,0.0
2014-05-21 02:34:00,31.985,0.0381995225232,0.0,0,0.0
2014-05-21 02:39:00,32.003,0.0381995225232,0.0,0,0.0
2014-05-21 02:44:00,32.707,0.0381995225232,0.0,0,0.0
2014-05-21 02:49:00,30.837,0.0381995225232,0.0,0,0.0
2014-05-21 02:54:00,32.335,0.0358456528864,0.0,0,0.0
2014-05-21 02:59:00,33.831,0.0358456528864,0.0,0,0.0
2014-05-21 03:04:00,46.12,0.0599222991491,0.0250000003725,0,0.0
2014-05-21 03:09:00,100.0,0.0666404037524,0.0250000003725,0,0.0
2014-05-21 03:14:00,40.719,0.0451034329153,0.17499999702,0,0.0
2014-05-21 03:19:00,30.825,0.0451034329153,0.0,0,0.0
2014-05-21 03:24:00,34.112,0.0451034329153,0.0,0,0.0
2014-05-21 03:29:00,33.395,0.0451034329153,0.0,0,0.0
2014-05-21 03:34:00,31.786,0.0451034329153,0.0,0,0.0
2014-05-21 03:39:00,31.507,0.0451034329153,0.0,0,0.0
2014-05-21 03:44:00,31.152,0.0451034329153,0.0,0,0.0
2014-05-21 03:49:00,31.37,0.0451034329153,0.0,0,0.0
2014-05-21 03:54:00,31.615,0.0478468827853,0.0,0,0.0
2014-05-21 03:59:00,34.19,0.0506990409409,0.0,0,0.0
2014-05-21 04:04:00,49.142,0.0536613867011,0.15000000596,0,0.0
2014-05-21 04:09:00,100.0,0.0536613867011,0.0,0,0.0
2014-05-21 04:14:00,40.935,0.0536613867011,0.0,0,0.0
2014-05-21 04:19:00,31.331,0.0536613867011,0.0,0,0.0
2014-05-21 04:24:00,31.213,0.0536613867011,0.0,0,0.0
2014-05-21 04:29:00,32.498,0.0536613867011,0.0,0,0.0
2014-05-21 04:34:00,31.923,0.0536613867011,0.0,0,0.0
2014-05-21 04:39:00,30.663,0.0536613867011,0.0,0,0.0
2014-05-21 04:44:00,32.812,0.0536613867011,0.0,0,0.0
2014-05-21 04:49:00,30.338,0.0536613867011,0.0,0,0.0
2014-05-21 04:54:00,31.039,0.0738256857154,0.0,0,0.0
2014-05-21 04:59:00,34.219,0.0738256857154,0.0,0,0.0
2014-05-21 05:04:00,45.425,0.0738256857154,0.0,0,0.0
2014-05-21 05:09:00,100.0,0.0738256857154,0.0,0,0.0
2014-05-21 05:14:00,47.817,0.0424671552907,0.25,0,0.0
2014-05-21 05:19:00,29.716,0.0375096905585,0.0500000007451,0,0.0
2014-05-21 05:24:00,31.441,0.0375096905585,0.0,0,0.0
2014-05-21 05:29:00,31.882,0.0375096905585,0.0,0,0.0
2014-05-21 05:34:00,30.762,0.0375096905585,0.0,0,0.0
2014-05-21 05:39:00,31.008,0.0375096905585,0.0,0,0.0
2014-05-21 05:44:00,32.336,0.0375096905585,0.0,0,0.0
2014-05-21 05:49:00,31.163,0.0375096905585,0.0,0,0.0
2014-05-21 05:54:00,31.669,0.0375096905585,0.0,0,0.0
2014-05-21 05:59:00,34.063,0.0375096905585,0.0,0,0.0
2014-05-21 06:04:00,45.499,0.0666404037524,0.0,0,0.0
2014-05-21 06:09:00,100.0,0.0701740533745,0.0250000003725,0,0.0
2014-05-21 06:14:00,44.301,0.0478468827853,0.17499999702,0,0.0
2014-05-21 06:19:00,32.175,0.0451034329153,0.0250000003725,0,0.0
2014-05-21 06:24:00,30.502,0.0451034329153,0.0,0,0.0
2014-05-21 06:29:00,31.509,0.0451034329153,0.0,0,0.0
2014-05-21 06:34:00,31.154,0.0451034329153,0.0,0,0.0
2014-05-21 06:39:00,30.582,0.0451034329153,0.0,0,0.0
2014-05-21 06:44:00,32.896,0.0451034329153,0.0,0,0.0
2014-05-21 06:49:00,31.834,0.0451034329153,0.0,0,0.0
2014-05-21 06:54:00,30.497,0.0451034329153,0.0,0,0.0
2014-05-21 06:59:00,34.545,0.0478468827853,0.0,0,0.0
2014-05-21 07:04:00,45.334,0.0701740533745,0.0,0,0.0
2014-05-21 07:09:00,100.0,0.0738256857154,0.0,0,0.0
2014-05-21 07:14:00,46.462,0.0351851459811,0.324999988079,0,0.0
2014-05-21 07:19:00,31.321,0.030835588665,0.0500000007451,0,0.0
2014-05-21 07:24:00,31.168,0.030835588665,0.0,0,0.0
2014-05-21 07:29:00,33.001,0.030835588665,0.0,0,0.0
2014-05-21 07:34:00,31.56,0.030835588665,0.0,0,0.0
2014-05-21 07:39:00,31.105,0.030835588665,0.0,0,0.0
2014-05-21 07:44:00,32.668,0.030835588665,0.0,0,0.0
2014-05-21 07:49:00,31.329,0.030835588665,0.0,0,0.0
2014-05-21 07:54:00,31.217,0.030835588665,0.0,0,0.0
2014-05-21 07:59:00,33.644,0.030835588665,0.0,0,0.0
2014-05-21 08:04:00,44.954,0.0666404037524,0.0,0,0.0
2014-05-21 08:09:00,100.0,0.0666404037524,0.0500000007451,0,0.0
2014-05-21 08:14:00,45.999,0.0393556935499,0.425000011921,0,0.0
2014-05-21 08:19:00,29.881,0.0419204713152,0.0250000003725,0,0.0
2014-05-21 08:24:00,31.283,0.0419204713152,0.0,0,0.0
2014-05-21 08:29:00,32.416,0.0419204713152,0.0,0,0.0
2014-05-21 08:34:00,32.071,0.0419204713152,0.0,0,0.0
2014-05-21 08:39:00,30.657,0.0419204713152,0.0,0,0.0
2014-05-21 08:44:00,33.834,0.0445953655273,0.0250000003725,0,0.0
2014-05-21 08:49:00,31.043,0.0445953655273,0.0,0,0.0
2014-05-21 08:54:00,29.943,0.0445953655273,0.0,0,0.0
2014-05-21 08:59:00,34.833,0.0393556935499,0.0,0,0.0
2014-05-21 09:04:00,45.0,0.0663419875461,0.0,0,0.0
2014-05-21 09:09:00,100.0,0.0663419875461,0.0250000003725,0,0.0
2014-05-21 09:14:00,46.834,0.0345493017321,0.375,0,0.0
2014-05-21 09:19:00,31.322,0.0419204703393,0.0750000029802,0,0.0
2014-05-21 09:24:00,31.339,0.0419204703393,0.0,0,0.0
2014-05-21 09:29:00,33.328,0.0419204703393,0.0,0,0.0
2014-05-21 09:34:00,30.502,0.0393556926148,0.0,0,0.0
2014-05-21 09:39:00,31.159,0.0393556926148,0.0,0,0.0
2014-05-21 09:44:00,32.554,0.0393556926148,0.0,0,0.0
2014-05-21 09:49:00,30.78,0.0393556926148,0.0,0,0.0
2014-05-21 09:54:00,30.675,0.0393556926148,0.0,0,0.0
2014-05-21 09:59:00,34.167,0.0368992512443,0.0,0,0.0
2014-05-21 10:04:00,45.5,0.0594955247975,0.0250000003725,0,0.0
2014-05-21 10:09:00,100.0,0.0699477372608,0.0,0,0.0
2014-05-21 10:14:00,46.835,0.0323039351067,0.375,0,0.0
2014-05-21 10:19:00,30.835,0.0345493017321,0.0250000003725,0,0.0
2014-05-21 10:24:00,30.836,0.0345493017321,0.0,0,0.0
2014-05-21 10:29:00,32.208,0.0345493017321,0.0,0,0.0
2014-05-21 10:34:00,31.174,0.0345493017321,0.0,0,0.0
2014-05-21 10:39:00,31.287,0.0345493017321,0.0,0,0.0
2014-05-21 10:44:00,32.13,0.0345493017321,0.0,0,0.0
2014-05-21 10:49:00,32.161,0.0345493017321,0.0,0,0.0
2014-05-21 10:54:00,30.163,0.0323039351067,0.0,0,0.0
2014-05-21 10:59:00,34.665,0.0323039351067,0.0,0,0.0
2014-05-21 11:04:00,46.167,0.0699477372608,0.0,0,0.0
2014-05-21 11:09:00,100.0,0.0736768672813,0.0,0,0.0
2014-05-21 11:14:00,46.999,0.0321820091016,0.34999999404,0,0.0
2014-05-21 11:19:00,30.88,0.0301611758609,0.0250000003725,0,0.0
2014-05-21 11:24:00,31.768,0.0301611758609,0.0,0,0.0
2014-05-21 11:29:00,32.05,0.0301611758609,0.0,0,0.0
2014-05-21 11:34:00,31.782,0.0301611758609,0.0,0,0.0
2014-05-21 11:39:00,31.5,0.0301611758609,0.0,0,0.0
2014-05-21 11:44:00,31.494,0.0301611758609,0.0,0,0.0
2014-05-21 11:49:00,31.551,0.0301611758609,0.0,0,0.0
2014-05-21 11:54:00,31.77,0.0301611758609,0.0,0,0.0
2014-05-21 11:59:00,34.332,0.0301611758609,0.0,0,0.0
2014-05-21 12:04:00,44.887,0.0699477372608,0.0,0,0.0
2014-05-21 12:09:00,100.0,0.0699477372608,0.0250000003725,0,0.0
2014-05-21 12:14:00,46.5,0.0345493022456,0.40000000596,0,0.0
2014-05-21 12:19:00,31.715,0.0393556929888,0.0500000007451,0,0.0
2014-05-21 12:24:00,33.449,0.0393556929888,0.0,0,0.0
2014-05-21 12:29:00,30.867,0.0393556929888,0.0,0,0.0
2014-05-21 12:34:00,31.277,0.0393556929888,0.0,0,0.0
2014-05-21 12:39:00,30.719,0.0393556929888,0.0,0,0.0
2014-05-21 12:44:00,33.274,0.0393556929888,0.0,0,0.0
2014-05-21 12:49:00,31.501,0.0393556929888,0.0,0,0.0
2014-05-21 12:54:00,31.653,0.0393556929888,0.0,0,0.0
2014-05-21 12:59:00,32.682,0.0368992516023,0.0,0,0.0
2014-05-21 13:04:00,45.691,0.0663419875461,0.0,0,0.0
2014-05-21 13:09:00,100.0,0.0628583547835,0.0750000029802,0,0.0
2014-05-21 13:14:00,46.218,0.0301611775755,0.300000011921,0,0.0
2014-05-21 13:19:00,30.67,0.0323039364143,0.0250000003725,0,0.0
2014-05-21 13:24:00,31.115,0.0323039364143,0.0,0,0.0
2014-05-21 13:29:00,33.5,0.0323039364143,0.0,0,0.0
2014-05-21 13:34:00,31.047,0.0323039364143,0.0,0,0.0
2014-05-21 13:39:00,32.419,0.0323039364143,0.0,0,0.0
2014-05-21 13:44:00,32.042,0.0323039364143,0.0,0,0.0
2014-05-21 13:49:00,30.269,0.0323039364143,0.0,0,0.0
2014-05-21 13:54:00,31.72,0.0323039364143,0.0,0,0.0
2014-05-21 13:59:00,34.233,0.0344216112095,0.0,0,0.0
2014-05-21 14:04:00,45.898,0.0663419875461,0.0250000003725,0,0.0
2014-05-21 14:09:00,100.0,0.0562521295858,0.10000000149,0,0.0
2014-05-21 14:14:00,45.835,0.044595364917,0.40000000596,0,0.0
2014-05-21 14:19:00,31.334,0.044595364917,0.0,0,0.0
2014-05-21 14:24:00,31.721,0.044595364917,0.0,0,0.0
2014-05-21 14:29:00,32.448,0.044595364917,0.0,0,0.0
2014-05-21 14:34:00,30.989,0.044595364917,0.0,0,0.0
2014-05-21 14:39:00,31.374,0.044595364917,0.0,0,0.0
2014-05-21 14:44:00,32.926,0.044595364917,0.0,0,0.0
2014-05-21 14:49:00,30.319,0.044595364917,0.0,0,0.0
2014-05-21 14:54:00,31.243,0.0419204707297,0.0,0,0.0
2014-05-21 14:59:00,33.844,0.0323039355971,0.0,0,0.0
2014-05-21 15:04:00,45.202,0.0736768672813,0.0,0,0.0
2014-05-21 15:09:00,100.0,0.0699477372608,0.0250000003725,0,0.0
2014-05-21 15:14:00,46.955,0.0663419875461,0.0250000003725,0,0.0
2014-05-21 15:19:00,32.039,0.0628583550385,0.0250000003725,0,0.0
2014-05-21 15:24:00,31.619,0.0628583550385,0.0,0,0.0
2014-05-21 15:29:00,31.514,0.0628583550385,0.0,0,0.0
2014-05-21 15:34:00,31.118,0.0628583550385,0.0,0,0.0
2014-05-21 15:39:00,31.493,0.0628583550385,0.0,0,0.0
2014-05-21 15:44:00,33.346,0.0628583550385,0.0,0,0.0
2014-05-21 15:49:00,31.032,0.0628583550385,0.0,0,0.0
2014-05-21 15:54:00,30.914,0.0628583550385,0.0,0,0.0
2014-05-21 15:59:00,34.296,0.0663419875461,0.0,0,0.0
2014-05-21 16:04:00,46.159,0.0663419875461,0.0250000003725,0,0.0
2014-05-21 16:09:00,100.0,0.0699477372608,0.0,0,0.0
2014-05-21 16:14:00,47.175,0.0594955247975,0.0750000029802,0,0.0
2014-05-21 16:19:00,30.99,0.0562521293485,0.0250000003725,0,0.0
2014-05-21 16:24:00,30.87,0.0562521293485,0.0,0,0.0
2014-05-21 16:29:00,32.774,0.0562521293485,0.0,0,0.0
2014-05-21 16:34:00,31.17,0.0566675699959,0.0,0,0.0
2014-05-21 16:39:00,30.152,0.0566675699959,0.0,0,0.0
2014-05-21 16:44:00,33.007,0.0566675699959,0.0,0,0.0
2014-05-21 16:49:00,31.167,0.0566675699959,0.0,0,0.0
2014-05-21 16:54:00,31.168,0.0600011370403,0.0,0,0.0
2014-05-21 16:59:00,35.334,0.0600011370403,0.0,0,0.0
2014-05-21 17:04:00,44.479,0.0670450007497,0.0250000003725,0,0.0
2014-05-21 17:09:00,100.0,0.0707581451763,0.0,0,0.0
2014-05-21 17:14:00,45.045,0.0600011370403,0.0750000029802,0,0.0
2014-05-21 17:19:00,31.448,0.0566675699959,0.0250000003725,0,0.0
2014-05-21 17:24:00,30.993,0.0566675699959,0.0,0,0.0
2014-05-21 17:29:00,32.72,0.0566675699959,0.0,0,0.0
2014-05-21 17:34:00,30.988,0.0566675699959,0.0,0,0.0
2014-05-21 17:39:00,31.27,0.0566675699959,0.0,0,0.0
2014-05-21 17:44:00,34.001,0.0566675699959,0.0,0,0.0
2014-05-21 17:49:00,30.501,0.0566675699959,0.0,0,0.0
2014-05-21 17:54:00,30.817,0.0600011370403,0.0,0,0.0
2014-05-21 17:59:00,34.666,0.0600011370403,0.0,0,0.0
2014-05-21 18:04:00,45.001,0.0670450007497,0.0250000003725,0,0.0
2014-05-21 18:09:00,100.0,0.0707581451763,0.0,0,0.0
2014-05-21 18:14:00,46.321,0.0474019853114,0.17499999702,0,0.0
2014-05-21 18:19:00,31.168,0.0445530347364,0.0250000003725,0,0.0
2014-05-21 18:24:00,31.17,0.0445530347364,0.0,0,0.0
2014-05-21 18:29:00,33.048,0.0445530347364,0.0,0,0.0
2014-05-21 18:34:00,31.442,0.0445530347364,0.0,0,0.0
2014-05-21 18:39:00,31.0,0.0445530347364,0.0,0,0.0
2014-05-21 18:44:00,32.877,0.0445530347364,0.0,0,0.0
2014-05-21 18:49:00,31.945,0.0445530347364,0.0,0,0.0
2014-05-21 18:54:00,32.508,0.0474019853114,0.0,0,0.0
2014-05-21 18:59:00,33.651,0.0474019853114,0.0,0,0.0
2014-05-21 19:04:00,44.166,0.0670450007497,0.0250000003725,0,0.0
2014-05-21 19:09:00,100.0,0.0707581451763,0.0,0,0.0
2014-05-21 19:14:00,45.886,0.0445530341127,0.20000000298,0,0.0
2014-05-21 19:19:00,32.768,0.0445530341127,0.0,0,0.0
2014-05-21 19:24:00,30.878,0.0445530341127,0.0,0,0.0
2014-05-21 19:29:00,32.001,0.0445530341127,0.0,0,0.0
2014-05-21 19:34:00,30.947,0.0445530341127,0.0,0,0.0
2014-05-21 19:39:00,31.167,0.0445530341127,0.0,0,0.0
2014-05-21 19:44:00,32.667,0.0445530341127,0.0,0,0.0
2014-05-21 19:49:00,32.166,0.0445530341127,0.0,0,0.0
2014-05-21 19:54:00,30.386,0.0474019846614,0.0,0,0.0
2014-05-21 19:59:00,33.995,0.0474019846614,0.0,0,0.0
2014-05-21 20:04:00,45.115,0.0746005687716,0.0,0,0.0
2014-05-21 20:09:00,100.0,0.0746005687716,0.0,0,0.0
2014-05-21 20:14:00,45.989,0.0445530351522,0.22499999404,0,0.0
2014-05-21 20:19:00,32.5,0.0445530351522,0.0,0,0.0
2014-05-21 20:24:00,31.834,0.0445530351522,0.0,0,0.0
2014-05-21 20:29:00,31.844,0.0445530351522,0.0,0,0.0
2014-05-21 20:34:00,31.221,0.0445530351522,0.0,0,0.0
2014-05-21 20:39:00,31.664,0.0445530351522,0.0,0,0.0
2014-05-21 20:44:00,32.778,0.0445530351522,0.0,0,0.0
2014-05-21 20:49:00,31.495,0.0445530351522,0.0,0,0.0
2014-05-21 20:54:00,31.38,0.0445530351522,0.0,0,0.0
2014-05-21 20:59:00,34.784,0.0445530351522,0.0,0,0.0
2014-05-21 21:04:00,45.333,0.0746005687716,0.0,0,0.0
2014-05-21 21:09:00,100.0,0.0746005687716,0.0,0,0.0
2014-05-21 21:14:00,47.165,0.0325621372487,0.40000000596,0,0.0
2014-05-21 21:19:00,31.334,0.0424661092613,0.10000000149,0,0.0
2014-05-21 21:24:00,31.0,0.0424661092613,0.0,0,0.0
2014-05-21 21:29:00,33.328,0.0424661092613,0.0,0,0.0
2014-05-21 21:34:00,33.0,0.0424661092613,0.0,0,0.0
2014-05-21 21:39:00,29.834,0.0424661092613,0.0,0,0.0
2014-05-21 21:44:00,32.835,0.0424661092613,0.0,0,0.0
2014-05-21 21:49:00,31.827,0.0424661092613,0.0,0,0.0
2014-05-21 21:54:00,30.494,0.0424661092613,0.0,0,0.0
2014-05-21 21:59:00,34.154,0.0424661092613,0.0,0,0.0
2014-05-21 22:04:00,45.354,0.0600011372933,0.0,0,0.0
2014-05-21 22:09:00,100.0,0.0746005687716,0.0,0,0.0
2014-05-21 22:14:00,46.667,0.0303601185568,0.375,0,0.0
2014-05-21 22:19:00,31.105,0.0303601185568,0.0,0,0.0
2014-05-21 22:24:00,31.868,0.0303601185568,0.0,0,0.0
2014-05-21 22:29:00,33.499,0.0303601185568,0.0,0,0.0
2014-05-21 22:34:00,32.306,0.0303601185568,0.0,0,0.0
2014-05-21 22:39:00,30.509,0.0303601185568,0.0,0,0.0
2014-05-21 22:44:00,32.834,0.0303601185568,0.0,0,0.0
2014-05-21 22:49:00,30.994,0.0303601185568,0.0,0,0.0
2014-05-21 22:54:00,31.551,0.0303601185568,0.0,0,0.0
2014-05-21 22:59:00,34.452,0.0303601185568,0.0,0,0.0
2014-05-21 23:04:00,44.988,0.0746005687716,0.0,0,0.0
2014-05-21 23:09:00,100.0,0.0746005687716,0.0,0,0.0
2014-05-21 23:14:00,46.663,0.0445530351522,0.22499999404,0,0.0
2014-05-21 23:19:00,31.448,0.0445530351522,0.0,0,0.0
2014-05-21 23:24:00,31.993,0.0445530351522,0.0,0,0.0
2014-05-21 23:29:00,33.165,0.0445530351522,0.0,0,0.0
2014-05-21 23:34:00,30.834,0.0445530351522,0.0,0,0.0
2014-05-21 23:39:00,31.04,0.0445530351522,0.0,0,0.0
2014-05-21 23:44:00,32.615,0.0445530351522,0.0,0,0.0
2014-05-21 23:49:00,30.836,0.0445530351522,0.0,0,0.0
2014-05-21 23:54:00,31.204,0.0445530351522,0.0,0,0.0
2014-05-21 23:59:00,34.063,0.0445530351522,0.0,0,0.0
2014-05-22 00:04:00,44.996,0.0746005687716,0.0,0,0.0
2014-05-22 00:09:00,100.0,0.0746005687716,0.0,0,0.0
2014-05-22 00:14:00,46.828,0.041820979482,0.25,0,0.0
2014-05-22 00:19:00,30.995,0.041820979482,0.0,0,0.0
2014-05-22 00:24:00,31.037,0.041820979482,0.0,0,0.0
2014-05-22 00:29:00,32.767,0.041820979482,0.0,0,0.0
2014-05-22 00:34:00,31.171,0.041820979482,0.0,0,0.0
2014-05-22 00:39:00,31.668,0.041820979482,0.0,0,0.0
2014-05-22 00:44:00,32.217,0.041820979482,0.0,0,0.0
2014-05-22 00:49:00,31.616,0.041820979482,0.0,0,0.0
2014-05-22 00:54:00,31.504,0.041209374963,0.0,0,0.0
2014-05-22 00:59:00,33.832,0.041209374963,0.0,0,0.0
2014-05-22 01:04:00,45.82,0.0744887404264,0.0,0,0.0
2014-05-22 01:09:00,100.0,0.0744887404264,0.0,0,0.0
2014-05-22 01:14:00,46.166,0.0498582315742,0.17499999702,0,0.0
2014-05-22 01:19:00,32.334,0.0498582315742,0.0,0,0.0
2014-05-22 01:24:00,30.82,0.0498582315742,0.0,0,0.0
2014-05-22 01:29:00,33.553,0.0498582315742,0.0,0,0.0
2014-05-22 01:34:00,30.459,0.0498582315742,0.0,0,0.0
2014-05-22 01:39:00,31.048,0.0498582315742,0.0,0,0.0
2014-05-22 01:44:00,33.0,0.0498582315742,0.0,0,0.0
2014-05-22 01:49:00,31.265,0.0498582315742,0.0,0,0.0
2014-05-22 01:54:00,31.33,0.0498582315742,0.0,0,0.0
2014-05-22 01:59:00,35.141,0.0498582315742,0.0,0,0.0
2014-05-22 02:04:00,44.005,0.0744887404264,0.0,0,0.0
2014-05-22 02:09:00,100.0,0.0744887404264,0.0,0,0.0
2014-05-22 02:14:00,46.448,0.043970445305,0.22499999404,0,0.0
2014-05-22 02:19:00,31.835,0.043970445305,0.0,0,0.0
2014-05-22 02:24:00,31.0,0.043970445305,0.0,0,0.0
2014-05-22 02:29:00,33.386,0.043970445305,0.0,0,0.0
2014-05-22 02:34:00,31.284,0.043970445305,0.0,0,0.0
2014-05-22 02:39:00,31.324,0.043970445305,0.0,0,0.0
2014-05-22 02:44:00,32.197,0.043970445305,0.0,0,0.0
2014-05-22 02:49:00,32.269,0.043970445305,0.0,0,0.0
2014-05-22 02:54:00,31.166,0.043970445305,0.0,0,0.0
2014-05-22 02:59:00,34.182,0.043970445305,0.0,0,0.0
2014-05-22 03:04:00,44.336,0.0744887404264,0.0,0,0.0
2014-05-22 03:09:00,100.0,0.0744887404264,0.0,0,0.0
2014-05-22 03:14:00,60.104,0.0740242069055,0.725000023842,0,0.0
2014-05-22 03:19:00,32.834,0.275807775164,0.800000011921,0,0.0
2014-05-22 03:24:00,30.992,0.275807775164,0.0,0,0.0
2014-05-22 03:29:00,32.831,0.275807775164,0.0,0,0.0
2014-05-22 03:34:00,35.834,0.284654149875,0.0250000003725,0,0.0
2014-05-22 03:39:00,31.175,0.284654149875,0.0,0,0.0
2014-05-22 03:44:00,33.166,0.284654149875,0.0,0,0.0
2014-05-22 03:49:00,30.839,0.284654149875,0.0,0,0.0
2014-05-22 03:54:00,30.997,0.284654149875,0.0,0,0.0
2014-05-22 03:59:00,34.853,0.284654149875,0.0,0,0.0
2014-05-22 04:04:00,44.501,0.115365998832,0.125,0,0.0
2014-05-22 04:09:00,100.0,0.126129957283,0.850000023842,0,0.0
2014-05-22 04:14:00,46.502,0.126129957283,0.0,0,0.0
2014-05-22 04:19:00,31.661,0.126129957283,0.0,0,0.0
2014-05-22 04:24:00,30.331,0.120674671331,0.0,0,0.0
2014-05-22 04:29:00,34.012,0.120674671331,0.0,0,0.0
2014-05-22 04:34:00,30.718,0.120674671331,0.0,0,0.0
2014-05-22 04:39:00,31.004,0.120674671331,0.0,0,0.0
2014-05-22 04:44:00,32.783,0.120674671331,0.0,0,0.0
2014-05-22 04:49:00,30.835,0.120674671331,0.0,0,0.0
2014-05-22 04:54:00,30.67,0.0955789782973,0.0,0,0.0
2014-05-22 04:59:00,34.486,0.0744887404264,0.0,0,0.0
2014-05-22 05:04:00,45.383,0.0705741299812,0.0250000003725,0,0.0
2014-05-22 05:09:00,100.0,0.0705741299812,0.0,0,0.0
2014-05-22 05:14:00,53.053,0.0627292165696,0.625,0,0.0
2014-05-22 05:19:00,31.783,0.284654128593,0.899999976158,0,0.0
2014-05-22 05:24:00,31.333,0.284654128593,0.0,0,0.0
2014-05-22 05:29:00,32.167,0.284654128593,0.0,0,0.0
2014-05-22 05:34:00,30.936,0.284654128593,0.0,0,0.0
2014-05-22 05:39:00,30.889,0.284654128593,0.0,0,0.0
2014-05-22 05:44:00,33.324,0.284654128593,0.0,0,0.0
2014-05-22 05:49:00,31.054,0.284654128593,0.0,0,0.0
2014-05-22 05:54:00,30.448,0.275807754263,0.0,0,0.0
2014-05-22 05:59:00,34.541,0.275807754263,0.0,0,0.0
2014-05-22 06:04:00,45.281,0.105184879508,0.0,0,0.0
2014-05-22 06:09:00,100.0,0.0596313405231,0.10000000149,0,0.0
2014-05-22 06:14:00,52.876,0.0310759980608,0.27500000596,0,0.0
2014-05-22 06:19:00,30.951,0.0780587027174,0.375,0,0.0
2014-05-22 06:24:00,30.71,0.0780587027174,0.0,0,0.0
2014-05-22 06:29:00,32.983,0.0780587027174,0.0,0,0.0
2014-05-22 06:34:00,31.613,0.0780587027174,0.0,0,0.0
2014-05-22 06:39:00,31.327,0.0780587027174,0.0,0,0.0
2014-05-22 06:44:00,32.559,0.0780587027174,0.0,0,0.0
2014-05-22 06:49:00,31.445,0.0780587027174,0.0,0,0.0
2014-05-22 06:54:00,32.503,0.0780587027174,0.0,0,0.0
2014-05-22 06:59:00,34.009,0.0627292173666,0.0,0,0.0
2014-05-22 07:04:00,45.834,0.0310759973969,0.0,0,0.0
2014-05-22 07:09:00,100.0,0.0385675899391,0.27500000596,0,0.0
2014-05-22 07:14:00,45.675,0.0385675899391,0.0,0,0.0
2014-05-22 07:19:00,31.384,0.0385675899391,0.0,0,0.0
2014-05-22 07:24:00,30.784,0.0385675899391,0.0,0,0.0
2014-05-22 07:29:00,32.329,0.0385675899391,0.0,0,0.0
2014-05-22 07:34:00,31.501,0.0385675899391,0.0,0,0.0
2014-05-22 07:39:00,31.5,0.0385675899391,0.0,0,0.0
2014-05-22 07:44:00,31.387,0.0385675899391,0.0,0,0.0
2014-05-22 07:49:00,31.269,0.0385675899391,0.0,0,0.0
2014-05-22 07:54:00,31.327,0.0385675899391,0.0,0,0.0
2014-05-22 07:59:00,33.635,0.0744887404264,0.0,0,0.0
2014-05-22 08:04:00,44.827,0.0744887404264,0.0,0,0.0
2014-05-22 08:09:00,100.0,0.0705741299812,0.0250000003725,0,0.0
2014-05-22 08:14:00,59.115,0.0627292165696,0.625,0,0.0
2014-05-22 08:19:00,31.49,0.267120620071,0.850000023842,0,0.0
2014-05-22 08:24:00,30.667,0.267120620071,0.0,0,0.0
2014-05-22 08:29:00,33.013,0.267120620071,0.0,0,0.0
2014-05-22 08:34:00,31.543,0.267120620071,0.0,0,0.0
2014-05-22 08:39:00,30.99,0.267120620071,0.0,0,0.0
2014-05-22 08:44:00,32.782,0.267120620071,0.0,0,0.0
2014-05-22 08:49:00,31.307,0.267120620071,0.0,0,0.0
2014-05-22 08:54:00,30.605,0.267120620071,0.0,0,0.0
2014-05-22 08:59:00,33.916,0.258592328752,0.0,0,0.0
2014-05-22 09:04:00,45.981,0.115366001562,0.10000000149,0,0.0
2014-05-22 09:09:00,100.0,0.0468527655476,0.10000000149,0,0.0
2014-05-22 09:14:00,53.39,0.0621093475458,0.47499999404,0,0.0
2014-05-22 09:19:00,31.818,0.286684134159,0.949999988079,0,0.0
2014-05-22 09:24:00,31.776,0.286684134159,0.0,0,0.0
2014-05-22 09:29:00,32.357,0.286684134159,0.0,0,0.0
2014-05-22 09:34:00,30.948,0.286684134159,0.0,0,0.0
2014-05-22 09:39:00,30.708,0.286684134159,0.0,0,0.0
2014-05-22 09:44:00,31.999,0.286684134159,0.0,0,0.0
2014-05-22 09:49:00,31.333,0.286684134159,0.0,0,0.0
2014-05-22 09:54:00,31.169,0.253511674002,0.0,0,0.0
2014-05-22 09:59:00,34.607,0.222662343921,0.0,0,0.0
2014-05-22 10:04:00,44.594,0.106988972442,0.0,0,0.0
2014-05-22 10:09:00,100.0,0.0603476635246,0.10000000149,0,0.0
2014-05-22 10:14:00,60.371,0.0806089194934,0.699999988079,0,0.0
2014-05-22 10:19:00,31.543,0.194112149302,0.524999976158,0,0.0
2014-05-22 10:24:00,29.756,0.194112149302,0.0,0,0.0
2014-05-22 10:29:00,32.317,0.194112149302,0.0,0,0.0
2014-05-22 10:34:00,31.548,0.194112149302,0.0,0,0.0
2014-05-22 10:39:00,32.112,0.194112149302,0.0,0,0.0
2014-05-22 10:44:00,31.701,0.194112149302,0.0,0,0.0
2014-05-22 10:49:00,31.164,0.194112149302,0.0,0,0.0
2014-05-22 10:54:00,31.286,0.194112149302,0.0,0,0.0
2014-05-22 10:59:00,34.334,0.167833142902,0.0,0,0.0
2014-05-22 11:04:00,46.051,0.0438608695766,0.0,0,0.0
2014-05-22 11:09:00,100.0,0.0637386073259,0.0750000029802,0,0.0
2014-05-22 11:14:00,59.888,0.0691392812533,0.649999976158,0,0.0
2014-05-22 11:19:00,30.988,0.127208424305,0.324999988079,0,0.0
2014-05-22 11:24:00,31.665,0.127208424305,0.0,0,0.0
2014-05-22 11:29:00,31.782,0.127208424305,0.0,0,0.0
2014-05-22 11:34:00,32.146,0.127208424305,0.0,0,0.0
2014-05-22 11:39:00,30.165,0.127208424305,0.0,0,0.0
2014-05-22 11:44:00,31.845,0.127208424305,0.0,0,0.0
2014-05-22 11:49:00,31.328,0.127208424305,0.0,0,0.0
2014-05-22 11:54:00,30.502,0.127208424305,0.0,0,0.0
2014-05-22 11:59:00,34.367,0.111843319517,0.0,0,0.0
2014-05-22 12:04:00,45.44,0.0327651175148,0.0250000003725,0,0.0
2014-05-22 12:09:00,100.0,0.0570763177221,0.10000000149,0,0.0
2014-05-22 12:14:00,60.161,0.0766607953885,0.649999976158,0,0.0
2014-05-22 12:19:00,30.5,0.111843322817,0.20000000298,0,0.0
2014-05-22 12:24:00,31.051,0.111843322817,0.0,0,0.0
2014-05-22 12:29:00,33.159,0.111843322817,0.0,0,0.0
2014-05-22 12:34:00,30.949,0.111843322817,0.0,0,0.0
2014-05-22 12:39:00,30.995,0.111843322817,0.0,0,0.0
2014-05-22 12:44:00,32.845,0.111843322817,0.0,0,0.0
2014-05-22 12:49:00,31.334,0.111843322817,0.0,0,0.0
2014-05-22 12:54:00,31.487,0.106988971015,0.0,0,0.0
2014-05-22 12:59:00,33.002,0.0888855244136,0.0,0,0.0
2014-05-22 13:04:00,46.344,0.0424623887601,0.0500000007451,0,0.0
2014-05-22 13:09:00,100.0,0.0603476635246,0.0500000007451,0,0.0
2014-05-22 13:14:00,52.459,0.0524632123401,0.5,0,0.0
2014-05-22 13:19:00,31.334,0.278172049679,1.0,0,0.0
2014-05-22 13:24:00,32.334,0.278172049679,0.0,0,0.0
2014-05-22 13:29:00,31.5,0.278172049679,0.0,0,0.0
2014-05-22 13:34:00,32.214,0.278172049679,0.0,0,0.0
2014-05-22 13:39:00,30.44,0.278172049679,0.0,0,0.0
2014-05-22 13:44:00,32.467,0.278172049679,0.0,0,0.0
2014-05-22 13:49:00,31.048,0.278172049679,0.0,0,0.0
2014-05-22 13:54:00,30.942,0.261586141412,0.0,0,0.0
2014-05-22 13:59:00,34.505,0.245582429115,0.0,0,0.0
2014-05-22 14:04:00,46.318,0.127208431444,0.0500000007451,0,0.0
2014-05-22 14:09:00,66.5,0.0621093480516,0.625,0,0.0
2014-05-22 14:14:00,46.341,0.261586141412,0.875,0,0.0
2014-05-22 14:19:00,32.501,0.432092966765,0.449999988079,0,0.0
2014-05-22 14:24:00,30.821,0.432092966765,0.0,0,0.0
2014-05-22 14:29:00,33.987,0.44297921295,0.0250000003725,0,0.0
2014-05-22 14:34:00,30.056,0.44297921295,0.0,0,0.0
2014-05-22 14:39:00,30.87,0.44297921295,0.0,0,0.0
2014-05-22 14:44:00,32.895,0.44297921295,0.0,0,0.0
2014-05-22 14:49:00,30.879,0.44297921295,0.0,0,0.0
2014-05-22 14:54:00,30.618,0.421356707155,0.0,0,0.0
2014-05-22 14:59:00,33.333,0.201035613086,0.0,0,0.0
2014-05-22 15:04:00,45.727,0.0386846328507,0.0,0,0.0
2014-05-22 15:09:00,100.0,0.070884641334,0.0,0,0.0
2014-05-22 15:14:00,60.054,0.0587755104523,0.625,0,0.0
2014-05-22 15:19:00,33.286,0.0888855269564,0.22499999404,0,0.0
2014-05-22 15:24:00,30.503,0.0888855269564,0.0,0,0.0
2014-05-22 15:29:00,31.499,0.0888855269564,0.0,0,0.0
2014-05-22 15:34:00,31.834,0.0888855269564,0.0,0,0.0
2014-05-22 15:39:00,31.046,0.0932161300889,0.0250000003725,0,0.0
2014-05-22 15:44:00,32.615,0.0932161300889,0.0,0,0.0
2014-05-22 15:49:00,31.042,0.0976762748289,0.0250000003725,0,0.0
2014-05-22 15:54:00,31.119,0.0976762748289,0.0,0,0.0
2014-05-22 15:59:00,34.983,0.0976762748289,0.0,0,0.0
2014-05-22 16:04:00,45.67,0.037400369148,0.0250000003725,0,0.0
2014-05-22 16:09:00,100.0,0.0479655364398,0.125,0,0.0
2014-05-22 16:14:00,47.112,0.0451579640562,0.0250000003725,0,0.0
2014-05-22 16:19:00,31.05,0.0451579640562,0.0,0,0.0
2014-05-22 16:24:00,30.49,0.0451579640562,0.0,0,0.0
2014-05-22 16:29:00,33.011,0.0479655364398,0.0,0,0.0
2014-05-22 16:34:00,31.169,0.0479655364398,0.0,0,0.0
2014-05-22 16:39:00,30.505,0.0508867442408,0.0,0,0.0
2014-05-22 16:44:00,32.618,0.0508867442408,0.0,0,0.0
2014-05-22 16:49:00,31.171,0.0508867442408,0.0,0,0.0
2014-05-22 16:54:00,31.876,0.0539231651791,0.0,0,0.0
2014-05-22 16:59:00,34.274,0.0672505007844,0.0250000003725,0,0.0
2014-05-22 17:04:00,44.497,0.063738607583,0.0500000007451,0,0.0
2014-05-22 17:09:00,100.0,0.063738607583,0.0,0,0.0
2014-05-22 17:14:00,59.368,0.0350303339528,0.25,0,0.0
2014-05-22 17:19:00,32.451,0.0317230222009,0.0750000029802,0,0.0
2014-05-22 17:24:00,30.67,0.0317230222009,0.0,0,0.0
2014-05-22 17:29:00,32.862,0.0317230222009,0.0,0,0.0
2014-05-22 17:34:00,31.952,0.0308300229118,0.0,0,0.0
2014-05-22 17:39:00,31.22,0.0308300229118,0.0,0,0.0
2014-05-22 17:44:00,32.666,0.0308300229118,0.0,0,0.0
2014-05-22 17:49:00,30.835,0.0328641025919,0.0,0,0.0
2014-05-22 17:54:00,30.668,0.0372052202129,0.0,0,0.0
2014-05-22 17:59:00,33.942,0.0372052202129,0.0,0,0.0
2014-05-22 18:04:00,45.612,0.0647534266368,0.0,0,0.0
2014-05-22 18:09:00,100.0,0.0647534266368,0.0750000029802,0,0.0
2014-05-22 18:14:00,59.335,0.062373897236,0.649999976158,0,0.0
2014-05-22 18:19:00,30.718,0.0689666260854,0.0500000007451,0,0.0
2014-05-22 18:24:00,31.339,0.0689666260854,0.0,0,0.0
2014-05-22 18:29:00,32.677,0.0689666260854,0.0,0,0.0
2014-05-22 18:34:00,31.123,0.0689666260854,0.0,0,0.0
2014-05-22 18:39:00,31.668,0.0689666260854,0.0,0,0.0
2014-05-22 18:44:00,31.391,0.0689666260854,0.0,0,0.0
2014-05-22 18:49:00,31.507,0.0689666260854,0.0,0,0.0
2014-05-22 18:54:00,31.504,0.0689666260854,0.0,0,0.0
2014-05-22 18:59:00,35.113,0.0592367707329,0.0,0,0.0
2014-05-22 19:04:00,44.441,0.0647534268803,0.0250000003725,0,0.0
2014-05-22 19:09:00,100.0,0.0647534268803,0.0500000007451,0,0.0
2014-05-22 19:14:00,60.103,0.0623738969983,0.649999976158,0,0.0
2014-05-22 19:19:00,32.339,0.0623738969983,0.0,0,0.0
2014-05-22 19:24:00,31.144,0.0623738969983,0.0,0,0.0
2014-05-22 19:29:00,32.67,0.0623738969983,0.0,0,0.0
2014-05-22 19:34:00,31.206,0.0623738969983,0.0,0,0.0
2014-05-22 19:39:00,30.99,0.0623738969983,0.0,0,0.0
2014-05-22 19:44:00,32.287,0.0623738969983,0.0,0,0.0
2014-05-22 19:49:00,31.211,0.0623738969983,0.0,0,0.0
2014-05-22 19:54:00,30.625,0.0592367707329,0.0,0,0.0
2014-05-22 19:59:00,34.224,0.0532753497897,0.0,0,0.0
2014-05-22 20:04:00,46.343,0.075042184154,0.0,0,0.0
2014-05-22 20:09:00,100.0,0.0647534266368,0.0750000029802,0,0.0
2014-05-22 20:14:00,60.938,0.0592367739504,0.625,0,0.0
2014-05-22 20:19:00,30.102,0.0592367739504,0.0,0,0.0
2014-05-22 20:24:00,31.228,0.0592367739504,0.0,0,0.0
2014-05-22 20:29:00,33.995,0.0592367739504,0.0,0,0.0
2014-05-22 20:34:00,30.166,0.0623739003256,0.0250000003725,0,0.0
2014-05-22 20:39:00,31.166,0.0623739003256,0.0,0,0.0
2014-05-22 20:44:00,32.511,0.0623739003256,0.0,0,0.0
2014-05-22 20:49:00,31.002,0.0623739003256,0.0,0,0.0
2014-05-22 20:54:00,31.666,0.0623739003256,0.0,0,0.0
2014-05-22 20:59:00,34.058,0.0532753525769,0.0,0,0.0
2014-05-22 21:04:00,45.944,0.0715042595526,0.0,0,0.0
2014-05-22 21:09:00,100.0,0.0554238427628,0.125,0,0.0
2014-05-22 21:14:00,60.015,0.0689666288748,0.625,0,0.0
2014-05-22 21:19:00,31.33,0.0913660476582,0.15000000596,0,0.0
2014-05-22 21:24:00,30.388,0.0913660476582,0.0250000003725,0,0.0
2014-05-22 21:29:00,33.391,0.0913660476582,0.0,0,0.0
2014-05-22 21:34:00,31.17,0.0954912885753,0.0250000003725,0,0.0
2014-05-22 21:39:00,31.169,0.0954912885753,0.0,0,0.0
2014-05-22 21:44:00,32.669,0.0954912885753,0.0,0,0.0
2014-05-22 21:49:00,31.168,0.0954912885753,0.0,0,0.0
2014-05-22 21:54:00,31.001,0.0954912885753,0.0,0,0.0
2014-05-22 21:59:00,34.365,0.0759910453563,0.0,0,0.0
2014-05-22 22:04:00,46.0,0.0497219238291,0.0,0,0.0
2014-05-22 22:09:00,100.0,0.0470226269966,0.17499999702,0,0.0
2014-05-22 22:14:00,59.587,0.0724243695062,0.600000023842,0,0.0
2014-05-22 22:19:00,31.806,0.0913660500831,0.125,0,0.0
2014-05-22 22:24:00,32.154,0.0873542551049,0.0,0,0.0
2014-05-22 22:29:00,31.771,0.0873542551049,0.0,0,0.0
2014-05-22 22:34:00,31.382,0.0873542551049,0.0,0,0.0
2014-05-22 22:39:00,31.673,0.0873542551049,0.0,0,0.0
2014-05-22 22:44:00,32.282,0.0873542551049,0.0,0,0.0
2014-05-22 22:49:00,31.336,0.0873542551049,0.0,0,0.0
2014-05-22 22:54:00,31.001,0.0873542551049,0.0,0,0.0
2014-05-22 22:59:00,33.744,0.0623739029399,0.0,0,0.0
2014-05-22 23:04:00,44.946,0.0584289606561,0.0,0,0.0
2014-05-22 23:09:00,100.0,0.0554238421027,0.15000000596,0,0.0
2014-05-22 23:14:00,59.491,0.0656168263986,0.600000023842,0,0.0
2014-05-22 23:19:00,31.106,0.0656168263986,0.0,0,0.0
2014-05-22 23:24:00,32.329,0.0656168263986,0.0,0,0.0
2014-05-22 23:29:00,32.559,0.0656168263986,0.0,0,0.0
2014-05-22 23:34:00,31.11,0.0656168263986,0.0,0,0.0
2014-05-22 23:39:00,31.157,0.0656168263986,0.0,0,0.0
2014-05-22 23:44:00,32.549,0.0656168263986,0.0,0,0.0
2014-05-22 23:49:00,31.176,0.0656168263986,0.0,0,0.0
2014-05-22 23:54:00,31.113,0.0656168263986,0.0,0,0.0
2014-05-22 23:59:00,33.088,0.0477230168962,0.0,0,0.0
2014-05-23 00:04:00,44.887,0.075042184154,0.0,0,0.0
2014-05-23 00:09:00,100.0,0.0584289606561,0.125,0,0.0
2014-05-23 00:14:00,60.218,0.0689666255782,0.649999976158,0,0.0
2014-05-23 00:19:00,32.286,0.122667940875,0.324999988079,0,0.0
2014-05-23 00:24:00,30.887,0.122667940875,0.0,0,0.0
2014-05-23 00:29:00,33.178,0.122667940875,0.0,0,0.0
2014-05-23 00:34:00,30.313,0.122667940875,0.0,0,0.0
2014-05-23 00:39:00,31.163,0.122667940875,0.0,0,0.0
2014-05-23 00:44:00,32.777,0.122667940875,0.0,0,0.0
2014-05-23 00:49:00,30.334,0.122667940875,0.0,0,0.0
2014-05-23 00:54:00,31.663,0.122667940875,0.0,0,0.0
2014-05-23 00:59:00,34.193,0.0997307701007,0.0,0,0.0
2014-05-23 01:04:00,44.834,0.0372052215618,0.0,0,0.0
2014-05-23 01:09:00,100.0,0.0554238421027,0.15000000596,0,0.0
2014-05-23 01:14:00,59.618,0.0623738991373,0.574999988079,0,0.0
2014-05-23 01:19:00,31.663,0.099730775223,0.25,0,0.0
2014-05-23 01:24:00,31.043,0.099730775223,0.0,0,0.0
2014-05-23 01:29:00,32.958,0.099730775223,0.0,0,0.0
2014-05-23 01:34:00,30.306,0.099730775223,0.0,0,0.0
2014-05-23 01:39:00,30.834,0.099730775223,0.0,0,0.0
2014-05-23 01:44:00,32.542,0.099730775223,0.0,0,0.0
2014-05-23 01:49:00,31.331,0.099730775223,0.0,0,0.0
2014-05-23 01:54:00,31.327,0.0978710503881,0.0,0,0.0
2014-05-23 01:59:00,33.947,0.074353216487,0.0,0,0.0
2014-05-23 02:04:00,45.37,0.0457942730098,0.0,0,0.0
2014-05-23 02:09:00,100.0,0.0633010387666,0.10000000149,0,0.0
2014-05-23 02:14:00,59.672,0.0519092734582,0.550000011921,0,0.0
2014-05-23 02:19:00,31.626,0.0519092734582,0.0,0,0.0
2014-05-23 02:24:00,31.224,0.0519092734582,0.0,0,0.0
2014-05-23 02:29:00,31.781,0.0519092734582,0.0,0,0.0
2014-05-23 02:34:00,31.004,0.0519092734582,0.0,0,0.0
2014-05-23 02:39:00,31.498,0.0519092734582,0.0,0,0.0
2014-05-23 02:44:00,32.83,0.0547989068756,0.0250000003725,0,0.0
2014-05-23 02:49:00,31.66,0.0547989068756,0.0,0,0.0
2014-05-23 02:54:00,31.059,0.0547989068756,0.0,0,0.0
2014-05-23 02:59:00,34.783,0.0464358089336,0.0250000003725,0,0.0
2014-05-23 03:04:00,44.665,0.0699786533491,0.0,0,0.0
2014-05-23 03:09:00,100.0,0.0601230128212,0.0750000029802,0,0.0
2014-05-23 03:14:00,60.837,0.0674053912106,0.649999976158,0,0.0
2014-05-23 03:19:00,30.834,0.220685574223,0.75,0,0.0
2014-05-23 03:24:00,32.335,0.220685574223,0.0,0,0.0
2014-05-23 03:29:00,32.428,0.220685574223,0.0,0,0.0
2014-05-23 03:34:00,31.119,0.213803279887,0.0,0,0.0
2014-05-23 03:39:00,30.992,0.213803279887,0.0,0,0.0
2014-05-23 03:44:00,36.28,0.213803279887,0.0,0,0.0
2014-05-23 03:49:00,31.272,0.207047655188,0.0,0,0.0
2014-05-23 03:54:00,30.668,0.207047655188,0.0,0,0.0
2014-05-23 03:59:00,33.894,0.187537154837,0.0,0,0.0
2014-05-23 04:04:00,45.952,0.0640942576353,0.0,0,0.0
2014-05-23 04:09:00,100.0,0.0770920633327,0.0,0,0.0
2014-05-23 04:14:00,59.719,0.0491220040421,0.625,0,0.0
2014-05-23 04:19:00,31.613,0.089578782417,0.300000011921,0,0.0
2014-05-23 04:24:00,31.711,0.089578782417,0.0,0,0.0
2014-05-23 04:29:00,32.445,0.089578782417,0.0,0,0.0
2014-05-23 04:34:00,31.054,0.089578782417,0.0,0,0.0
2014-05-23 04:39:00,30.827,0.089578782417,0.0,0,0.0
2014-05-23 04:44:00,32.961,0.089578782417,0.0,0,0.0
2014-05-23 04:49:00,30.887,0.089578782417,0.0,0,0.0
2014-05-23 04:54:00,30.782,0.089578782417,0.0,0,0.0
2014-05-23 04:59:00,34.123,0.089578782417,0.0,0,0.0
2014-05-23 05:04:00,45.258,0.0407676837071,0.0,0,0.0
2014-05-23 05:09:00,100.0,0.0770920633327,0.0,0,0.0
2014-05-23 05:14:00,59.725,0.046435810112,0.600000023842,0,0.0
2014-05-23 05:19:00,31.01,0.115846956015,0.47499999404,0,0.0
2014-05-23 05:24:00,30.882,0.115846956015,0.0,0,0.0
2014-05-23 05:29:00,32.77,0.115846956015,0.0,0,0.0
2014-05-23 05:34:00,31.119,0.115846956015,0.0,0,0.0
2014-05-23 05:39:00,31.175,0.115846956015,0.0,0,0.0
2014-05-23 05:44:00,32.091,0.115846956015,0.0,0,0.0
2014-05-23 05:49:00,31.609,0.115846956015,0.0,0,0.0
2014-05-23 05:54:00,30.892,0.115846956015,0.0,0,0.0
2014-05-23 05:59:00,33.885,0.115846956015,0.0,0,0.0
2014-05-23 06:04:00,46.115,0.0344722766413,0.0,0,0.0
2014-05-23 06:09:00,100.0,0.0770920633327,0.0,0,0.0
2014-05-23 06:14:00,59.33,0.0413612191772,0.550000011921,0,0.0
2014-05-23 06:19:00,31.503,0.089578782417,0.375,0,0.0
2014-05-23 06:24:00,31.208,0.089578782417,0.0,0,0.0
2014-05-23 06:29:00,32.284,0.089578782417,0.0,0,0.0
2014-05-23 06:34:00,31.048,0.089578782417,0.0,0,0.0
2014-05-23 06:39:00,32.44,0.089578782417,0.0,0,0.0
2014-05-23 06:44:00,31.674,0.089578782417,0.0,0,0.0
2014-05-23 06:49:00,32.5,0.089578782417,0.0,0,0.0
2014-05-23 06:54:00,30.73,0.089578782417,0.0,0,0.0
2014-05-23 06:59:00,34.507,0.089578782417,0.0,0,0.0
2014-05-23 07:04:00,44.879,0.0339480232628,0.0,0,0.0
2014-05-23 07:09:00,100.0,0.0770920633327,0.0,0,0.0
2014-05-23 07:14:00,65.95,0.0640942576353,0.75,0,0.0
2014-05-23 07:19:00,31.82,0.213803285476,0.75,0,0.0
2014-05-23 07:24:00,30.491,0.213803285476,0.0,0,0.0
2014-05-23 07:29:00,32.879,0.213803285476,0.0,0,0.0
2014-05-23 07:34:00,30.625,0.213803285476,0.0,0,0.0
2014-05-23 07:39:00,31.662,0.213803285476,0.0,0,0.0
2014-05-23 07:44:00,32.338,0.213803285476,0.0,0,0.0
2014-05-23 07:49:00,31.344,0.213803285476,0.0,0,0.0
2014-05-23 07:54:00,30.648,0.213803285476,0.0,0,0.0
2014-05-23 07:59:00,34.607,0.213803285476,0.0,0,0.0
2014-05-23 08:04:00,45.225,0.0640942576353,0.0,0,0.0
2014-05-23 08:09:00,100.0,0.073480375273,0.0250000003725,0,0.0
2014-05-23 08:14:00,59.834,0.0547989024928,0.649999976158,0,0.0
2014-05-23 08:19:00,31.148,0.0674053909599,0.10000000149,0,0.0
2014-05-23 08:24:00,31.374,0.0674053909599,0.0,0,0.0
2014-05-23 08:29:00,32.826,0.0674053909599,0.0,0,0.0
2014-05-23 08:34:00,31.326,0.0674053909599,0.0,0,0.0
2014-05-23 08:39:00,30.831,0.0674053909599,0.0,0,0.0
2014-05-23 08:44:00,32.106,0.0674053909599,0.0,0,0.0
2014-05-23 08:49:00,31.668,0.0674053909599,0.0,0,0.0
2014-05-23 08:54:00,30.338,0.0674053909599,0.0,0,0.0
2014-05-23 08:59:00,34.476,0.064094254723,0.0,0,0.0
2014-05-23 09:04:00,44.486,0.0633010387666,0.0,0,0.0
2014-05-23 09:09:00,100.0,0.0770920633327,0.0,0,0.0
2014-05-23 09:14:00,59.18,0.0519092692288,0.649999976158,0,0.0
2014-05-23 09:19:00,32.334,0.0547989024928,0.0250000003725,0,0.0
2014-05-23 09:24:00,30.885,0.0547989024928,0.0,0,0.0
2014-05-23 09:29:00,32.785,0.0547989024928,0.0,0,0.0
2014-05-23 09:34:00,30.593,0.0547989024928,0.0,0,0.0
2014-05-23 09:39:00,31.281,0.0547989024928,0.0,0,0.0
2014-05-23 09:44:00,31.499,0.0547989024928,0.0,0,0.0
2014-05-23 09:49:00,30.949,0.0547989024928,0.0,0,0.0
2014-05-23 09:54:00,30.646,0.0547989024928,0.0,0,0.0
2014-05-23 09:59:00,34.376,0.0547989024928,0.0,0,0.0
2014-05-23 10:04:00,45.124,0.073480375273,0.0,0,0.0
2014-05-23 10:09:00,100.0,0.0770920633327,0.0,0,0.0
2014-05-23 10:14:00,59.503,0.0786605301173,0.0,0,0.0
2014-05-23 10:19:00,31.222,0.0786605301173,0.0,0,0.0
2014-05-23 10:24:00,30.618,0.0786605301173,0.0,0,0.0
2014-05-23 10:29:00,32.433,0.0786605301173,0.0,0,0.0
2014-05-23 10:34:00,31.219,0.0786605301173,0.0,0,0.0
2014-05-23 10:39:00,30.668,0.0786605301173,0.0,0,0.0
2014-05-23 10:44:00,32.382,0.0786605301173,0.0,0,0.0
2014-05-23 10:49:00,30.752,0.0786605301173,0.0,0,0.0
2014-05-23 10:54:00,31.05,0.0786605301173,0.0,0,0.0
2014-05-23 10:59:00,34.803,0.0786605301173,0.0,0,0.0
2014-05-23 11:04:00,45.502,0.0786605301173,0.0,0,0.0
2014-05-23 11:09:00,100.0,0.0786605301173,0.0,0,0.0
2014-05-23 11:14:00,59.456,0.0786605301173,0.0,0,0.0
2014-05-23 11:19:00,31.38,0.0786605301173,0.0,0,0.0
2014-05-23 11:24:00,30.704,0.0786605301173,0.0,0,0.0
2014-05-23 11:29:00,32.898,0.0786605301173,0.0,0,0.0
2014-05-23 11:34:00,31.388,0.0786605301173,0.0,0,0.0
2014-05-23 11:39:00,31.489,0.0786605301173,0.0,0,0.0
2014-05-23 11:44:00,33.442,0.0786605301173,0.0,0,0.0
2014-05-23 11:49:00,30.517,0.0786605301173,0.0,0,0.0
2014-05-23 11:54:00,30.993,0.0786605301173,0.0,0,0.0
2014-05-23 11:59:00,34.121,0.0786605301173,0.0,0,0.0
2014-05-23 12:04:00,45.538,0.0786605301173,0.0,0,0.0
2014-05-23 12:09:00,100.0,0.0786605301173,0.0,0,0.0
2014-05-23 12:14:00,59.11,0.0750570481264,0.0250000003725,0,0.0
2014-05-23 12:19:00,31.705,0.0750570481264,0.0,0,0.0
2014-05-23 12:24:00,31.779,0.0750570481264,0.0,0,0.0
2014-05-23 12:29:00,32.518,0.0750570481264,0.0,0,0.0
2014-05-23 12:34:00,31.326,0.0750570481264,0.0,0,0.0
2014-05-23 12:39:00,31.725,0.0750570481264,0.0,0,0.0
2014-05-23 12:44:00,32.292,0.0750570481264,0.0,0,0.0
2014-05-23 12:49:00,31.386,0.0750570481264,0.0,0,0.0
2014-05-23 12:54:00,30.816,0.0750570481264,0.0,0,0.0
2014-05-23 12:59:00,34.098,0.0750570481264,0.0,0,0.0
2014-05-23 13:04:00,45.053,0.0786605301173,0.0,0,0.0
2014-05-23 13:09:00,100.0,0.0786605301173,0.0,0,0.0
2014-05-23 13:14:00,66.938,0.0398666918838,0.324999988079,0,0.0
2014-05-23 13:19:00,30.667,0.0523681864554,0.34999999404,0,0.0
2014-05-23 13:24:00,31.665,0.0523681864554,0.0,0,0.0
2014-05-23 13:29:00,33.061,0.0523681864554,0.0,0,0.0
2014-05-23 13:34:00,31.109,0.0523681864554,0.0,0,0.0
2014-05-23 13:39:00,30.421,0.0523681864554,0.0,0,0.0
2014-05-23 13:44:00,32.382,0.0523681864554,0.0,0,0.0
2014-05-23 13:49:00,31.148,0.0523681864554,0.0,0,0.0
2014-05-23 13:54:00,31.003,0.0523681864554,0.0,0,0.0
2014-05-23 13:59:00,34.045,0.0523681864554,0.0,0,0.0
2014-05-23 14:04:00,45.09,0.0375698557134,0.0,0,0.0
2014-05-23 14:09:00,100.0,0.0715606061215,0.0500000007451,0,0.0
2014-05-23 14:14:00,66.214,0.0586257767595,0.10000000149,0,0.0
2014-05-23 14:19:00,31.615,0.055649611429,0.0250000003725,0,0.0
2014-05-23 14:24:00,32.168,0.055649611429,0.0,0,0.0
2014-05-23 14:29:00,31.807,0.055649611429,0.0,0,0.0
2014-05-23 14:34:00,30.544,0.055649611429,0.0,0,0.0
2014-05-23 14:39:00,30.67,0.055649611429,0.0,0,0.0
2014-05-23 14:44:00,32.446,0.055649611429,0.0,0,0.0
2014-05-23 14:49:00,31.219,0.055649611429,0.0,0,0.0
2014-05-23 14:54:00,31.436,0.055649611429,0.0,0,0.0
2014-05-23 14:59:00,34.669,0.0617038818031,0.0,0,0.0
2014-05-23 15:04:00,44.818,0.0750570481264,0.0,0,0.0
2014-05-23 15:09:00,100.0,0.0786605301173,0.0,0,0.0
2014-05-23 15:14:00,66.18,0.0648850232731,0.10000000149,0,0.0
2014-05-23 15:19:00,30.667,0.055649611211,0.0750000029802,0,0.0
2014-05-23 15:24:00,30.891,0.055649611211,0.0,0,0.0
2014-05-23 15:29:00,32.923,0.055649611211,0.0,0,0.0
2014-05-23 15:34:00,30.676,0.0527742483,0.0250000003725,0,0.0
2014-05-23 15:39:00,30.639,0.0527742483,0.0,0,0.0
2014-05-23 15:44:00,33.318,0.0527742483,0.0,0,0.0
2014-05-23 15:49:00,30.494,0.0527742483,0.0,0,0.0
2014-05-23 15:54:00,30.666,0.0527742483,0.0,0,0.0
2014-05-23 15:59:00,34.198,0.0527742483,0.0,0,0.0
2014-05-23 16:04:00,46.058,0.06170388157,0.0250000003725,0,0.0
2014-05-23 16:09:00,100.0,0.0715606061215,0.0,0,0.0
2014-05-23 16:14:00,70.937,0.0499985096391,0.17499999702,0,0.0
2014-05-23 16:19:00,31.045,0.0398666908364,0.10000000149,0,0.0
2014-05-23 16:24:00,31.39,0.0422565952972,0.0,0,0.0
2014-05-23 16:29:00,32.685,0.0422565952972,0.0,0,0.0
2014-05-23 16:34:00,31.326,0.0422565952972,0.0,0,0.0
2014-05-23 16:39:00,31.435,0.0422565952972,0.0,0,0.0
2014-05-23 16:44:00,32.446,0.0422565952972,0.0,0,0.0
2014-05-23 16:49:00,31.661,0.0422565952972,0.0,0,0.0
2014-05-23 16:54:00,31.212,0.0447409704534,0.0,0,0.0
2014-05-23 16:59:00,34.33,0.0447409704534,0.0,0,0.0
2014-05-23 17:04:00,45.666,0.0617038818031,0.0250000003725,0,0.0
2014-05-23 17:09:00,100.0,0.0750570481264,0.0,0,0.0
2014-05-23 17:14:00,59.5,0.0750570481264,0.0,0,0.0
2014-05-23 17:19:00,31.49,0.0750570481264,0.0,0,0.0
2014-05-23 17:24:00,30.823,0.0750570481264,0.0,0,0.0
2014-05-23 17:29:00,32.664,0.0750570481264,0.0,0,0.0
2014-05-23 17:34:00,31.214,0.0750570481264,0.0,0,0.0
2014-05-23 17:39:00,31.335,0.0750570481264,0.0,0,0.0
2014-05-23 17:44:00,32.607,0.0750570481264,0.0,0,0.0
2014-05-23 17:49:00,31.004,0.0750570481264,0.0,0,0.0
2014-05-23 17:54:00,30.887,0.0786605301173,0.0,0,0.0
2014-05-23 17:59:00,34.283,0.0786605301173,0.0,0,0.0
2014-05-23 18:04:00,45.833,0.0786605301173,0.0,0,0.0
2014-05-23 18:09:00,100.0,0.0786605301173,0.0,0,0.0
2014-05-23 18:14:00,72.598,0.0556496120829,0.17499999702,0,0.0
2014-05-23 18:19:00,30.084,0.0375698557134,0.17499999702,0,0.0
2014-05-23 18:24:00,31.283,0.0375698557134,0.0,0,0.0
2014-05-23 18:29:00,32.723,0.0375698557134,0.0,0,0.0
2014-05-23 18:34:00,31.097,0.0365731092393,0.0,0,0.0
2014-05-23 18:39:00,30.673,0.0365731092393,0.0,0,0.0
2014-05-23 18:44:00,32.498,0.0365731092393,0.0,0,0.0
2014-05-23 18:49:00,31.342,0.0365731092393,0.0,0,0.0
2014-05-23 18:54:00,30.989,0.0365731092393,0.0,0,0.0
2014-05-23 18:59:00,34.643,0.0365731092393,0.0,0,0.0
2014-05-23 19:04:00,44.501,0.0545254184317,0.0,0,0.0
2014-05-23 19:09:00,100.0,0.0774711615663,0.0,0,0.0
2014-05-23 19:14:00,66.334,0.0605540252294,0.125,0,0.0
2014-05-23 19:19:00,31.166,0.0462449363663,0.125,0,0.0
2014-05-23 19:24:00,31.153,0.0462449363663,0.0,0,0.0
2014-05-23 19:29:00,32.705,0.0462449363663,0.0,0,0.0
2014-05-23 19:34:00,31.147,0.0462449363663,0.0,0,0.0
2014-05-23 19:39:00,31.434,0.0462449363663,0.0,0,0.0
2014-05-23 19:44:00,32.059,0.0462449363663,0.0,0,0.0
2014-05-23 19:49:00,31.596,0.0462449363663,0.0,0,0.0
2014-05-23 19:54:00,30.666,0.0462449363663,0.0,0,0.0
2014-05-23 19:59:00,35.839,0.0462449363663,0.0,0,0.0
2014-05-23 20:04:00,44.809,0.0605540252294,0.0,0,0.0
2014-05-23 20:09:00,100.0,0.0738726054074,0.0250000003725,0,0.0
2014-05-23 20:14:00,72.335,0.0516648274224,0.17499999702,0,0.0
2014-05-23 20:19:00,30.988,0.036573108409,0.15000000596,0,0.0
2014-05-23 20:24:00,31.291,0.0343901721517,0.0250000003725,0,0.0
2014-05-23 20:29:00,32.668,0.0343901721517,0.0,0,0.0
2014-05-23 20:34:00,30.85,0.0322982032707,0.0250000003725,0,0.0
2014-05-23 20:39:00,30.998,0.0302955947119,0.0250000003725,0,0.0
2014-05-23 20:44:00,31.935,0.0302955947119,0.0,0,0.0
2014-05-23 20:49:00,32.532,0.0302955947119,0.0,0,0.0
2014-05-23 20:54:00,30.99,0.0302955947119,0.0,0,0.0
2014-05-23 20:59:00,72.613,0.0302955947119,0.0250000003725,0,0.0
2014-05-23 21:04:00,100.0,0.149404655463,1.0,0,0.0
2014-05-23 21:09:00,100.0,0.267980073732,0.600000023842,0,0.0
2014-05-23 21:14:00,85.887,0.448027786884,0.524999976158,0,0.0
2014-05-23 21:19:00,79.4755,0.926331411635,0.949999988079,0,-0.11
2014-05-23 21:24:00,45.628,0.299999996735,0.40000000596,0,0.0
2014-05-23 21:29:00,47.6455,0.299999996735,0.75,0,0.0
2014-05-23 21:34:00,31.9345,0.299999996735,0.0,0,0.0
2014-05-23 21:39:00,31.286,0.299999996735,0.0,0,0.0
2014-05-23 21:44:00,33.1478,0.299999996735,0.0,0,0.0
2014-05-23 21:49:00,32.665,0.299999996735,0.0,0,0.0
2014-05-23 21:54:00,31.834,0.299999996735,0.0,0,0.0
2014-05-23 21:59:00,34.499,0.299999996735,0.0,0,0.0
2014-05-23 22:04:00,45.001,0.407866208558,0.0,0,0.0
2014-05-23 22:09:00,34.334,0.203657887714,0.324999988079,0,0.0
2014-05-23 22:14:00,34.321,0.113969926073,0.0,0,0.0
2014-05-23 22:19:00,31.644,0.0388485707425,0.0,0,0.0
2014-05-23 22:24:00,32.5,0.0388485707425,0.0,0,0.0
2014-05-23 22:29:00,31.965,0.0388485707425,0.0,0,0.0
2014-05-23 22:34:00,31.167,0.0663460931004,0.449999988079,0,0.0
2014-05-23 22:39:00,31.334,0.0663460931004,0.0,0,0.0
2014-05-23 22:44:00,33.002,0.0663460931004,0.0,0,0.0
2014-05-23 22:49:00,31.161,0.0663460931004,0.0,0,0.0
2014-05-23 22:54:00,31.798,0.0663460931004,0.0,0,0.0
2014-05-23 22:59:00,35.166,0.0318964419668,0.0,0,0.0
2014-05-23 23:04:00,46.985,0.0318964419668,0.0,0,0.0
2014-05-23 23:09:00,32.665,0.0318964419668,0.0,0,0.0
2014-05-23 23:14:00,34.333,0.0318964419668,0.0,0,0.0
2014-05-23 23:19:00,30.384,0.0318964419668,0.0,0,0.0
2014-05-23 23:24:00,31.992,0.0774711615663,0.0,0,0.0
2014-05-23 23:29:00,33.425,0.0774711615663,0.0,0,0.0
2014-05-23 23:34:00,32.239,0.0774711615663,0.0,0,0.0
2014-05-23 23:39:00,31.55,0.0774711615663,0.0,0,0.0
2014-05-23 23:44:00,32.553,0.0774711615663,0.0,0,0.0
2014-05-23 23:49:00,32.103,0.0774711615663,0.0,0,0.0
2014-05-23 23:54:00,30.709,0.0774711615663,0.0,0,0.0
2014-05-23 23:59:00,35.128,0.0774711615663,0.0,0,0.0
2014-05-24 00:04:00,44.0,0.0774711615663,0.0,0,0.0
2014-05-24 00:09:00,32.835,0.0637243649117,0.10000000149,0,0.0
2014-05-24 00:14:00,32.667,0.0489050901358,0.125,0,0.0
2014-05-24 00:19:00,31.833,0.0489050901358,0.0,0,0.0
2014-05-24 00:24:00,31.674,0.0365731085751,0.125,0,0.0
2014-05-24 00:29:00,34.437,0.0365731085751,0.0,0,0.0
2014-05-24 00:34:00,31.888,0.033970669057,0.125,0,0.0
2014-05-24 00:39:00,33.833,0.033970669057,0.0,0,0.0
2014-05-24 00:44:00,31.166,0.0457322203966,0.125,0,0.0
2014-05-24 00:49:00,32.313,0.0457322203966,0.0,0,0.0
2014-05-24 00:54:00,30.37,0.0599414620107,0.125,0,0.0
2014-05-24 00:59:00,34.618,0.0483728989472,0.0,0,0.0
2014-05-24 01:04:00,45.0,0.0962963774845,0.47499999404,0,0.0
2014-05-24 01:09:00,33.173,0.14940465383,0.27500000596,0,0.0
2014-05-24 01:14:00,32.768,0.123502610675,0.0,0,0.0
2014-05-24 01:19:00,31.034,0.123502610675,0.0,0,0.0
2014-05-24 01:24:00,31.669,0.100542527845,0.0,0,0.0
2014-05-24 01:29:00,33.065,0.100542527845,0.0,0,0.0
2014-05-24 01:34:00,31.449,0.0804396100245,0.0,0,0.0
2014-05-24 01:39:00,32.006,0.0804396100245,0.0,0,0.0
2014-05-24 01:44:00,33.156,0.0630911339016,0.0,0,0.0
2014-05-24 01:49:00,30.834,0.0630911339016,0.0,0,0.0
2014-05-24 01:54:00,30.667,0.0436830478796,0.0,0,0.0
2014-05-24 01:59:00,34.161,0.0774711615663,0.0,0,0.0
2014-05-24 02:04:00,45.995,0.0774711615663,0.0,0,0.0
2014-05-24 02:09:00,33.167,0.0774711615663,0.0,0,0.0
2014-05-24 02:14:00,33.667,0.0774711615663,0.0,0,0.0
2014-05-24 02:19:00,32.969,0.0774711615663,0.0,0,0.0
2014-05-24 02:24:00,31.501,0.0774711615663,0.0,0,0.0
2014-05-24 02:29:00,33.146,0.0774711615663,0.0,0,0.0
2014-05-24 02:34:00,32.319,0.0774711615663,0.0,0,0.0
2014-05-24 02:39:00,30.38,0.0774711615663,0.0,0,0.0
2014-05-24 02:44:00,33.448,0.0774711615663,0.0,0,0.0
2014-05-24 02:49:00,30.042,0.0774711615663,0.0,0,0.0
2014-05-24 02:54:00,31.449,0.0736750842915,0.0,0,0.0
2014-05-24 02:59:00,34.485,0.0736750842915,0.0,0,0.0
2014-05-24 03:04:00,44.668,0.0434675187366,0.27500000596,0,0.0
2014-05-24 03:09:00,33.505,0.0502118926241,0.40000000596,0,0.0
2014-05-24 03:14:00,32.499,0.0502118926241,0.0,0,0.0
2014-05-24 03:19:00,33.982,0.0502118926241,0.0,0,0.0
2014-05-24 03:24:00,31.667,0.0502118926241,0.0,0,0.0
2014-05-24 03:29:00,32.999,0.0502118926241,0.0,0,0.0
2014-05-24 03:34:00,31.333,0.0502118926241,0.0,0,0.0
2014-05-24 03:39:00,31.431,0.0502118926241,0.0,0,0.0
2014-05-24 03:44:00,32.539,0.0502118926241,0.0,0,0.0
2014-05-24 03:49:00,31.835,0.0502118926241,0.0,0,0.0
2014-05-24 03:54:00,31.993,0.0330304399652,0.0,0,0.0
2014-05-24 03:59:00,35.168,0.0736750842915,0.0,0,0.0
2014-05-24 04:04:00,46.158,0.0736750842915,0.0,0,0.0
2014-05-24 04:09:00,39.946,0.0736750842915,0.0,0,0.0
2014-05-24 04:14:00,33.316,0.048197904974,0.22499999404,0,0.0
2014-05-24 04:19:00,57.832,0.122642875293,0.975000023842,0,0.0
2014-05-24 04:24:00,31.222,0.127125975555,0.0250000003725,0,0.0
2014-05-24 04:29:00,33.588,0.127125975555,0.0,0,0.0
2014-05-24 04:34:00,30.496,0.127125975555,0.0,0,0.0
2014-05-24 04:39:00,39.501,0.136387373273,0.0500000007451,0,0.0
2014-05-24 04:44:00,46.334,0.151023905166,0.0750000029802,0,0.0
2014-05-24 04:49:00,31.154,0.188703679626,0.17499999702,0,0.0
2014-05-24 04:54:00,31.165,0.188703679626,0.0,0,0.0
2014-05-24 04:59:00,34.001,0.188703679626,0.0,0,0.0
2014-05-24 05:04:00,47.332,0.206386110099,0.300000011921,0,0.0
2014-05-24 05:09:00,32.246,0.0609457492441,0.15000000596,0,0.0
2014-05-24 05:14:00,33.999,0.0581340870139,0.0,0,0.0
2014-05-24 05:19:00,30.195,0.0581340870139,0.0,0,0.0
2014-05-24 05:24:00,31.274,0.0581340870139,0.0,0,0.0
2014-05-24 05:29:00,33.047,0.0527680624383,0.0,0,0.0
2014-05-24 05:34:00,31.941,0.0453484951674,0.0,0,0.0
2014-05-24 05:39:00,31.668,0.0308307426348,0.0,0,0.0
2014-05-24 05:44:00,32.668,0.0308307426348,0.0,0,0.0
2014-05-24 05:49:00,31.493,0.0308307426348,0.0,0,0.0
2014-05-24 05:54:00,31.002,0.0559146901415,0.0,0,0.0
2014-05-24 05:59:00,34.33,0.0736750842915,0.0,0,0.0
2014-05-24 06:04:00,45.668,0.0736750842915,0.0,0,0.0
2014-05-24 06:09:00,39.333,0.0643993915902,0.0750000029802,0,0.0
2014-05-24 06:14:00,33.821,0.0643993915902,0.0,0,0.0
2014-05-24 06:19:00,31.166,0.0643993915902,0.0,0,0.0
2014-05-24 06:24:00,31.726,0.0643993915902,0.0,0,0.0
2014-05-24 06:29:00,34.449,0.0643993915902,0.0,0,0.0
2014-05-24 06:34:00,30.977,0.0643993915902,0.0,0,0.0
2014-05-24 06:39:00,31.666,0.0643993915902,0.0,0,0.0
2014-05-24 06:44:00,32.334,0.0643993915902,0.0,0,0.0
2014-05-24 06:49:00,31.333,0.0643993915902,0.0,0,0.0
2014-05-24 06:54:00,30.835,0.0643993915902,0.0,0,0.0
2014-05-24 06:59:00,34.527,0.0736750842915,0.0,0,0.0
2014-05-24 07:04:00,46.668,0.0736750842915,0.0,0,0.0
2014-05-24 07:09:00,32.632,0.048197904974,0.22499999404,0,0.0
2014-05-24 07:14:00,33.5,0.048197904974,0.0,0,0.0
2014-05-24 07:19:00,31.002,0.048197904974,0.0,0,0.0
2014-05-24 07:24:00,31.001,0.048197904974,0.0,0,0.0
2014-05-24 07:29:00,33.166,0.048197904974,0.0,0,0.0
2014-05-24 07:34:00,31.387,0.048197904974,0.0,0,0.0
2014-05-24 07:39:00,32.602,0.048197904974,0.0,0,0.0
2014-05-24 07:44:00,30.995,0.048197904974,0.0,0,0.0
2014-05-24 07:49:00,32.171,0.048197904974,0.0,0,0.0
2014-05-24 07:54:00,30.504,0.048197904974,0.0,0,0.0
2014-05-24 07:59:00,34.481,0.0736750842915,0.0,0,0.0
2014-05-24 08:04:00,46.834,0.0704939681934,0.0250000003725,0,0.0
2014-05-24 08:09:00,39.0,0.0311720779325,0.40000000596,0,0.0
2014-05-24 08:14:00,31.83,0.0326751746428,0.0500000007451,0,0.0
2014-05-24 08:19:00,32.372,0.0326751746428,0.0,0,0.0
2014-05-24 08:24:00,30.609,0.034594153301,0.0250000003725,0,0.0
2014-05-24 08:29:00,33.666,0.034594153301,0.0,0,0.0
2014-05-24 08:34:00,30.504,0.034594153301,0.0,0,0.0
2014-05-24 08:39:00,31.001,0.034594153301,0.0,0,0.0
2014-05-24 08:44:00,34.311,0.034594153301,0.0,0,0.0
2014-05-24 08:49:00,30.887,0.034594153301,0.0,0,0.0
2014-05-24 08:54:00,32.283,0.034594153301,0.0250000003725,0,0.0
2014-05-24 08:59:00,33.826,0.0614843620888,0.0,0,0.0
2014-05-24 09:04:00,46.333,0.0643993918107,0.0250000003725,0,0.0
2014-05-24 09:09:00,39.613,0.0457919582116,0.17499999702,0,0.0
2014-05-24 09:14:00,32.165,0.0481979046093,0.0,0,0.0
2014-05-24 09:19:00,31.039,0.0481979046093,0.0,0,0.0
2014-05-24 09:24:00,30.95,0.0481979046093,0.0,0,0.0
2014-05-24 09:29:00,33.668,0.0481979046093,0.0,0,0.0
2014-05-24 09:34:00,30.983,0.0481979046093,0.0,0,0.0
2014-05-24 09:39:00,32.168,0.0481979046093,0.0,0,0.0
2014-05-24 09:44:00,34.292,0.0506863645824,0.0,0,0.0
2014-05-24 09:49:00,29.334,0.0506863645824,0.0,0,0.0
2014-05-24 09:54:00,31.667,0.0532583123782,0.0,0,0.0
2014-05-24 09:59:00,34.175,0.0736750842915,0.0,0,0.0
2014-05-24 10:04:00,45.167,0.0736750842915,0.0,0,0.0
2014-05-24 10:09:00,46.177,0.034963579115,0.375,0,0.0
2014-05-24 10:14:00,32.637,0.034963579115,0.0,0,0.0
2014-05-24 10:19:00,31.333,0.034963579115,0.0,0,0.0
2014-05-24 10:24:00,31.502,0.034963579115,0.0,0,0.0
2014-05-24 10:29:00,33.166,0.034963579115,0.0,0,0.0
2014-05-24 10:34:00,31.501,0.034963579115,0.0,0,0.0
2014-05-24 10:39:00,31.338,0.034963579115,0.0,0,0.0
2014-05-24 10:44:00,32.667,0.034963579115,0.0,0,0.0
2014-05-24 10:49:00,30.968,0.034963579115,0.0,0,0.0
2014-05-24 10:54:00,31.559,0.034963579115,0.0,0,0.0
2014-05-24 10:59:00,33.944,0.0736750842915,0.0,0,0.0
2014-05-24 11:04:00,46.333,0.0586564131908,0.125,0,0.0
2014-05-24 11:09:00,46.155,0.0559146907448,0.0250000003725,0,0.0
2014-05-24 11:14:00,33.446,0.0533152909666,0.0250000003725,0,0.0
2014-05-24 11:19:00,31.497,0.0533152909666,0.0,0,0.0
2014-05-24 11:24:00,31.0,0.0533152909666,0.0,0,0.0
2014-05-24 11:29:00,32.524,0.0533152909666,0.0,0,0.0
2014-05-24 11:34:00,31.95,0.0533152909666,0.0,0,0.0
2014-05-24 11:39:00,31.148,0.0533152909666,0.0,0,0.0
2014-05-24 11:44:00,33.334,0.050724538817,0.0250000003725,0,0.0
2014-05-24 11:49:00,31.003,0.050724538817,0.0,0,0.0
2014-05-24 11:54:00,30.538,0.0645433263004,0.0,0,0.0
2014-05-24 11:59:00,34.778,0.0675710184755,0.0,0,0.0
2014-05-24 12:04:00,46.166,0.0706886524862,0.0,0,0.0
2014-05-24 12:09:00,32.814,0.0706886524862,0.0,0,0.0
2014-05-24 12:14:00,33.117,0.0706886524862,0.0,0,0.0
2014-05-24 12:19:00,31.539,0.0706886524862,0.0,0,0.0
2014-05-24 12:24:00,31.75,0.0706886524862,0.0,0,0.0
2014-05-24 12:29:00,33.495,0.0706886524862,0.0,0,0.0
2014-05-24 12:34:00,31.166,0.0738970136977,0.0,0,0.0
2014-05-24 12:39:00,31.003,0.0738970136977,0.0,0,0.0
2014-05-24 12:44:00,32.166,0.0738970136977,0.0,0,0.0
2014-05-24 12:49:00,30.998,0.0738970136977,0.0,0,0.0
2014-05-24 12:54:00,31.045,0.0738970136977,0.0,0,0.0
2014-05-24 12:59:00,34.17,0.0738970136977,0.0,0,0.0
2014-05-24 13:04:00,46.279,0.061604763123,0.10000000149,0,0.0
2014-05-24 13:09:00,46.168,0.0457959177336,0.15000000596,0,0.0
2014-05-24 13:14:00,34.148,0.0411976880399,0.0500000007451,0,0.0
2014-05-24 13:19:00,31.334,0.0411976880399,0.0,0,0.0
2014-05-24 13:24:00,31.835,0.0411976880399,0.0,0,0.0
2014-05-24 13:29:00,32.002,0.0411976880399,0.0,0,0.0
2014-05-24 13:34:00,31.501,0.0411976880399,0.0,0,0.0
2014-05-24 13:39:00,31.667,0.0411976880399,0.0,0,0.0
2014-05-24 13:44:00,32.988,0.0411976880399,0.0,0,0.0
2014-05-24 13:49:00,31.161,0.0411976880399,0.0,0,0.0
2014-05-24 13:54:00,33.666,0.0507245382475,0.0,0,0.0
2014-05-24 13:59:00,33.5,0.0675710184755,0.0,0,0.0
2014-05-24 14:04:00,44.671,0.0738970136977,0.0,0,0.0
2014-05-24 14:09:00,45.833,0.0738970136977,0.0,0,0.0
2014-05-24 14:14:00,32.978,0.0411976877094,0.300000011921,0,0.0
2014-05-24 14:19:00,32.87,0.0411976877094,0.0,0,0.0
2014-05-24 14:24:00,30.094,0.0411976877094,0.0,0,0.0
2014-05-24 14:29:00,33.166,0.0411976877094,0.0,0,0.0
2014-05-24 14:34:00,31.168,0.0411976877094,0.0,0,0.0
2014-05-24 14:39:00,31.485,0.0411976877094,0.0,0,0.0
2014-05-24 14:44:00,32.834,0.0411976877094,0.0,0,0.0
2014-05-24 14:49:00,32.0,0.0411976877094,0.0,0,0.0
2014-05-24 14:54:00,31.387,0.0411976877094,0.0,0,0.0
2014-05-24 14:59:00,33.937,0.0411976877094,0.0,0,0.0
2014-05-24 15:04:00,45.833,0.0738970136977,0.0,0,0.0
2014-05-24 15:09:00,46.824,0.0329574105097,0.40000000596,0,0.0
2014-05-24 15:14:00,33.497,0.0329574105097,0.0,0,0.0
2014-05-24 15:19:00,30.105,0.0329574105097,0.0,0,0.0
2014-05-24 15:24:00,31.676,0.0329574105097,0.0,0,0.0
2014-05-24 15:29:00,34.715,0.0329574105097,0.0,0,0.0
2014-05-24 15:34:00,30.775,0.0329574105097,0.0,0,0.0
2014-05-24 15:39:00,31.214,0.0329574105097,0.0,0,0.0
2014-05-24 15:44:00,32.593,0.0329574105097,0.0,0,0.0
2014-05-24 15:49:00,31.169,0.0329574105097,0.0,0,0.0
2014-05-24 15:54:00,31.502,0.0329574105097,0.0,0,0.0
2014-05-24 15:59:00,34.333,0.0738970136977,0.0,0,0.0
2014-05-24 16:04:00,46.0,0.0706886524862,0.0250000003725,0,0.0
2014-05-24 16:09:00,44.162,0.048218412267,0.20000000298,0,0.0
2014-05-24 16:14:00,32.652,0.0457959180884,0.0250000003725,0,0.0
2014-05-24 16:19:00,32.098,0.0457959180884,0.0,0,0.0
2014-05-24 16:24:00,31.334,0.0457959180884,0.0,0,0.0
2014-05-24 16:29:00,33.015,0.0457959180884,0.0,0,0.0
2014-05-24 16:34:00,32.111,0.0457959180884,0.0,0,0.0
2014-05-24 16:39:00,31.15,0.0457959180884,0.0,0,0.0
2014-05-24 16:44:00,31.667,0.0457959180884,0.0,0,0.0
2014-05-24 16:49:00,31.993,0.0457959180884,0.0,0,0.0
2014-05-24 16:54:00,31.553,0.048218412267,0.0,0,0.0
2014-05-24 16:59:00,34.784,0.0706886524862,0.0,0,0.0
2014-05-24 17:04:00,45.847,0.0738970136977,0.0,0,0.0
2014-05-24 17:09:00,45.332,0.053315291359,0.17499999702,0,0.0
2014-05-24 17:14:00,33.334,0.0507245391968,0.0250000003725,0,0.0
2014-05-24 17:19:00,31.922,0.0507245391968,0.0,0,0.0
2014-05-24 17:24:00,31.753,0.0507245391968,0.0,0,0.0
2014-05-24 17:29:00,32.95,0.0507245391968,0.0,0,0.0
2014-05-24 17:34:00,31.161,0.0507245391968,0.0,0,0.0
2014-05-24 17:39:00,31.485,0.0507245391968,0.0,0,0.0
2014-05-24 17:44:00,32.548,0.0507245391968,0.0,0,0.0
2014-05-24 17:49:00,31.612,0.0507245391968,0.0,0,0.0
2014-05-24 17:54:00,31.713,0.0507245391968,0.0,0,0.0
2014-05-24 17:59:00,34.761,0.0706886524862,0.0,0,0.0
2014-05-24 18:04:00,46.64,0.0738970136977,0.0,0,0.0
2014-05-24 18:09:00,45.157,0.0530778808948,0.699999988079,0,0.0
2014-05-24 18:14:00,33.659,0.0530778808948,0.0,0,0.0
2014-05-24 18:19:00,31.98,0.0530778808948,0.0,0,0.0
2014-05-24 18:24:00,30.502,0.0557464544559,0.0250000003725,0,0.0
2014-05-24 18:29:00,33.334,0.0613438096401,0.0500000007451,0,0.0
2014-05-24 18:34:00,31.334,0.0642743666691,0.0250000003725,0,0.0
2014-05-24 18:39:00,31.667,0.0672939779288,0.0250000003725,0,0.0
2014-05-24 18:44:00,32.834,0.070403458776,0.0250000003725,0,0.0
2014-05-24 18:49:00,31.982,0.076895153729,0.0500000007451,0,0.0
2014-05-24 18:54:00,31.145,0.0837554376712,0.0500000007451,0,0.0
2014-05-24 18:59:00,34.501,0.0369212385477,0.10000000149,0,0.0
2014-05-24 19:04:00,46.722,0.0369212385477,0.0,0,0.0
2014-05-24 19:09:00,46.001,0.0736035958149,0.524999976158,0,0.0
2014-05-24 19:14:00,34.5,0.0736035958149,0.0250000003725,0,0.0
2014-05-24 19:19:00,30.149,0.0672939767873,0.0,0,0.0
2014-05-24 19:24:00,30.837,0.0642743655609,0.0,0,0.0
2014-05-24 19:29:00,32.996,0.0642743655609,0.0250000003725,0,0.0
2014-05-24 19:34:00,30.989,0.0624520551369,0.0,0,0.0
2014-05-24 19:39:00,32.502,0.0567221005604,0.0,0,0.0
2014-05-24 19:44:00,32.485,0.0513475320795,0.0,0,0.0
2014-05-24 19:49:00,31.504,0.0416329027545,0.0,0,0.0
2014-05-24 19:54:00,31.39,0.0416329027545,0.0,0,0.0
2014-05-24 19:59:00,34.612,0.0674665117162,0.0,0,0.0
2014-05-24 20:04:00,47.167,0.0706189639002,0.0,0,0.0
2014-05-24 20:09:00,45.333,0.0394135558074,0.524999976158,0,0.0
2014-05-24 20:14:00,33.887,0.0394135558074,0.0,0,0.0
2014-05-24 20:19:00,32.901,0.0372756631653,0.0,0,0.0
2014-05-24 20:24:00,30.994,0.0372756631653,0.0,0,0.0
2014-05-24 20:29:00,32.32,0.0372756631653,0.0,0,0.0
2014-05-24 20:34:00,31.333,0.0372756631653,0.0,0,0.0
2014-05-24 20:39:00,31.5,0.0372756631653,0.0,0,0.0
2014-05-24 20:44:00,32.879,0.0372756631653,0.0,0,0.0
2014-05-24 20:49:00,31.115,0.0372756631653,0.0,0,0.0
2014-05-24 20:54:00,31.334,0.0372756631653,0.0,0,0.0
2014-05-24 20:59:00,35.0,0.0738643144623,0.0,0,0.0
2014-05-24 21:04:00,46.484,0.0738643144623,0.0,0,0.0
2014-05-24 21:09:00,45.499,0.0585582531627,0.125,0,0.0
2014-05-24 21:14:00,33.042,0.0585582531627,0.0,0,0.0
2014-05-24 21:19:00,31.62,0.0585582531627,0.0,0,0.0
2014-05-24 21:24:00,31.866,0.0585582531627,0.0,0,0.0
2014-05-24 21:29:00,33.609,0.0585582531627,0.0,0,0.0
2014-05-24 21:34:00,31.832,0.0585582531627,0.0,0,0.0
2014-05-24 21:39:00,31.054,0.0585582531627,0.0,0,0.0
2014-05-24 21:44:00,33.781,0.0585582531627,0.0,0,0.0
2014-05-24 21:49:00,31.004,0.0585582531627,0.0,0,0.0
2014-05-24 21:54:00,30.776,0.0585582531627,0.0,0,0.0
2014-05-24 21:59:00,35.18,0.0738643144623,0.0,0,0.0
2014-05-24 22:04:00,45.816,0.0738643144623,0.0,0,0.0
2014-05-24 22:09:00,46.996,0.0644061429415,0.0750000029802,0,0.0
2014-05-24 22:14:00,31.666,0.0644061429415,0.0,0,0.0
2014-05-24 22:19:00,31.333,0.0644061429415,0.0,0,0.0
2014-05-24 22:24:00,31.665,0.0644061429415,0.0,0,0.0
2014-05-24 22:29:00,33.499,0.0644061429415,0.0,0,0.0
2014-05-24 22:34:00,31.608,0.0644061429415,0.0,0,0.0
2014-05-24 22:39:00,31.392,0.0644061429415,0.0,0,0.0
2014-05-24 22:44:00,32.857,0.0644061429415,0.0,0,0.0
2014-05-24 22:49:00,31.947,0.0644061429415,0.0,0,0.0
2014-05-24 22:54:00,32.666,0.0644061429415,0.0,0,0.0
2014-05-24 22:59:00,33.628,0.0738643144623,0.0,0,0.0
2014-05-24 23:04:00,46.0,0.0738643144623,0.0,0,0.0
2014-05-24 23:09:00,46.166,0.0738643144623,0.0,0,0.0
2014-05-24 23:14:00,33.67,0.0706189639002,0.0250000003725,0,0.0
2014-05-24 23:19:00,31.227,0.0706189639002,0.0,0,0.0
2014-05-24 23:24:00,31.942,0.0706189639002,0.0,0,0.0
2014-05-24 23:29:00,33.333,0.0706189639002,0.0,0,0.0
2014-05-24 23:34:00,32.168,0.0706189639002,0.0,0,0.0
2014-05-24 23:39:00,31.333,0.0706189639002,0.0,0,0.0
2014-05-24 23:44:00,33.334,0.0706189639002,0.0,0,0.0
2014-05-24 23:49:00,31.502,0.0706189639002,0.0,0,0.0
2014-05-24 23:54:00,31.502,0.0706189639002,0.0,0,0.0
2014-05-24 23:59:00,34.348,0.0706189639002,0.0,0,0.0
2014-05-25 00:04:00,45.334,0.0504549738256,0.20000000298,0,0.0
2014-05-25 00:09:00,44.834,0.0454872034891,0.0500000007451,0,0.0
2014-05-25 00:14:00,34.001,0.0431305416527,0.0250000003725,0,0.0
2014-05-25 00:19:00,31.151,0.0431305416527,0.0,0,0.0
2014-05-25 00:24:00,31.333,0.0431305416527,0.0,0,0.0
2014-05-25 00:29:00,33.262,0.0431305416527,0.0,0,0.0
2014-05-25 00:34:00,31.032,0.0431305416527,0.0,0,0.0
2014-05-25 00:39:00,32.0,0.0431305416527,0.0,0,0.0
2014-05-25 00:44:00,33.164,0.0431305416527,0.0,0,0.0
2014-05-25 00:49:00,32.107,0.0431305416527,0.0,0,0.0
2014-05-25 00:54:00,31.335,0.0644061431661,0.0,0,0.0
2014-05-25 00:59:00,33.301,0.0706189639002,0.0,0,0.0
2014-05-25 01:04:00,46.0,0.0530681842083,0.17499999702,0,0.0
2014-05-25 01:09:00,46.05,0.0408572374618,0.125,0,0.0
2014-05-25 01:14:00,33.949,0.0408572374618,0.0,0,0.0
2014-05-25 01:19:00,31.167,0.0408572374618,0.0,0,0.0
2014-05-25 01:24:00,32.187,0.0408572374618,0.0,0,0.0
2014-05-25 01:29:00,34.488,0.0408572374618,0.0,0,0.0
2014-05-25 01:34:00,31.004,0.0408572374618,0.0,0,0.0
2014-05-25 01:39:00,31.827,0.0408572374618,0.0,0,0.0
2014-05-25 01:44:00,32.499,0.0408572374618,0.0,0,0.0
2014-05-25 01:49:00,30.974,0.0408572374618,0.0,0,0.0
2014-05-25 01:54:00,30.803,0.0585582531627,0.0,0,0.0
2014-05-25 01:59:00,34.18,0.0738643144623,0.0,0,0.0
2014-05-25 02:04:00,45.833,0.0504549738256,0.20000000298,0,0.0
2014-05-25 02:09:00,46.764,0.0394135575928,0.34999999404,0,0.0
2014-05-25 02:14:00,33.541,0.0394135575928,0.0,0,0.0
2014-05-25 02:19:00,33.094,0.0394135575928,0.0,0,0.0
2014-05-25 02:24:00,30.668,0.0394135575928,0.0,0,0.0
2014-05-25 02:29:00,34.788,0.0394135575928,0.0,0,0.0
2014-05-25 02:34:00,31.489,0.0394135575928,0.0,0,0.0
2014-05-25 02:39:00,29.926,0.0394135575928,0.0,0,0.0
2014-05-25 02:44:00,33.721,0.0394135575928,0.0,0,0.0
2014-05-25 02:49:00,31.002,0.0394135575928,0.0,0,0.0
2014-05-25 02:54:00,32.98,0.0365561105097,0.0,0,0.0
2014-05-25 02:59:00,34.0,0.0738643144623,0.0,0,0.0
2014-05-25 03:04:00,44.666,0.0674665117162,0.0500000007451,0,0.0
2014-05-25 03:09:00,46.387,0.0614370146636,0.0500000007451,0,0.0
2014-05-25 03:14:00,32.944,0.043934867893,0.5,0,0.0
2014-05-25 03:19:00,33.832,0.043934867893,0.0,0,0.0
2014-05-25 03:24:00,30.664,0.043934867893,0.0,0,0.0
2014-05-25 03:29:00,36.501,0.043934867893,0.0,0,0.0
2014-05-25 03:34:00,33.488,0.043934867893,0.0,0,0.0
2014-05-25 03:39:00,30.684,0.043934867893,0.0,0,0.0
2014-05-25 03:44:00,37.004,0.043934867893,0.0,0,0.0
2014-05-25 03:49:00,31.551,0.043934867893,0.0,0,0.0
2014-05-25 03:54:00,31.042,0.0400426330103,0.0,0,0.0
2014-05-25 03:59:00,34.834,0.0357523814714,0.0,0,0.0
2014-05-25 04:04:00,45.317,0.064221672109,0.0750000029802,0,0.0
2014-05-25 04:09:00,45.337,0.0321631806132,0.324999988079,0,0.0
2014-05-25 04:14:00,32.664,0.0302837401594,0.0250000003725,0,0.0
2014-05-25 04:19:00,31.499,0.0302837401594,0.0,0,0.0
2014-05-25 04:24:00,31.832,0.0302837401594,0.0,0,0.0
2014-05-25 04:29:00,33.984,0.0302837401594,0.0,0,0.0
2014-05-25 04:34:00,30.334,0.0302837401594,0.0,0,0.0
2014-05-25 04:39:00,31.164,0.0302837401594,0.0,0,0.0
2014-05-25 04:44:00,33.169,0.0302837401594,0.0,0,0.0
2014-05-25 04:49:00,31.0,0.0302837401594,0.0,0,0.0
2014-05-25 04:54:00,32.163,0.0361599909322,0.0,0,0.0
2014-05-25 04:59:00,34.318,0.0704991981863,0.0,0,0.0
2014-05-25 05:04:00,45.0,0.0737801742253,0.0,0,0.0
2014-05-25 05:09:00,45.831,0.0673133127047,0.0500000007451,0,0.0
2014-05-25 05:14:00,32.828,0.0341214847143,0.324999988079,0,0.0
2014-05-25 05:19:00,32.833,0.0341214847143,0.0,0,0.0
2014-05-25 05:24:00,29.982,0.0341214847143,0.0,0,0.0
2014-05-25 05:29:00,33.333,0.0341214847143,0.0,0,0.0
2014-05-25 05:34:00,31.335,0.0341214847143,0.0,0,0.0
2014-05-25 05:39:00,31.334,0.0341214847143,0.0,0,0.0
2014-05-25 05:44:00,34.177,0.0341214847143,0.0,0,0.0
2014-05-25 05:49:00,30.166,0.0341214847143,0.0,0,0.0
2014-05-25 05:54:00,31.387,0.0341214847143,0.0,0,0.0
2014-05-25 05:59:00,34.785,0.0382799993089,0.0,0,0.0
2014-05-25 06:04:00,45.501,0.0704991981863,0.0250000003725,0,0.0
2014-05-25 06:09:00,48.0,0.0451414587244,0.22499999404,0,0.0
2014-05-25 06:14:00,33.447,0.0451414587244,0.0,0,0.0
2014-05-25 06:19:00,30.999,0.0451414587244,0.0,0,0.0
2014-05-25 06:24:00,30.5,0.0451414587244,0.0,0,0.0
2014-05-25 06:29:00,33.169,0.0451414587244,0.0,0,0.0
2014-05-25 06:34:00,31.216,0.0451414587244,0.0,0,0.0
2014-05-25 06:39:00,31.448,0.0451414587244,0.0,0,0.0
2014-05-25 06:44:00,33.166,0.0451414587244,0.0,0,0.0
2014-05-25 06:49:00,31.339,0.0451414587244,0.0,0,0.0
2014-05-25 06:54:00,30.835,0.0475997083756,0.0,0,0.0
2014-05-25 06:59:00,34.5,0.0737801742253,0.0,0,0.0
2014-05-25 07:04:00,45.001,0.064221672109,0.0750000029802,0,0.0
2014-05-25 07:09:00,45.666,0.0527795746589,0.10000000149,0,0.0
2014-05-25 07:14:00,32.887,0.0527795746589,0.0,0,0.0
2014-05-25 07:19:00,32.113,0.0527795746589,0.0,0,0.0
2014-05-25 07:24:00,31.327,0.0527795746589,0.0,0,0.0
2014-05-25 07:29:00,33.279,0.0527795746589,0.0,0,0.0
2014-05-25 07:34:00,30.966,0.0527795746589,0.0,0,0.0
2014-05-25 07:39:00,30.825,0.0527795746589,0.0,0,0.0
2014-05-25 07:44:00,32.221,0.0527795746589,0.0,0,0.0
2014-05-25 07:49:00,31.612,0.0527795746589,0.0,0,0.0
2014-05-25 07:54:00,33.334,0.0612234013537,0.0,0,0.0
2014-05-25 07:59:00,32.544,0.0737801742253,0.0,0,0.0
2014-05-25 08:04:00,44.949,0.0737801742253,0.0,0,0.0
2014-05-25 08:09:00,47.437,0.0583175930841,0.125,0,0.0
2014-05-25 08:14:00,32.379,0.0986857074683,0.899999976158,0,0.0
2014-05-25 08:19:00,31.334,0.0986857074683,0.0,0,0.0
2014-05-25 08:24:00,31.451,0.0986857074683,0.0,0,0.0
2014-05-25 08:29:00,33.501,0.0986857074683,0.0,0,0.0
2014-05-25 08:34:00,30.839,0.0986857074683,0.0,0,0.0
2014-05-25 08:39:00,30.378,0.0986857074683,0.0,0,0.0
2014-05-25 08:44:00,32.119,0.0986857074683,0.0,0,0.0
2014-05-25 08:49:00,31.72,0.0986857074683,0.0,0,0.0
2014-05-25 08:54:00,31.392,0.0986857074683,0.0,0,0.0
2014-05-25 08:59:00,34.666,0.0799393016735,0.0,0,0.0
2014-05-25 09:04:00,45.17,0.0673133127047,0.0500000007451,0,0.0
2014-05-25 09:09:00,52.782,0.052779575058,0.125,0,0.0
2014-05-25 09:14:00,32.884,0.124511093143,1.0,0,0.0
2014-05-25 09:19:00,31.448,0.124511093143,0.0,0,0.0
2014-05-25 09:24:00,32.33,0.124511093143,0.0,0,0.0
2014-05-25 09:29:00,32.499,0.124511093143,0.0,0,0.0
2014-05-25 09:34:00,30.715,0.124511093143,0.0,0,0.0
2014-05-25 09:39:00,31.791,0.124511093143,0.0,0,0.0
2014-05-25 09:44:00,32.501,0.124511093143,0.0,0,0.0
2014-05-25 09:49:00,31.17,0.124511093143,0.0,0,0.0
2014-05-25 09:54:00,31.334,0.115491816217,0.0,0,0.0
2014-05-25 09:59:00,34.811,0.0947375656682,0.0,0,0.0
2014-05-25 10:04:00,45.168,0.0737801742253,0.0,0,0.0
2014-05-25 10:09:00,46.669,0.064221672109,0.0750000029802,0,0.0
2014-05-25 10:14:00,32.833,0.03412148263,0.300000011921,0,0.0
2014-05-25 10:19:00,31.166,0.03412148263,0.0,0,0.0
2014-05-25 10:24:00,31.456,0.03412148263,0.0,0,0.0
2014-05-25 10:29:00,33.498,0.03412148263,0.0,0,0.0
2014-05-25 10:34:00,30.485,0.03412148263,0.0,0,0.0
2014-05-25 10:39:00,31.818,0.03412148263,0.0,0,0.0
2014-05-25 10:44:00,32.05,0.03412148263,0.0,0,0.0
2014-05-25 10:49:00,31.17,0.03412148263,0.0,0,0.0
2014-05-25 10:54:00,32.449,0.03412148263,0.0,0,0.0
2014-05-25 10:59:00,34.856,0.0404827689578,0.0,0,0.0
2014-05-25 11:04:00,44.835,0.0737801742253,0.0,0,0.0
2014-05-25 11:09:00,45.667,0.0737801742253,0.0,0,0.0
2014-05-25 11:14:00,32.501,0.0527795754572,0.17499999702,0,0.0
2014-05-25 11:19:00,31.667,0.0527795754572,0.0,0,0.0
2014-05-25 11:24:00,31.995,0.0527795754572,0.0,0,0.0
2014-05-25 11:29:00,32.318,0.0527795754572,0.0,0,0.0
2014-05-25 11:34:00,31.333,0.0527795754572,0.0,0,0.0
2014-05-25 11:39:00,30.835,0.0527795754572,0.0,0,0.0
2014-05-25 11:44:00,33.158,0.0527795754572,0.0,0,0.0
2014-05-25 11:49:00,31.0,0.0527795754572,0.0,0,0.0
2014-05-25 11:54:00,30.996,0.0527795754572,0.0,0,0.0
2014-05-25 11:59:00,34.639,0.0527795754572,0.0,0,0.0
2014-05-25 12:04:00,45.168,0.0737801742253,0.0,0,0.0
2014-05-25 12:09:00,46.608,0.0737801742253,0.0,0,0.0
2014-05-25 12:14:00,32.339,0.0340974195236,0.375,0,0.0
2014-05-25 12:19:00,32.333,0.0340974195236,0.0,0,0.0
2014-05-25 12:24:00,30.343,0.0340974195236,0.0,0,0.0
2014-05-25 12:29:00,33.373,0.0340974195236,0.0,0,0.0
2014-05-25 12:34:00,31.662,0.0340974195236,0.0,0,0.0
2014-05-25 12:39:00,31.501,0.0340974195236,0.0,0,0.0
2014-05-25 12:44:00,32.701,0.0340974195236,0.0,0,0.0
2014-05-25 12:49:00,31.453,0.0340974195236,0.0,0,0.0
2014-05-25 12:54:00,32.508,0.0340974195236,0.0,0,0.0
2014-05-25 12:59:00,33.833,0.0340974195236,0.0,0,0.0
2014-05-25 13:04:00,45.166,0.0740915519833,0.0,0,0.0
2014-05-25 13:09:00,46.319,0.0644421251432,0.0750000029802,0,0.0
2014-05-25 13:14:00,32.834,0.0644421251432,0.0,0,0.0
2014-05-25 13:19:00,31.176,0.0644421251432,0.0,0,0.0
2014-05-25 13:24:00,31.002,0.0644421251432,0.0,0,0.0
2014-05-25 13:29:00,33.321,0.0644421251432,0.0,0,0.0
2014-05-25 13:34:00,31.834,0.0644421251432,0.0,0,0.0
2014-05-25 13:39:00,30.834,0.0644421251432,0.0,0,0.0
2014-05-25 13:44:00,33.31,0.0644421251432,0.0,0,0.0
2014-05-25 13:49:00,31.166,0.0644421251432,0.0,0,0.0
2014-05-25 13:54:00,32.0,0.0644421251432,0.0,0,0.0
2014-05-25 13:59:00,34.022,0.0740915519833,0.0,0,0.0
2014-05-25 14:04:00,45.32,0.0740915519833,0.0,0,0.0
2014-05-25 14:09:00,50.267,0.0675626698442,0.0500000007451,0,0.0
2014-05-25 14:14:00,32.762,0.0640018509058,0.725000023842,0,0.0
2014-05-25 14:19:00,32.981,0.0640018509058,0.0,0,0.0
2014-05-25 14:24:00,31.615,0.0640018509058,0.0,0,0.0
2014-05-25 14:29:00,33.768,0.0640018509058,0.0,0,0.0
2014-05-25 14:34:00,30.04,0.0640018509058,0.0,0,0.0
2014-05-25 14:39:00,31.634,0.0640018509058,0.0,0,0.0
2014-05-25 14:44:00,33.168,0.0640018509058,0.0,0,0.0
2014-05-25 14:49:00,31.0,0.0640018509058,0.0,0,0.0
2014-05-25 14:54:00,32.168,0.0640018509058,0.0,0,0.0
2014-05-25 14:59:00,33.655,0.0580710196415,0.0,0,0.0
2014-05-25 15:04:00,46.834,0.0740915519833,0.0,0,0.0
2014-05-25 15:09:00,46.001,0.0528980649854,0.17499999702,0,0.0
2014-05-25 15:14:00,32.824,0.0528980649854,0.0,0,0.0
2014-05-25 15:19:00,31.664,0.0528980649854,0.0,0,0.0
2014-05-25 15:24:00,31.669,0.0528980649854,0.0,0,0.0
2014-05-25 15:29:00,32.819,0.0528980649854,0.0,0,0.0
2014-05-25 15:34:00,31.491,0.0528980649854,0.0,0,0.0
2014-05-25 15:39:00,31.667,0.0528980649854,0.0,0,0.0
2014-05-25 15:44:00,32.831,0.0528980649854,0.0,0,0.0
2014-05-25 15:49:00,30.829,0.0528980649854,0.0,0,0.0
2014-05-25 15:54:00,31.332,0.0528980649854,0.0,0,0.0
2014-05-25 15:59:00,34.833,0.0740915519833,0.0,0,0.0
2014-05-25 16:04:00,46.499,0.0740915519833,0.0,0,0.0
2014-05-25 16:09:00,52.115,0.0361495645471,0.34999999404,0,0.0
2014-05-25 16:14:00,33.817,0.0361495645471,0.0,0,0.0
2014-05-25 16:19:00,31.505,0.0361495645471,0.0,0,0.0
2014-05-25 16:24:00,31.335,0.0361495645471,0.0,0,0.0
2014-05-25 16:29:00,32.999,0.0340974199732,0.0250000003725,0,0.0
2014-05-25 16:34:00,31.167,0.0340974199732,0.0,0,0.0
2014-05-25 16:39:00,33.085,0.0340974199732,0.0,0,0.0
2014-05-25 16:44:00,30.414,0.0340974199732,0.0,0,0.0
2014-05-25 16:49:00,31.615,0.0340974199732,0.0,0,0.0
2014-05-25 16:54:00,31.003,0.0340974199732,0.0,0,0.0
2014-05-25 16:59:00,33.834,0.0707788584206,0.0,0,0.0
2014-05-25 17:04:00,45.547,0.0675626698442,0.0250000003725,0,0.0
2014-05-25 17:09:00,53.167,0.0528980645829,0.125,0,0.0
2014-05-25 17:14:00,33.167,0.0451972835631,0.0750000029802,0,0.0
2014-05-25 17:19:00,31.221,0.0476751468242,0.0,0,0.0
2014-05-25 17:24:00,32.109,0.0476751468242,0.0,0,0.0
2014-05-25 17:29:00,32.012,0.0451972835631,0.0250000003725,0,0.0
2014-05-25 17:34:00,32.217,0.0428069844303,0.0250000003725,0,0.0
2014-05-25 17:39:00,31.782,0.0428069844303,0.0,0,0.0
2014-05-25 17:44:00,32.667,0.0428069844303,0.0,0,0.0
2014-05-25 17:49:00,31.001,0.0428069844303,0.0,0,0.0
2014-05-25 17:54:00,31.386,0.0451972835631,0.0,0,0.0
2014-05-25 17:59:00,34.394,0.0584843687367,0.0,0,0.0
2014-05-25 18:04:00,46.822,0.0644421253721,0.0250000003725,0,0.0
2014-05-25 18:09:00,52.666,0.0318501990035,0.375,0,0.0
2014-05-25 18:14:00,33.499,0.0338094606981,0.0250000003725,0,0.0
2014-05-25 18:19:00,31.833,0.0318501990035,0.0,0,0.0
2014-05-25 18:24:00,30.835,0.0302357160507,0.0,0,0.0
2014-05-25 18:29:00,33.168,0.0302357160507,0.0,0,0.0
2014-05-25 18:34:00,31.0,0.0302357160507,0.0,0,0.0
2014-05-25 18:39:00,31.446,0.0302357160507,0.0,0,0.0
2014-05-25 18:44:00,34.044,0.0302357160507,0.0,0,0.0
2014-05-25 18:49:00,30.494,0.0302357160507,0.0,0,0.0
2014-05-25 18:54:00,31.334,0.0321265927864,0.0,0,0.0
2014-05-25 18:59:00,34.18,0.0707788584206,0.0,0,0.0
2014-05-25 19:04:00,45.501,0.0740915519833,0.0,0,0.0
2014-05-25 19:09:00,50.313,0.0740915519833,0.0,0,0.0
2014-05-25 19:14:00,31.833,0.0740915519833,0.0,0,0.0
2014-05-25 19:19:00,32.886,0.0740915519833,0.0,0,0.0
2014-05-25 19:24:00,30.313,0.0740915519833,0.0,0,0.0
2014-05-25 19:29:00,32.612,0.0740915519833,0.0,0,0.0
2014-05-25 19:34:00,32.168,0.0707788584206,0.0250000003725,0,0.0
2014-05-25 19:39:00,31.613,0.0707788584206,0.0,0,0.0
2014-05-25 19:44:00,32.547,0.0707788584206,0.0,0,0.0
2014-05-25 19:49:00,31.154,0.0675626698442,0.0250000003725,0,0.0
2014-05-25 19:54:00,31.154,0.0675626698442,0.0,0,0.0
2014-05-25 19:59:00,34.333,0.0675626698442,0.0,0,0.0
2014-05-25 20:04:00,47.333,0.0556452762548,0.10000000149,0,0.0
2014-05-25 20:09:00,59.381,0.0498676807644,0.5,0,0.0
2014-05-25 20:14:00,32.42,0.0498676807644,0.0,0,0.0
2014-05-25 20:19:00,33.16,0.0498676807644,0.0,0,0.0
2014-05-25 20:24:00,30.498,0.0473139238845,0.0,0,0.0
2014-05-25 20:29:00,33.0,0.0473139238845,0.0,0,0.0
2014-05-25 20:34:00,31.05,0.0480177422055,0.0,0,0.0
2014-05-25 20:39:00,31.282,0.0455010267524,0.0,0,0.0
2014-05-25 20:44:00,32.999,0.0455010267524,0.0,0,0.0
2014-05-25 20:49:00,30.501,0.0455010267524,0.0,0,0.0
2014-05-25 20:54:00,31.818,0.0363183785655,0.0,0,0.0
2014-05-25 20:59:00,34.386,0.0740777271074,0.0,0,0.0
2014-05-25 21:04:00,45.164,0.0707295358404,0.0250000003725,0,0.0
2014-05-25 21:09:00,59.833,0.0583139708632,0.10000000149,0,0.0
2014-05-25 21:14:00,32.5,0.0583139708632,0.0,0,0.0
2014-05-25 21:19:00,31.167,0.0554496803927,0.0250000003725,0,0.0
2014-05-25 21:24:00,31.834,0.0554496803927,0.0,0,0.0
2014-05-25 21:29:00,33.494,0.0554496803927,0.0,0,0.0
2014-05-25 21:34:00,30.829,0.0554496803927,0.0,0,0.0
2014-05-25 21:39:00,30.817,0.0554496803927,0.0,0,0.0
2014-05-25 21:44:00,32.863,0.0554496803927,0.0,0,0.0
2014-05-25 21:49:00,31.476,0.0554496803927,0.0,0,0.0
2014-05-25 21:54:00,31.6,0.0583139708632,0.0,0,0.0
2014-05-25 21:59:00,34.199,0.0707295358404,0.0,0,0.0
2014-05-25 22:04:00,45.589,0.0707295358404,0.0,0,0.0
2014-05-25 22:09:00,52.666,0.055449679973,0.15000000596,0,0.0
2014-05-25 22:14:00,33.833,0.0526792304241,0.0250000003725,0,0.0
2014-05-25 22:19:00,30.338,0.0526792304241,0.0,0,0.0
2014-05-25 22:24:00,32.491,0.0526792304241,0.0,0,0.0
2014-05-25 22:29:00,34.0,0.0526792304241,0.0,0,0.0
2014-05-25 22:34:00,30.319,0.0526792304241,0.0,0,0.0
2014-05-25 22:39:00,31.551,0.0526792304241,0.0,0,0.0
2014-05-25 22:44:00,32.457,0.0526792304241,0.0,0,0.0
2014-05-25 22:49:00,31.828,0.0526792304241,0.0,0,0.0
2014-05-25 22:54:00,30.72,0.0526792304241,0.0,0,0.0
2014-05-25 22:59:00,35.267,0.0707295358404,0.0,0,0.0
2014-05-25 23:04:00,44.999,0.0740777271074,0.0,0,0.0
2014-05-25 23:09:00,58.167,0.0425140367675,0.27500000596,0,0.0
2014-05-25 23:14:00,34.733,0.0425140367675,0.0,0,0.0
2014-05-25 23:19:00,31.344,0.0425140367675,0.0,0,0.0
2014-05-25 23:24:00,30.711,0.0425140367675,0.0,0,0.0
2014-05-25 23:29:00,33.738,0.0425140367675,0.0,0,0.0
2014-05-25 23:34:00,31.35,0.0425140367675,0.0,0,0.0
2014-05-25 23:39:00,30.881,0.0425140367675,0.0,0,0.0
2014-05-25 23:44:00,32.772,0.0425140367675,0.0,0,0.0
2014-05-25 23:49:00,31.553,0.0425140367675,0.0,0,0.0
2014-05-25 23:54:00,31.953,0.0425140367675,0.0,0,0.0
2014-05-25 23:59:00,33.243,0.0740777271074,0.0,0,0.0
2014-05-26 00:04:00,45.833,0.0707295358404,0.0250000003725,0,0.0
2014-05-26 00:09:00,59.393,0.0554496806026,0.125,0,0.0
2014-05-26 00:14:00,33.335,0.0554496806026,0.0,0,0.0
2014-05-26 00:19:00,32.658,0.0554496806026,0.0,0,0.0
2014-05-26 00:24:00,31.316,0.0554496806026,0.0,0,0.0
2014-05-26 00:29:00,33.505,0.0554496806026,0.0,0,0.0
2014-05-26 00:34:00,31.5,0.0554496806026,0.0,0,0.0
2014-05-26 00:39:00,31.189,0.0554496806026,0.0,0,0.0
2014-05-26 00:44:00,32.451,0.0554496806026,0.0,0,0.0
2014-05-26 00:49:00,31.549,0.0554496806026,0.0,0,0.0
2014-05-26 00:54:00,31.765,0.0583139710801,0.0,0,0.0
2014-05-26 00:59:00,33.999,0.0740777271074,0.0,0,0.0
2014-05-26 01:04:00,46.16,0.0707295358404,0.0250000003725,0,0.0
2014-05-26 01:09:00,59.333,0.0554496806026,0.125,0,0.0
2014-05-26 01:14:00,33.456,0.0554496806026,0.0,0,0.0
2014-05-26 01:19:00,31.667,0.0554496806026,0.0,0,0.0
2014-05-26 01:24:00,31.0,0.0554496806026,0.0,0,0.0
2014-05-26 01:29:00,32.709,0.0554496806026,0.0,0,0.0
2014-05-26 01:34:00,30.952,0.0554496806026,0.0,0,0.0
2014-05-26 01:39:00,31.161,0.0554496806026,0.0,0,0.0
2014-05-26 01:44:00,32.985,0.0554496806026,0.0,0,0.0
2014-05-26 01:49:00,31.666,0.0554496806026,0.0,0,0.0
2014-05-26 01:54:00,32.158,0.0583139710801,0.0,0,0.0
2014-05-26 01:59:00,35.172,0.0740777271074,0.0,0,0.0
2014-05-26 02:04:00,45.205,0.0740777271074,0.0,0,0.0
2014-05-26 02:09:00,59.607,0.0583139710801,0.125,0,0.0
2014-05-26 02:14:00,34.281,0.0583139710801,0.0,0,0.0
2014-05-26 02:19:00,33.5,0.0583139710801,0.0,0,0.0
2014-05-26 02:24:00,30.834,0.0583139710801,0.0,0,0.0
2014-05-26 02:29:00,32.429,0.0583139710801,0.0,0,0.0
2014-05-26 02:34:00,30.884,0.0583139710801,0.0,0,0.0
2014-05-26 02:39:00,31.501,0.0583139710801,0.0,0,0.0
2014-05-26 02:44:00,32.499,0.0583139710801,0.0,0,0.0
2014-05-26 02:49:00,31.335,0.0583139710801,0.0,0,0.0
2014-05-26 02:54:00,31.22,0.0583139710801,0.0,0,0.0
2014-05-26 02:59:00,34.612,0.0740777271074,0.0,0,0.0
2014-05-26 03:04:00,46.166,0.0740777271074,0.0,0,0.0
2014-05-26 03:09:00,60.327,0.0526792314388,0.17499999702,0,0.0
2014-05-26 03:14:00,34.0,0.0500015606091,0.0250000003725,0,0.0
2014-05-26 03:19:00,30.812,0.0500015606091,0.0,0,0.0
2014-05-26 03:24:00,36.167,0.0500015606091,0.0,0,0.0
2014-05-26 03:29:00,33.474,0.0500015606091,0.0,0,0.0
2014-05-26 03:34:00,32.323,0.0500015606091,0.0,0,0.0
2014-05-26 03:39:00,31.334,0.0500015606091,0.0,0,0.0
2014-05-26 03:44:00,31.667,0.0500015606091,0.0,0,0.0
2014-05-26 03:49:00,31.839,0.0500015606091,0.0,0,0.0
2014-05-26 03:54:00,31.837,0.0500015606091,0.0,0,0.0
2014-05-26 03:59:00,34.167,0.0707295358404,0.0,0,0.0
2014-05-26 04:04:00,45.5,0.0707295358404,0.0250000003725,0,0.0
2014-05-26 04:09:00,59.666,0.06747997118,0.0250000003725,0,0.0
2014-05-26 04:14:00,32.166,0.0643281428674,0.0250000003725,0,0.0
2014-05-26 04:19:00,31.502,0.0643281428674,0.0,0,0.0
2014-05-26 04:24:00,31.336,0.0643281428674,0.0,0,0.0
2014-05-26 04:29:00,33.0,0.0643281428674,0.0,0,0.0
2014-05-26 04:34:00,31.499,0.0643281428674,0.0,0,0.0
2014-05-26 04:39:00,31.168,0.0643281428674,0.0,0,0.0
2014-05-26 04:44:00,33.655,0.0643281428674,0.0,0,0.0
2014-05-26 04:49:00,31.486,0.0643281428674,0.0,0,0.0
2014-05-26 04:54:00,31.05,0.0668695496564,0.0,0,0.0
2014-05-26 04:59:00,34.782,0.0701332915735,0.0,0,0.0
2014-05-26 05:04:00,45.434,0.0701332915735,0.0250000003725,0,0.0
2014-05-26 05:09:00,46.503,0.0637053393988,0.0500000007451,0,0.0
2014-05-26 05:14:00,32.499,0.0548001471885,0.0750000029802,0,0.0
2014-05-26 05:19:00,31.337,0.0548001471885,0.0,0,0.0
2014-05-26 05:24:00,31.147,0.0548001471885,0.0,0,0.0
2014-05-26 05:29:00,32.779,0.0548001471885,0.0,0,0.0
2014-05-26 05:34:00,31.336,0.0548001471885,0.0,0,0.0
2014-05-26 05:39:00,32.0,0.0548001471885,0.0,0,0.0
2014-05-26 05:44:00,32.5,0.0548001471885,0.0,0,0.0
2014-05-26 05:49:00,32.001,0.0548001471885,0.0,0,0.0
2014-05-26 05:54:00,31.501,0.0576716485804,0.0,0,0.0
2014-05-26 05:59:00,34.333,0.0637053391668,0.0,0,0.0
2014-05-26 06:04:00,46.5,0.0701332915735,0.0250000003725,0,0.0
2014-05-26 06:09:00,59.668,0.03730873092,0.300000011921,0,0.0
2014-05-26 06:14:00,33.666,0.03730873092,0.0,0,0.0
2014-05-26 06:19:00,33.148,0.03730873092,0.0,0,0.0
2014-05-26 06:24:00,30.167,0.03730873092,0.0,0,0.0
2014-05-26 06:29:00,32.5,0.03730873092,0.0,0,0.0
2014-05-26 06:34:00,31.334,0.03730873092,0.0,0,0.0
2014-05-26 06:39:00,32.334,0.03730873092,0.0,0,0.0
2014-05-26 06:44:00,32.491,0.03730873092,0.0,0,0.0
2014-05-26 06:49:00,32.709,0.03730873092,0.0,0,0.0
2014-05-26 06:54:00,30.777,0.0395363799042,0.0,0,0.0
2014-05-26 06:59:00,35.988,0.0734974886618,0.0,0,0.0
2014-05-26 07:04:00,43.674,0.0734974886618,0.0,0,0.0
2014-05-26 07:09:00,60.333,0.0668695496564,0.0500000007451,0,0.0
2014-05-26 07:14:00,33.055,0.031141696094,0.34999999404,0,0.0
2014-05-26 07:19:00,31.49,0.031141696094,0.0,0,0.0
2014-05-26 07:24:00,31.793,0.031141696094,0.0,0,0.0
2014-05-26 07:29:00,32.287,0.031141696094,0.0,0,0.0
2014-05-26 07:34:00,31.156,0.031141696094,0.0,0,0.0
2014-05-26 07:39:00,30.667,0.031141696094,0.0,0,0.0
2014-05-26 07:44:00,32.495,0.031141696094,0.0,0,0.0
2014-05-26 07:49:00,31.999,0.031141696094,0.0,0,0.0
2014-05-26 07:54:00,31.331,0.031141696094,0.0,0,0.0
2014-05-26 07:59:00,34.002,0.0351680032664,0.0,0,0.0
2014-05-26 08:04:00,46.002,0.0734974886618,0.0,0,0.0
2014-05-26 08:09:00,58.767,0.0637053391668,0.0750000029802,0,0.0
2014-05-26 08:14:00,33.333,0.0373087317336,0.25,0,0.0
2014-05-26 08:19:00,32.433,0.0373087317336,0.0,0,0.0
2014-05-26 08:24:00,30.031,0.0373087317336,0.0,0,0.0
2014-05-26 08:29:00,32.802,0.0373087317336,0.0,0,0.0
2014-05-26 08:34:00,31.334,0.0373087317336,0.0,0,0.0
2014-05-26 08:39:00,30.839,0.0373087317336,0.0,0,0.0
2014-05-26 08:44:00,33.167,0.0373087317336,0.0,0,0.0
2014-05-26 08:49:00,32.335,0.0373087317336,0.0,0,0.0
2014-05-26 08:54:00,31.0,0.0373087317336,0.0,0,0.0
2014-05-26 08:59:00,34.167,0.0442577884782,0.0,0,0.0
2014-05-26 09:04:00,45.501,0.0734974886618,0.0,0,0.0
2014-05-26 09:09:00,59.165,0.0701332915735,0.0250000003725,0,0.0
2014-05-26 09:14:00,33.327,0.0349810570443,0.449999988079,0,0.0
2014-05-26 09:19:00,32.167,0.0349810570443,0.0,0,0.0
2014-05-26 09:24:00,31.167,0.0349810570443,0.0,0,0.0
2014-05-26 09:29:00,31.838,0.0349810570443,0.0,0,0.0
2014-05-26 09:34:00,32.639,0.0349810570443,0.0,0,0.0
2014-05-26 09:39:00,30.341,0.0349810570443,0.0,0,0.0
2014-05-26 09:44:00,32.512,0.0349810570443,0.0,0,0.0
2014-05-26 09:49:00,31.154,0.0349810570443,0.0,0,0.0
2014-05-26 09:54:00,31.67,0.0349810570443,0.0,0,0.0
2014-05-26 09:59:00,34.001,0.0329334233364,0.0,0,0.0
2014-05-26 10:04:00,46.665,0.0734974886618,0.0,0,0.0
2014-05-26 10:09:00,59.168,0.0701332915735,0.0250000003725,0,0.0
2014-05-26 10:14:00,33.502,0.060370761696,0.699999988079,0,0.0
2014-05-26 10:19:00,30.666,0.060370761696,0.0,0,0.0
2014-05-26 10:24:00,31.719,0.060370761696,0.0,0,0.0
2014-05-26 10:29:00,32.782,0.060370761696,0.0,0,0.0
2014-05-26 10:34:00,32.166,0.060370761696,0.0,0,0.0
2014-05-26 10:39:00,31.0,0.060370761696,0.0,0,0.0
2014-05-26 10:44:00,32.498,0.060370761696,0.0,0,0.0
2014-05-26 10:49:00,31.668,0.060370761696,0.0,0,0.0
2014-05-26 10:54:00,31.507,0.060370761696,0.0,0,0.0
2014-05-26 10:59:00,34.834,0.0574113698675,0.0,0,0.0
2014-05-26 11:04:00,44.654,0.0734974886618,0.0,0,0.0
2014-05-26 11:09:00,60.502,0.0734974886618,0.0,0,0.0
2014-05-26 11:14:00,32.551,0.0698378354656,0.800000011921,0,0.0
2014-05-26 11:19:00,31.599,0.0731930272732,0.0250000003725,0,0.0
2014-05-26 11:24:00,33.48,0.0731930272732,0.0,0,0.0
2014-05-26 11:29:00,32.032,0.0731930272732,0.0,0,0.0
2014-05-26 11:34:00,31.283,0.0731930272732,0.0,0,0.0
2014-05-26 11:39:00,30.625,0.0731930272732,0.0,0,0.0
2014-05-26 11:44:00,33.001,0.0731930272732,0.0,0,0.0
2014-05-26 11:49:00,31.001,0.0731930272732,0.0,0,0.0
2014-05-26 11:54:00,31.0,0.0731930272732,0.0,0,0.0
2014-05-26 11:59:00,34.667,0.0731930272732,0.0,0,0.0
2014-05-26 12:04:00,45.67,0.0701332915735,0.0,0,0.0
2014-05-26 12:09:00,59.167,0.0576716490155,0.125,0,0.0
2014-05-26 12:14:00,33.334,0.0548001476093,0.0250000003725,0,0.0
2014-05-26 12:19:00,32.252,0.0548001476093,0.0,0,0.0
2014-05-26 12:24:00,31.04,0.0548001476093,0.0,0,0.0
2014-05-26 12:29:00,32.999,0.0548001476093,0.0,0,0.0
2014-05-26 12:34:00,31.549,0.0548001476093,0.0,0,0.0
2014-05-26 12:39:00,30.789,0.0548001476093,0.0,0,0.0
2014-05-26 12:44:00,32.324,0.0548001476093,0.0,0,0.0
2014-05-26 12:49:00,32.5,0.0548001476093,0.0,0,0.0
2014-05-26 12:54:00,30.501,0.0548001476093,0.0,0,0.0
2014-05-26 12:59:00,36.001,0.0701332915735,0.0,0,0.0
2014-05-26 13:04:00,44.985,0.0734974886618,0.0,0,0.0
2014-05-26 13:09:00,61.155,0.0576716490155,0.125,0,0.0
2014-05-26 13:14:00,31.624,0.0577478831648,0.0,0,0.0
2014-05-26 13:19:00,31.482,0.0577478831648,0.0,0,0.0
2014-05-26 13:24:00,32.668,0.0577478831648,0.0,0,0.0
2014-05-26 13:29:00,31.819,0.0577478831648,0.0,0,0.0
2014-05-26 13:34:00,30.341,0.0577478831648,0.0,0,0.0
2014-05-26 13:39:00,31.668,0.0577478831648,0.0,0,0.0
2014-05-26 13:44:00,32.833,0.0577478831648,0.0,0,0.0
2014-05-26 13:49:00,31.5,0.0577478831648,0.0,0,0.0
2014-05-26 13:54:00,31.657,0.0577478831648,0.0,0,0.0
2014-05-26 13:59:00,34.001,0.0737628712606,0.0,0,0.0
2014-05-26 14:04:00,45.67,0.0703566125747,0.0250000003725,0,0.0
2014-05-26 14:09:00,59.931,0.0467156830748,0.20000000298,0,0.0
2014-05-26 14:14:00,32.833,0.0441955011138,0.0250000003725,0,0.0
2014-05-26 14:19:00,32.001,0.0441955011138,0.0,0,0.0
2014-05-26 14:24:00,31.628,0.0441955011138,0.0,0,0.0
2014-05-26 14:29:00,33.554,0.0441955011138,0.0,0,0.0
2014-05-26 14:34:00,30.952,0.0441955011138,0.0,0,0.0
2014-05-26 14:39:00,31.501,0.0441955011138,0.0,0,0.0
2014-05-26 14:44:00,32.5,0.0441955011138,0.0,0,0.0
2014-05-26 14:49:00,31.718,0.0441955011138,0.0,0,0.0
2014-05-26 14:54:00,31.952,0.0467156830748,0.0,0,0.0
2014-05-26 14:59:00,34.333,0.0703566125747,0.0,0,0.0
2014-05-26 15:04:00,45.5,0.0703566125747,0.0250000003725,0,0.0
2014-05-26 15:09:00,59.167,0.0331502425345,0.425000011921,0,0.0
2014-05-26 15:14:00,33.67,0.0396489535738,0.0750000029802,0,0.0
2014-05-26 15:19:00,32.176,0.0419936515975,0.0250000003725,0,0.0
2014-05-26 15:24:00,31.318,0.0419936515975,0.0,0,0.0
2014-05-26 15:29:00,32.168,0.0419936515975,0.0,0,0.0
2014-05-26 15:34:00,31.553,0.0419936515975,0.0,0,0.0
2014-05-26 15:39:00,31.163,0.0419936515975,0.0,0,0.0
2014-05-26 15:44:00,32.615,0.0419936515975,0.0,0,0.0
2014-05-26 15:49:00,31.334,0.0419936515975,0.0,0,0.0
2014-05-26 15:54:00,32.833,0.0396489535738,0.0,0,0.0
2014-05-26 15:59:00,33.666,0.0607495911579,0.0,0,0.0
2014-05-26 16:04:00,45.268,0.0638509405356,0.0500000007451,0,0.0
2014-05-26 16:09:00,59.333,0.0331502420796,0.40000000596,0,0.0
2014-05-26 16:14:00,32.844,0.0331502420796,0.0,0,0.0
2014-05-26 16:19:00,32.832,0.0352286591969,0.0250000003725,0,0.0
2014-05-26 16:24:00,31.001,0.0352286591969,0.0,0,0.0
2014-05-26 16:29:00,33.669,0.0352286591969,0.0,0,0.0
2014-05-26 16:34:00,30.834,0.0352286591969,0.0,0,0.0
2014-05-26 16:39:00,31.834,0.0352286591969,0.0,0,0.0
2014-05-26 16:44:00,33.168,0.0352286591969,0.0,0,0.0
2014-05-26 16:49:00,29.979,0.0352286591969,0.0,0,0.0
2014-05-26 16:54:00,31.832,0.0311576888673,0.0,0,0.0
2014-05-26 16:59:00,35.191,0.0703566125747,0.0,0,0.0
2014-05-26 17:04:00,44.154,0.0670529524051,0.0250000003725,0,0.0
2014-05-26 17:09:00,58.834,0.0607495911579,0.0750000029802,0,0.0
2014-05-26 17:14:00,32.666,0.0607495911579,0.0,0,0.0
2014-05-26 17:19:00,31.781,0.0607495911579,0.0,0,0.0
2014-05-26 17:24:00,31.335,0.0607495911579,0.0,0,0.0
2014-05-26 17:29:00,34.5,0.0607495911579,0.0,0,0.0
2014-05-26 17:34:00,31.501,0.0607495911579,0.0,0,0.0
2014-05-26 17:39:00,30.989,0.0607495911579,0.0,0,0.0
2014-05-26 17:44:00,33.667,0.0607495911579,0.0,0,0.0
2014-05-26 17:49:00,30.544,0.0607495911579,0.0,0,0.0
2014-05-26 17:54:00,32.45,0.0638509403008,0.0,0,0.0
2014-05-26 17:59:00,33.354,0.0737628712606,0.0,0,0.0
2014-05-26 18:04:00,45.333,0.0703566125747,0.0250000003725,0,0.0
2014-05-26 18:09:00,65.0,0.0520391113372,0.15000000596,0,0.0
2014-05-26 18:14:00,33.334,0.0520391113372,0.0,0,0.0
2014-05-26 18:19:00,32.791,0.0520391113372,0.0,0,0.0
2014-05-26 18:24:00,29.999,0.0520391113372,0.0,0,0.0
2014-05-26 18:29:00,33.649,0.0520391113372,0.0,0,0.0
2014-05-26 18:34:00,30.77,0.0520391113372,0.0,0,0.0
2014-05-26 18:39:00,31.202,0.0520391113372,0.0,0,0.0
2014-05-26 18:44:00,33.553,0.0520391113372,0.0,0,0.0
2014-05-26 18:49:00,31.449,0.0520391113372,0.0,0,0.0
2014-05-26 18:54:00,31.334,0.0548447553034,0.0,0,0.0
2014-05-26 18:59:00,35.024,0.0737628712606,0.0,0,0.0
2014-05-26 19:04:00,45.999,0.0737628712606,0.0,0,0.0
2014-05-26 19:09:00,59.277,0.0703566125747,0.0250000003725,0,0.0
2014-05-26 19:14:00,32.386,0.0703566125747,0.0,0,0.0
2014-05-26 19:19:00,32.453,0.0703566125747,0.0,0,0.0
2014-05-26 19:24:00,31.666,0.0703566125747,0.0,0,0.0
2014-05-26 19:29:00,33.833,0.0703566125747,0.0,0,0.0
2014-05-26 19:34:00,31.373,0.0703566125747,0.0,0,0.0
2014-05-26 19:39:00,32.596,0.0703566125747,0.0,0,0.0
2014-05-26 19:44:00,32.335,0.0703566125747,0.0,0,0.0
2014-05-26 19:49:00,30.658,0.0703566125747,0.0,0,0.0
2014-05-26 19:54:00,32.335,0.0703566125747,0.0,0,0.0
2014-05-26 19:59:00,33.167,0.0737628712606,0.0,0,0.0
2014-05-26 20:04:00,46.501,0.0670529524051,0.0500000007451,0,0.0
2014-05-26 20:09:00,64.904,0.0548447557287,0.10000000149,0,0.0
2014-05-26 20:14:00,34.503,0.0548447557287,0.0,0,0.0
2014-05-26 20:19:00,30.891,0.0548447557287,0.0,0,0.0
2014-05-26 20:24:00,32.258,0.0548447557287,0.0,0,0.0
2014-05-26 20:29:00,32.83,0.0548447557287,0.0,0,0.0
2014-05-26 20:34:00,31.6,0.0548447557287,0.0,0,0.0
2014-05-26 20:39:00,31.713,0.0548447557287,0.0,0,0.0
2014-05-26 20:44:00,32.337,0.0548447557287,0.0,0,0.0
2014-05-26 20:49:00,31.314,0.0548447557287,0.0,0,0.0
2014-05-26 20:54:00,31.33,0.0607495913852,0.0,0,0.0
2014-05-26 20:59:00,35.0,0.0737628712606,0.0,0,0.0
2014-05-26 21:04:00,45.5,0.0737628712606,0.0,0,0.0
2014-05-26 21:09:00,65.833,0.0638509403008,0.0750000029802,0,0.0
2014-05-26 21:14:00,33.437,0.0638509403008,0.0,0,0.0
2014-05-26 21:19:00,32.712,0.0638509403008,0.0,0,0.0
2014-05-26 21:24:00,30.838,0.0638509403008,0.0,0,0.0
2014-05-26 21:29:00,31.501,0.0638509403008,0.0,0,0.0
2014-05-26 21:34:00,32.342,0.0633987505065,0.0,0,0.0
2014-05-26 21:39:00,32.0,0.0633987505065,0.0,0,0.0
2014-05-26 21:44:00,32.618,0.0633987505065,0.0,0,0.0
2014-05-26 21:49:00,31.335,0.0633987505065,0.0,0,0.0
2014-05-26 21:54:00,31.333,0.0633987505065,0.0,0,0.0
2014-05-26 21:59:00,35.0,0.0733649758356,0.0,0,0.0
2014-05-26 22:04:00,44.833,0.0733649758356,0.0,0,0.0
2014-05-26 22:09:00,60.777,0.0733649758356,0.0,0,0.0
2014-05-26 22:14:00,31.696,0.0733649758356,0.0,0,0.0
2014-05-26 22:19:00,33.665,0.069938786925,0.0250000003725,0,0.0
2014-05-26 22:24:00,32.831,0.069938786925,0.0,0,0.0
2014-05-26 22:29:00,30.833,0.069938786925,0.0,0,0.0
2014-05-26 22:34:00,30.816,0.069938786925,0.0,0,0.0
2014-05-26 22:39:00,31.153,0.069938786925,0.0,0,0.0
2014-05-26 22:44:00,33.832,0.069938786925,0.0,0,0.0
2014-05-26 22:49:00,30.169,0.069938786925,0.0,0,0.0
2014-05-26 22:54:00,31.833,0.069938786925,0.0,0,0.0
2014-05-26 22:59:00,34.147,0.069938786925,0.0,0,0.0
2014-05-26 23:04:00,45.827,0.069938786925,0.0,0,0.0
2014-05-26 23:09:00,65.501,0.0462018687248,0.22499999404,0,0.0
2014-05-26 23:14:00,32.834,0.0358606730546,0.25,0,0.0
2014-05-26 23:19:00,32.834,0.0358606730546,0.0,0,0.0
2014-05-26 23:24:00,30.671,0.0358606730546,0.0,0,0.0
2014-05-26 23:29:00,33.336,0.0358606730546,0.0,0,0.0
2014-05-26 23:34:00,31.839,0.0358606730546,0.0,0,0.0
2014-05-26 23:39:00,31.652,0.0358606730546,0.0,0,0.0
2014-05-26 23:44:00,33.16,0.0358606730546,0.0,0,0.0
2014-05-26 23:49:00,31.164,0.0358606730546,0.0,0,0.0
2014-05-26 23:54:00,32.168,0.0358606730546,0.0,0,0.0
2014-05-26 23:59:00,33.644,0.0436770544768,0.0,0,0.0
2014-05-27 00:04:00,46.387,0.0633987505065,0.0750000029802,0,0.0
2014-05-27 00:09:00,61.0,0.0572684359959,0.0500000007451,0,0.0
2014-05-27 00:14:00,31.5,0.0572684359959,0.0,0,0.0
2014-05-27 00:19:00,31.539,0.0572684359959,0.0,0,0.0
2014-05-27 00:24:00,32.123,0.0572684359959,0.0,0,0.0
2014-05-27 00:29:00,31.994,0.0572684359959,0.0,0,0.0
2014-05-27 00:34:00,31.532,0.0572684359959,0.0,0,0.0
2014-05-27 00:39:00,34.363,0.0572684359959,0.0,0,0.0
2014-05-27 00:44:00,31.725,0.0572684359959,0.0,0,0.0
2014-05-27 00:49:00,31.431,0.0572684359959,0.0,0,0.0
2014-05-27 00:54:00,31.163,0.0666170393115,0.0,0,0.0
2014-05-27 00:59:00,34.666,0.0733649758356,0.0,0,0.0
2014-05-27 01:04:00,45.646,0.0733649758356,0.0,0,0.0
2014-05-27 01:09:00,59.276,0.0733649758356,0.0,0,0.0
2014-05-27 01:14:00,33.5,0.0733649758356,0.0,0,0.0
2014-05-27 01:19:00,32.998,0.0733649758356,0.0,0,0.0
2014-05-27 01:24:00,32.333,0.0733649758356,0.0,0,0.0
2014-05-27 01:29:00,32.624,0.0733649758356,0.0,0,0.0
2014-05-27 01:34:00,32.166,0.0733649758356,0.0,0,0.0
2014-05-27 01:39:00,32.124,0.0733649758356,0.0,0,0.0
2014-05-27 01:44:00,31.834,0.0733649758356,0.0,0,0.0
2014-05-27 01:49:00,31.281,0.0733649758356,0.0,0,0.0
2014-05-27 01:54:00,31.715,0.0733649758356,0.0,0,0.0
2014-05-27 01:59:00,33.834,0.0733649758356,0.0,0,0.0
2014-05-27 02:04:00,44.835,0.0733649758356,0.0,0,0.0
2014-05-27 02:09:00,73.429,0.0389086233879,0.300000011921,0,0.0
2014-05-27 02:14:00,33.016,0.0687079017428,0.47499999404,0,0.0
2014-05-27 02:19:00,32.499,0.0687079017428,0.0,0,0.0
2014-05-27 02:24:00,31.167,0.0687079017428,0.0,0,0.0
2014-05-27 02:29:00,33.159,0.0687079017428,0.0,0,0.0
2014-05-27 02:34:00,31.501,0.0687079017428,0.0,0,0.0
2014-05-27 02:39:00,30.99,0.0687079017428,0.0,0,0.0
2014-05-27 02:44:00,32.833,0.0687079017428,0.0,0,0.0
2014-05-27 02:49:00,31.646,0.0687079017428,0.0,0,0.0
2014-05-27 02:54:00,31.372,0.0687079017428,0.0,0,0.0
2014-05-27 02:59:00,34.777,0.0358606730546,0.0,0,0.0
2014-05-27 03:04:00,46.482,0.069938786925,0.0250000003725,0,0.0
2014-05-27 03:09:00,58.712,0.069938786925,0.0,0,0.0
2014-05-27 03:14:00,33.447,0.069938786925,0.0,0,0.0
2014-05-27 03:19:00,31.767,0.069938786925,0.0,0,0.0
2014-05-27 03:24:00,32.168,0.069938786925,0.0,0,0.0
2014-05-27 03:29:00,33.499,0.069938786925,0.0,0,0.0
2014-05-27 03:34:00,32.169,0.069938786925,0.0,0,0.0
2014-05-27 03:39:00,31.334,0.069938786925,0.0,0,0.0
2014-05-27 03:44:00,41.0,0.0543542571371,0.125,0,0.0
2014-05-27 03:49:00,31.835,0.0436770542922,0.10000000149,0,0.0
2014-05-27 03:54:00,30.339,0.0462018679582,0.0,0,0.0
2014-05-27 03:59:00,35.003,0.0462018679582,0.0,0,0.0
2014-05-27 04:04:00,46.001,0.0436770542922,0.0250000003725,0,0.0
2014-05-27 04:09:00,64.666,0.0324380096472,0.125,0,0.0
2014-05-27 04:14:00,32.668,0.0317011618206,0.0500000007451,0,0.0
2014-05-27 04:19:00,31.837,0.0317011618206,0.0,0,0.0
2014-05-27 04:24:00,31.169,0.0317011618206,0.0,0,0.0
2014-05-27 04:29:00,33.167,0.0317011618206,0.0,0,0.0
2014-05-27 04:34:00,31.157,0.0389086242417,0.0,0,0.0
2014-05-27 04:39:00,31.502,0.0488221715696,0.0,0,0.0
2014-05-27 04:44:00,33.164,0.0488221715696,0.0,0,0.0
2014-05-27 04:49:00,31.668,0.0488221715696,0.0,0,0.0
2014-05-27 04:54:00,32.0,0.0515392280389,0.0,0,0.0
2014-05-27 04:59:00,34.484,0.0666170393115,0.0,0,0.0
2014-05-27 05:04:00,46.825,0.0666170393115,0.0500000007451,0,0.0
2014-05-27 05:09:00,72.834,0.0389086244124,0.25,0,0.0
2014-05-27 05:14:00,32.205,0.0988006539148,0.675000011921,0,0.0
2014-05-27 05:19:00,31.277,0.0988006539148,0.0,0,0.0
2014-05-27 05:24:00,30.834,0.0988006539148,0.0,0,0.0
2014-05-27 05:29:00,33.666,0.0988006539148,0.0,0,0.0
2014-05-27 05:34:00,32.16,0.0988006539148,0.0,0,0.0
2014-05-27 05:39:00,31.631,0.0988006539148,0.0,0,0.0
2014-05-27 05:44:00,32.999,0.0988006539148,0.0,0,0.0
2014-05-27 05:49:00,30.833,0.0988006539148,0.0,0,0.0
2014-05-27 05:54:00,31.208,0.0917864145699,0.0,0,0.0
2014-05-27 05:59:00,35.615,0.0568535233291,0.0,0,0.0
2014-05-27 06:04:00,45.33,0.069731758963,0.0250000003725,0,0.0
2014-05-27 06:09:00,58.333,0.0663956629127,0.0250000003725,0,0.0
2014-05-27 06:14:00,33.166,0.0663956629127,0.0,0,0.0
2014-05-27 06:19:00,30.834,0.0663956629127,0.0,0,0.0
2014-05-27 06:24:00,32.168,0.0663956629127,0.0,0,0.0
2014-05-27 06:29:00,34.164,0.0663956629127,0.0,0,0.0
2014-05-27 06:34:00,30.663,0.0663956629127,0.0,0,0.0
2014-05-27 06:39:00,31.167,0.0663956629127,0.0,0,0.0
2014-05-27 06:44:00,33.135,0.0663956629127,0.0,0,0.0
2014-05-27 06:49:00,32.72,0.0663956629127,0.0,0,0.0
2014-05-27 06:54:00,30.444,0.069731758963,0.0,0,0.0
2014-05-27 06:59:00,34.333,0.0731735675266,0.0,0,0.0
2014-05-27 07:04:00,46.822,0.069731758963,0.0250000003725,0,0.0
2014-05-27 07:09:00,72.668,0.0363601014837,0.300000011921,0,0.0
2014-05-27 07:14:00,33.344,0.0432521266732,0.22499999404,0,0.0
2014-05-27 07:19:00,31.131,0.0432521266732,0.0,0,0.0
2014-05-27 07:24:00,31.668,0.0432521266732,0.0,0,0.0
2014-05-27 07:29:00,33.333,0.0432521266732,0.0,0,0.0
2014-05-27 07:34:00,31.317,0.0432521266732,0.0,0,0.0
2014-05-27 07:39:00,30.502,0.0432521266732,0.0,0,0.0
2014-05-27 07:44:00,33.011,0.0432521266732,0.0,0,0.0
2014-05-27 07:49:00,31.88,0.0432521266732,0.0,0,0.0
2014-05-27 07:54:00,31.78,0.0408225248569,0.0,0,0.0
2014-05-27 07:59:00,33.986,0.0459137302097,0.0,0,0.0
2014-05-27 08:04:00,45.0,0.0731735675266,0.0,0,0.0
2014-05-27 08:09:00,68.0,0.069731758963,0.0250000003725,0,0.0
2014-05-27 08:14:00,32.5,0.0598732352276,0.675000011921,0,0.0
2014-05-27 08:19:00,31.333,0.0598732352276,0.0,0,0.0
2014-05-27 08:24:00,31.636,0.0598732352276,0.0,0,0.0
2014-05-27 08:29:00,32.834,0.0598732352276,0.0,0,0.0
2014-05-27 08:34:00,31.334,0.0598732352276,0.0,0,0.0
2014-05-27 08:39:00,31.254,0.0598732352276,0.0,0,0.0
2014-05-27 08:44:00,31.883,0.0598732352276,0.0,0,0.0
2014-05-27 08:49:00,32.443,0.0598732352276,0.0,0,0.0
2014-05-27 08:54:00,31.001,0.0598732352276,0.0,0,0.0
2014-05-27 08:59:00,34.334,0.0568535233291,0.0,0,0.0
2014-05-27 09:04:00,46.838,0.0570114245107,0.125,0,0.0
2014-05-27 09:09:00,52.446,0.072988000272,0.675000011921,0,0.0
2014-05-27 09:14:00,32.827,0.072988000272,0.0,0,0.0
2014-05-27 09:19:00,32.157,0.072988000272,0.0,0,0.0
2014-05-27 09:24:00,31.171,0.072988000272,0.0,0,0.0
2014-05-27 09:29:00,32.834,0.072988000272,0.0,0,0.0
2014-05-27 09:34:00,31.834,0.072988000272,0.0,0,0.0
2014-05-27 09:39:00,30.982,0.072988000272,0.0,0,0.0
2014-05-27 09:44:00,33.053,0.072988000272,0.0,0,0.0
2014-05-27 09:49:00,32.449,0.072988000272,0.0,0,0.0
2014-05-27 09:54:00,31.2,0.0568535233291,0.0,0,0.0
2014-05-27 09:59:00,34.6,0.0731735675266,0.0,0,0.0
2014-05-27 10:04:00,45.832,0.069731758963,0.0250000003725,0,0.0
2014-05-27 10:09:00,72.472,0.0459137292494,0.20000000298,0,0.0
2014-05-27 10:14:00,32.833,0.0433838821776,0.0250000003725,0,0.0
2014-05-27 10:19:00,31.649,0.0433838821776,0.0,0,0.0
2014-05-27 10:24:00,30.722,0.0433838821776,0.0,0,0.0
2014-05-27 10:29:00,34.7,0.0433838821776,0.0,0,0.0
2014-05-27 10:34:00,31.21,0.0433838821776,0.0,0,0.0
2014-05-27 10:39:00,30.612,0.0433838821776,0.0,0,0.0
2014-05-27 10:44:00,32.884,0.0433838821776,0.0,0,0.0
2014-05-27 10:49:00,30.992,0.0433838821776,0.0,0,0.0
2014-05-27 10:54:00,33.0,0.0459137292494,0.0,0,0.0
2014-05-27 10:59:00,33.662,0.069731758963,0.0,0,0.0
2014-05-27 11:04:00,46.438,0.0631642756498,0.0750000029802,0,0.0
2014-05-27 11:09:00,68.166,0.0362431852144,0.40000000596,0,0.0
2014-05-27 11:14:00,33.0,0.0362431852144,0.0,0,0.0
2014-05-27 11:19:00,32.639,0.0362431852144,0.0,0,0.0
2014-05-27 11:24:00,31.334,0.0362431852144,0.0,0,0.0
2014-05-27 11:29:00,32.832,0.0362431852144,0.0,0,0.0
2014-05-27 11:34:00,31.381,0.0362431852144,0.0,0,0.0
2014-05-27 11:39:00,31.672,0.0362431852144,0.0,0,0.0
2014-05-27 11:44:00,31.795,0.0362431852144,0.0,0,0.0
2014-05-27 11:49:00,32.0,0.0362431852144,0.0,0,0.0
2014-05-27 11:54:00,30.834,0.0301544288872,0.0,0,0.0
2014-05-27 11:59:00,34.5,0.0731735675266,0.0,0,0.0
2014-05-27 12:04:00,45.998,0.069731758963,0.0250000003725,0,0.0
2014-05-27 12:09:00,72.053,0.0363601014837,0.300000011921,0,0.0
2014-05-27 12:14:00,35.048,0.0457768802513,0.25,0,0.0
2014-05-27 12:19:00,30.381,0.0457768802513,0.0,0,0.0
2014-05-27 12:24:00,31.336,0.0457768802513,0.0,0,0.0
2014-05-27 12:29:00,32.806,0.0457768802513,0.0,0,0.0
2014-05-27 12:34:00,31.322,0.0457768802513,0.0,0,0.0
2014-05-27 12:39:00,31.502,0.0457768802513,0.0,0,0.0
2014-05-27 12:44:00,33.0,0.0457768802513,0.0,0,0.0
2014-05-27 12:49:00,30.888,0.0457768802513,0.0,0,0.0
2014-05-27 12:54:00,30.786,0.0432521272268,0.0,0,0.0
2014-05-27 12:59:00,35.499,0.0433838825475,0.0,0,0.0
2014-05-27 13:04:00,44.807,0.0731735675266,0.0,0,0.0
2014-05-27 13:09:00,71.666,0.0433838825475,0.25,0,0.0
2014-05-27 13:14:00,33.835,0.0539352166621,0.40000000596,0,0.0
2014-05-27 13:19:00,30.668,0.0539352166621,0.0,0,0.0
2014-05-27 13:24:00,32.0,0.0539352166621,0.0,0,0.0
2014-05-27 13:29:00,33.712,0.0539352166621,0.0,0,0.0
2014-05-27 13:34:00,31.451,0.0539352166621,0.0,0,0.0
2014-05-27 13:39:00,30.65,0.0539352166621,0.0,0,0.0
2014-05-27 13:44:00,34.129,0.0539352166621,0.0,0,0.0
2014-05-27 13:49:00,31.346,0.0539352166621,0.0,0,0.0
2014-05-27 13:54:00,30.759,0.0539352166621,0.0,0,0.0
2014-05-27 13:59:00,35.333,0.0301544288872,0.0,0,0.0
2014-05-27 14:04:00,44.499,0.069731758963,0.0250000003725,0,0.0
2014-05-27 14:09:00,71.667,0.0433838831023,0.22499999404,0,0.0
2014-05-27 14:14:00,32.166,0.0364790204657,0.0750000029802,0,0.0
2014-05-27 14:19:00,31.984,0.0364790204657,0.0,0,0.0
2014-05-27 14:24:00,31.997,0.0364790204657,0.0,0,0.0
2014-05-27 14:29:00,32.665,0.0364790204657,0.0,0,0.0
2014-05-27 14:34:00,31.672,0.0364790204657,0.0,0,0.0
2014-05-27 14:39:00,31.829,0.0364790204657,0.0,0,0.0
2014-05-27 14:44:00,34.168,0.0364790204657,0.0,0,0.0
2014-05-27 14:49:00,30.497,0.0364790204657,0.0,0,0.0
2014-05-27 14:54:00,31.971,0.0387532309986,0.0,0,0.0
2014-05-27 14:59:00,33.78,0.0636256383288,0.0,0,0.0
2014-05-27 15:04:00,45.333,0.0702853232672,0.0250000003725,0,0.0
2014-05-27 15:09:00,72.667,0.0364790191379,0.300000011921,0,0.0
2014-05-27 15:14:00,33.627,0.0364790191379,0.0,0,0.0
2014-05-27 15:19:00,30.668,0.0364790191379,0.0,0,0.0
2014-05-27 15:24:00,31.332,0.0364790191379,0.0,0,0.0
2014-05-27 15:29:00,33.501,0.0364790191379,0.0,0,0.0
2014-05-27 15:34:00,32.334,0.0364790191379,0.0,0,0.0
2014-05-27 15:39:00,31.666,0.0364790191379,0.0,0,0.0
2014-05-27 15:44:00,32.386,0.0364790191379,0.0,0,0.0
2014-05-27 15:49:00,32.941,0.0364790191379,0.0,0,0.0
2014-05-27 15:54:00,30.337,0.0387532296151,0.0,0,0.0
2014-05-27 15:59:00,34.476,0.0737763601509,0.0,0,0.0
2014-05-27 16:04:00,45.83,0.0702853232672,0.0250000003725,0,0.0
2014-05-27 16:09:00,72.613,0.0319917007829,0.40000000596,0,0.0
2014-05-27 16:14:00,33.229,0.0319917007829,0.0,0,0.0
2014-05-27 16:19:00,33.653,0.0319917007829,0.0,0,0.0
2014-05-27 16:24:00,32.333,0.0319917007829,0.0,0,0.0
2014-05-27 16:29:00,33.002,0.0319917007829,0.0,0,0.0
2014-05-27 16:34:00,31.498,0.0319917007829,0.0,0,0.0
2014-05-27 16:39:00,30.486,0.0319917007829,0.0,0,0.0
2014-05-27 16:44:00,33.001,0.0319917007829,0.0,0,0.0
2014-05-27 16:49:00,30.671,0.0319917007829,0.0,0,0.0
2014-05-27 16:54:00,33.144,0.030206126061,0.0,0,0.0
2014-05-27 16:59:00,32.833,0.0737763601509,0.0,0,0.0
2014-05-27 17:04:00,47.167,0.0702853232672,0.0250000003725,0,0.0
2014-05-27 17:09:00,72.505,0.0319917007829,0.40000000596,0,0.0
2014-05-27 17:14:00,33.0,0.0362444517584,0.0500000007451,0,0.0
2014-05-27 17:19:00,32.14,0.0362444517584,0.0,0,0.0
2014-05-27 17:24:00,32.775,0.0362444517584,0.0,0,0.0
2014-05-27 17:29:00,32.144,0.0362444517584,0.0,0,0.0
2014-05-27 17:34:00,31.999,0.0362444517584,0.0,0,0.0
2014-05-27 17:39:00,31.0,0.0362444517584,0.0,0,0.0
2014-05-27 17:44:00,32.339,0.0362444517584,0.0,0,0.0
2014-05-27 17:49:00,31.15,0.0362444517584,0.0,0,0.0
2014-05-27 17:54:00,31.194,0.0340726054637,0.0,0,0.0
2014-05-27 17:59:00,35.264,0.0669020910827,0.0,0,0.0
2014-05-27 18:04:00,45.171,0.0737763601509,0.0,0,0.0
2014-05-27 18:09:00,71.834,0.0488063902204,0.20000000298,0,0.0
2014-05-27 18:14:00,33.22,0.0488063902204,0.0,0,0.0
2014-05-27 18:19:00,32.613,0.0488063902204,0.0,0,0.0
2014-05-27 18:24:00,30.949,0.0488063902204,0.0,0,0.0
2014-05-27 18:29:00,32.886,0.0488063902204,0.0,0,0.0
2014-05-27 18:34:00,31.605,0.0488063902204,0.0,0,0.0
2014-05-27 18:39:00,31.219,0.0488063902204,0.0,0,0.0
2014-05-27 18:44:00,32.762,0.0488063902204,0.0,0,0.0
2014-05-27 18:49:00,31.493,0.0488063902204,0.0,0,0.0
2014-05-27 18:54:00,31.052,0.0488063902204,0.0,0,0.0
2014-05-27 18:59:00,34.685,0.0737763601509,0.0,0,0.0
2014-05-27 19:04:00,45.115,0.0737763601509,0.0,0,0.0
2014-05-27 19:09:00,73.003,0.0636256383288,0.0750000029802,0,0.0
2014-05-27 19:14:00,33.078,0.0302061272273,0.324999988079,0,0.0
2014-05-27 19:19:00,31.822,0.0302061272273,0.0,0,0.0
2014-05-27 19:24:00,30.977,0.0302061272273,0.0,0,0.0
2014-05-27 19:29:00,33.335,0.0302061272273,0.0,0,0.0
2014-05-27 19:34:00,31.831,0.0302061272273,0.0,0,0.0
2014-05-27 19:39:00,32.318,0.0302061272273,0.0,0,0.0
2014-05-27 19:44:00,33.177,0.0302061272273,0.0,0,0.0
2014-05-27 19:49:00,31.452,0.0302061272273,0.0,0,0.0
2014-05-27 19:54:00,30.369,0.0302061272273,0.0,0,0.0
2014-05-27 19:59:00,34.604,0.0364790212955,0.0,0,0.0
2014-05-27 20:04:00,46.12,0.0702853232672,0.0250000003725,0,0.0
2014-05-27 20:09:00,73.5,0.0488063908259,0.17499999702,0,0.0
2014-05-27 20:14:00,32.832,0.0387532308257,0.10000000149,0,0.0
2014-05-27 20:19:00,33.154,0.0387532308257,0.0,0,0.0
2014-05-27 20:24:00,30.006,0.0387532308257,0.0,0,0.0
2014-05-27 20:29:00,33.333,0.0387532308257,0.0,0,0.0
2014-05-27 20:34:00,31.666,0.0387532308257,0.0,0,0.0
2014-05-27 20:39:00,31.767,0.0387532308257,0.0,0,0.0
2014-05-27 20:44:00,32.051,0.0387532308257,0.0,0,0.0
2014-05-27 20:49:00,31.46,0.0387532308257,0.0,0,0.0
2014-05-27 20:54:00,31.165,0.0411216311471,0.0,0,0.0
2014-05-27 20:59:00,35.16,0.0604549015828,0.0,0,0.0
2014-05-27 21:04:00,46.667,0.0669020910827,0.0500000007451,0,0.0
2014-05-27 21:09:00,73.157,0.0385088080788,0.449999988079,0,0.0
2014-05-27 21:14:00,32.999,0.0385088080788,0.0,0,0.0
2014-05-27 21:19:00,32.332,0.0385088080788,0.0,0,0.0
2014-05-27 21:24:00,31.508,0.0385088080788,0.0,0,0.0
2014-05-27 21:29:00,33.673,0.0385088080788,0.0,0,0.0
2014-05-27 21:34:00,31.142,0.0385088080788,0.0,0,0.0
2014-05-27 21:39:00,31.722,0.0385088080788,0.0,0,0.0
2014-05-27 21:44:00,32.719,0.0385088080788,0.0,0,0.0
2014-05-27 21:49:00,32.167,0.0385088080788,0.0,0,0.0
2014-05-27 21:54:00,29.593,0.0340726038796,0.0,0,0.0
2014-05-27 21:59:00,34.785,0.0737763601509,0.0,0,0.0
2014-05-27 22:04:00,45.334,0.0737763601509,0.0,0,0.0
2014-05-27 22:09:00,74.429,0.0702853232672,0.0250000003725,0,0.0
2014-05-27 22:14:00,32.371,0.0702853232672,0.0,0,0.0
2014-05-27 22:19:00,31.664,0.0702853232672,0.0,0,0.0
2014-05-27 22:24:00,32.332,0.0702853232672,0.0,0,0.0
2014-05-27 22:29:00,31.943,0.0702853232672,0.0,0,0.0
2014-05-27 22:34:00,31.334,0.0704601911068,0.0,0,0.0
2014-05-27 22:39:00,31.167,0.0704601911068,0.0,0,0.0
2014-05-27 22:44:00,32.834,0.0704601911068,0.0,0,0.0
2014-05-27 22:49:00,31.167,0.0704601911068,0.0,0,0.0
2014-05-27 22:54:00,32.661,0.0704601911068,0.0,0,0.0
2014-05-27 22:59:00,34.5,0.0739971181596,0.0,0,0.0
2014-05-27 23:04:00,44.5,0.0739971181596,0.0,0,0.0
2014-05-27 23:09:00,72.5,0.0637162456461,0.0750000029802,0,0.0
2014-05-27 23:14:00,33.835,0.0574049159811,0.0500000007451,0,0.0
2014-05-27 23:19:00,31.498,0.0574049159811,0.0,0,0.0
2014-05-27 23:24:00,31.463,0.0574049159811,0.0,0,0.0
2014-05-27 23:29:00,33.995,0.0574049159811,0.0,0,0.0
2014-05-27 23:34:00,31.491,0.0574049159811,0.0,0,0.0
2014-05-27 23:39:00,31.987,0.0574049159811,0.0,0,0.0
2014-05-27 23:44:00,32.827,0.0574049159811,0.0,0,0.0
2014-05-27 23:49:00,30.336,0.0574049159811,0.0,0,0.0
2014-05-27 23:54:00,31.5,0.0574049159811,0.0,0,0.0
2014-05-27 23:59:00,33.716,0.06703358655,0.0,0,0.0
2014-05-28 00:04:00,45.333,0.0704601911068,0.0250000003725,0,0.0
2014-05-28 00:09:00,73.334,0.0605070694144,0.0750000029802,0,0.0
2014-05-28 00:14:00,32.72,0.0319859528194,0.27500000596,0,0.0
2014-05-28 00:19:00,31.418,0.0319859528194,0.0,0,0.0
2014-05-28 00:24:00,32.0,0.0319859528194,0.0,0,0.0
2014-05-28 00:29:00,32.724,0.0319859528194,0.0,0,0.0
2014-05-28 00:34:00,32.267,0.0319859528194,0.0,0,0.0
2014-05-28 00:39:00,31.999,0.0319859528194,0.0,0,0.0
2014-05-28 00:44:00,33.005,0.0319859528194,0.0,0,0.0
2014-05-28 00:49:00,32.323,0.0319859528194,0.0,0,0.0
2014-05-28 00:54:00,32.141,0.0340907817732,0.0,0,0.0
2014-05-28 00:59:00,35.506,0.0409699235396,0.0,0,0.0
2014-05-28 01:04:00,44.834,0.0739971181596,0.0,0,0.0
2014-05-28 01:09:00,71.834,0.06703358655,0.0500000007451,0,0.0
2014-05-28 01:14:00,33.373,0.0605070696495,0.0500000007451,0,0.0
2014-05-28 01:19:00,31.453,0.0605070696495,0.0,0,0.0
2014-05-28 01:24:00,31.154,0.0605070696495,0.0,0,0.0
2014-05-28 01:29:00,34.001,0.0605070696495,0.0,0,0.0
2014-05-28 01:34:00,30.168,0.0605070696495,0.0,0,0.0
2014-05-28 01:39:00,31.501,0.0605070696495,0.0,0,0.0
2014-05-28 01:44:00,32.878,0.0605070696495,0.0,0,0.0
2014-05-28 01:49:00,31.433,0.0605070696495,0.0,0,0.0
2014-05-28 01:54:00,31.638,0.0605070696495,0.0,0,0.0
2014-05-28 01:59:00,34.667,0.06703358655,0.0,0,0.0
2014-05-28 02:04:00,44.502,0.0739971181596,0.0,0,0.0
2014-05-28 02:09:00,72.166,0.0574049164354,0.125,0,0.0
2014-05-28 02:14:00,35.627,0.0434564288134,0.125,0,0.0
2014-05-28 02:19:00,30.719,0.0434564288134,0.0,0,0.0
2014-05-28 02:24:00,32.196,0.0434564288134,0.0,0,0.0
2014-05-28 02:29:00,32.628,0.0434564288134,0.0,0,0.0
2014-05-28 02:34:00,31.872,0.0434564288134,0.0,0,0.0
2014-05-28 02:39:00,31.449,0.0434564288134,0.0,0,0.0
2014-05-28 02:44:00,31.832,0.0434564288134,0.0,0,0.0
2014-05-28 02:49:00,31.167,0.0434564288134,0.0,0,0.0
2014-05-28 02:54:00,30.867,0.0434564288134,0.0,0,0.0
2014-05-28 02:59:00,35.438,0.0574049164354,0.0,0,0.0
2014-05-28 03:04:00,51.833,0.0409699235396,0.27500000596,0,0.0
2014-05-28 03:09:00,72.948,0.121096181562,0.800000011921,0,0.0
2014-05-28 03:14:00,31.654,0.121096181562,0.0,0,0.0
2014-05-28 03:19:00,32.334,0.121096181562,0.0,0,0.0
2014-05-28 03:24:00,31.501,0.121096181562,0.0,0,0.0
2014-05-28 03:29:00,32.426,0.121096181562,0.0,0,0.0
2014-05-28 03:34:00,32.71,0.121096181562,0.0,0,0.0
2014-05-28 03:39:00,31.0,0.121096181562,0.0,0,0.0
2014-05-28 03:44:00,32.836,0.121096181562,0.0,0,0.0
2014-05-28 03:49:00,33.834,0.121096181562,0.0,0,0.0
2014-05-28 03:54:00,32.333,0.0744737834424,0.0,0,0.0
2014-05-28 03:59:00,33.832,0.0739971181596,0.0,0,0.0
2014-05-28 04:04:00,45.334,0.06703358655,0.0500000007451,0,0.0
2014-05-28 04:09:00,73.818,0.0385811701434,0.25,0,0.0
2014-05-28 04:14:00,33.14,0.0319859532796,0.0750000029802,0,0.0
2014-05-28 04:19:00,30.657,0.0319859532796,0.0,0,0.0
2014-05-28 04:24:00,30.714,0.0319859532796,0.0,0,0.0
2014-05-28 04:29:00,33.585,0.0319859532796,0.0,0,0.0
2014-05-28 04:34:00,31.333,0.0319859532796,0.0,0,0.0
2014-05-28 04:39:00,33.001,0.0319859532796,0.0,0,0.0
2014-05-28 04:44:00,31.473,0.0319859532796,0.0,0,0.0
2014-05-28 04:49:00,31.501,0.0319859532796,0.0,0,0.0
2014-05-28 04:54:00,31.167,0.036288646626,0.0,0,0.0
2014-05-28 04:59:00,35.354,0.0637162456461,0.0,0,0.0
2014-05-28 05:04:00,46.001,0.06703358655,0.0500000007451,0,0.0
2014-05-28 05:09:00,73.167,0.0490918501632,0.550000011921,0,0.0
2014-05-28 05:14:00,32.867,0.0490918501632,0.0,0,0.0
2014-05-28 05:19:00,31.593,0.0490918501632,0.0,0,0.0
2014-05-28 05:24:00,31.999,0.0490918501632,0.0,0,0.0
2014-05-28 05:29:00,33.5,0.0490918501632,0.0,0,0.0
2014-05-28 05:34:00,31.149,0.0490918501632,0.0,0,0.0
2014-05-28 05:39:00,31.987,0.0490918501632,0.0,0,0.0
2014-05-28 05:44:00,32.665,0.0490918501632,0.0,0,0.0
2014-05-28 05:49:00,31.581,0.0490918501632,0.0,0,0.0
2014-05-28 05:54:00,30.727,0.0437930848937,0.0,0,0.0
2014-05-28 05:59:00,34.409,0.0739971181596,0.0,0,0.0
2014-05-28 06:04:00,45.041,0.06703358655,0.0500000007451,0,0.0
2014-05-28 06:09:00,73.667,0.0434564284356,0.20000000298,0,0.0
2014-05-28 06:14:00,31.833,0.0463920533532,0.324999988079,0,0.0
2014-05-28 06:19:00,32.0,0.0463920533532,0.0,0,0.0
2014-05-28 06:24:00,31.168,0.0463920533532,0.0,0,0.0
2014-05-28 06:29:00,33.836,0.0463920533532,0.0,0,0.0
2014-05-28 06:34:00,31.382,0.0463920533532,0.0,0,0.0
2014-05-28 06:39:00,30.167,0.0463920533532,0.0,0,0.0
2014-05-28 06:44:00,33.783,0.0463920533532,0.0,0,0.0
2014-05-28 06:49:00,30.865,0.0463920533532,0.0,0,0.0
2014-05-28 06:54:00,31.276,0.0415320550766,0.0,0,0.0
2014-05-28 06:59:00,35.518,0.0361923955699,0.0,0,0.0
2014-05-28 07:04:00,44.17,0.0741597221421,0.0,0,0.0
2014-05-28 07:09:00,79.667,0.0671404272887,0.0500000007451,0,0.0
2014-05-28 07:14:00,32.668,0.0318698253667,0.324999988079,0,0.0
2014-05-28 07:19:00,32.169,0.0318698253667,0.0,0,0.0
2014-05-28 07:24:00,30.669,0.0318698253667,0.0,0,0.0
2014-05-28 07:29:00,33.154,0.0318698253667,0.0,0,0.0
2014-05-28 07:34:00,31.666,0.0318698253667,0.0,0,0.0
2014-05-28 07:39:00,31.167,0.0318698253667,0.0,0,0.0
2014-05-28 07:44:00,31.147,0.0318698253667,0.0,0,0.0
2014-05-28 07:49:00,32.141,0.0318698253667,0.0,0,0.0
2014-05-28 07:54:00,31.05,0.0318698253667,0.0,0,0.0
2014-05-28 07:59:00,34.661,0.0361923955699,0.0,0,0.0
2014-05-28 08:04:00,46.118,0.0671404272887,0.0500000007451,0,0.0
2014-05-28 08:09:00,78.782,0.0440585620436,0.5,0,0.0
2014-05-28 08:14:00,33.804,0.0440585620436,0.0,0,0.0
2014-05-28 08:19:00,31.001,0.0440585620436,0.0,0,0.0
2014-05-28 08:24:00,31.302,0.0440585620436,0.0,0,0.0
2014-05-28 08:29:00,32.831,0.0440585620436,0.0,0,0.0
2014-05-28 08:34:00,32.502,0.0440585620436,0.0,0,0.0
2014-05-28 08:39:00,30.838,0.0440585620436,0.0,0,0.0
2014-05-28 08:44:00,32.668,0.0440585620436,0.0,0,0.0
2014-05-28 08:49:00,32.165,0.0440585620436,0.0,0,0.0
2014-05-28 08:54:00,30.998,0.0391049772182,0.0,0,0.0
2014-05-28 08:59:00,35.333,0.0705941426963,0.0250000003725,0,0.0
2014-05-28 09:04:00,45.774,0.063797497076,0.0500000007451,0,0.0
2014-05-28 09:09:00,71.926,0.0384966663996,0.22499999404,0,0.0
2014-05-28 09:14:00,32.753,0.0384966663996,0.0,0,0.0
2014-05-28 09:19:00,31.654,0.0384966663996,0.0,0,0.0
2014-05-28 09:24:00,30.837,0.0384966663996,0.0,0,0.0
2014-05-28 09:29:00,32.818,0.0384966663996,0.0,0,0.0
2014-05-28 09:34:00,32.498,0.0384966663996,0.0,0,0.0
2014-05-28 09:39:00,31.5,0.0384966663996,0.0,0,0.0
2014-05-28 09:44:00,32.5,0.0384966663996,0.0,0,0.0
2014-05-28 09:49:00,32.316,0.0408984211768,0.0,0,0.0
2014-05-28 09:54:00,29.834,0.0460005405544,0.0,0,0.0
2014-05-28 09:59:00,34.666,0.0705941426963,0.0250000003725,0,0.0
2014-05-28 10:04:00,44.841,0.0705941426963,0.0,0,0.0
2014-05-28 10:09:00,85.5,0.0384966653479,0.27500000596,0,0.0
2014-05-28 10:14:00,34.0,0.0318698236721,0.0750000029802,0,0.0
2014-05-28 10:19:00,31.323,0.0318698236721,0.0,0,0.0
2014-05-28 10:24:00,31.145,0.0318698236721,0.0,0,0.0
2014-05-28 10:29:00,33.501,0.0318698236721,0.0,0,0.0
2014-05-28 10:34:00,31.172,0.0318698236721,0.0,0,0.0
2014-05-28 10:39:00,31.16,0.0318698236721,0.0,0,0.0
2014-05-28 10:44:00,33.0,0.0318698236721,0.0,0,0.0
2014-05-28 10:49:00,31.327,0.0339839996506,0.0,0,0.0
2014-05-28 10:54:00,31.0,0.0339839996506,0.0,0,0.0
2014-05-28 10:59:00,34.684,0.063797496831,0.0,0,0.0
2014-05-28 11:04:00,45.146,0.0741597221421,0.0,0,0.0
2014-05-28 11:09:00,81.107,0.054421991554,0.15000000596,0,0.0
2014-05-28 11:14:00,31.167,0.0522492649375,0.47499999404,0,0.0
2014-05-28 11:19:00,32.989,0.0522492649375,0.0,0,0.0
2014-05-28 11:24:00,30.002,0.0522492649375,0.0,0,0.0
2014-05-28 11:29:00,33.001,0.0522492649375,0.0,0,0.0
2014-05-28 11:34:00,31.838,0.0522492649375,0.0,0,0.0
2014-05-28 11:39:00,31.665,0.0522492649375,0.0,0,0.0
2014-05-28 11:44:00,32.999,0.0522492649375,0.0,0,0.0
2014-05-28 11:49:00,30.669,0.0522492649375,0.0,0,0.0
2014-05-28 11:54:00,32.208,0.0522492649375,0.0,0,0.0
2014-05-28 11:59:00,33.122,0.0367757856377,0.0,0,0.0
2014-05-28 12:04:00,46.167,0.0705941426963,0.0250000003725,0,0.0
2014-05-28 12:09:00,79.501,0.0361923933847,0.300000011921,0,0.0
2014-05-28 12:14:00,32.793,0.0361923933847,0.0,0,0.0
2014-05-28 12:19:00,32.831,0.0361923933847,0.0,0,0.0
2014-05-28 12:24:00,30.334,0.0361923933847,0.0,0,0.0
2014-05-28 12:29:00,34.831,0.0339839993286,0.0250000003725,0,0.0
2014-05-28 12:34:00,30.373,0.0339839993286,0.0,0,0.0
2014-05-28 12:39:00,31.448,0.0339839993286,0.0,0,0.0
2014-05-28 12:44:00,31.534,0.0339839993286,0.0,0,0.0
2014-05-28 12:49:00,32.608,0.0339839993286,0.0,0,0.0
2014-05-28 12:54:00,31.021,0.0361923933847,0.0,0,0.0
2014-05-28 12:59:00,34.001,0.0705941426963,0.0,0,0.0
2014-05-28 13:04:00,46.27,0.0671404272887,0.0250000003725,0,0.0
2014-05-28 13:09:00,73.667,0.0460005401592,0.17499999702,0,0.0
2014-05-28 13:14:00,32.491,0.0460005401592,0.0,0,0.0
2014-05-28 13:19:00,30.961,0.0487038551707,0.0,0,0.0
2014-05-28 13:24:00,30.887,0.0487038551707,0.0,0,0.0
2014-05-28 13:29:00,33.053,0.0487038551707,0.0,0,0.0
2014-05-28 13:34:00,31.284,0.0487038551707,0.0,0,0.0
2014-05-28 13:39:00,31.666,0.0487038551707,0.0,0,0.0
2014-05-28 13:44:00,33.311,0.0487038551707,0.0,0,0.0
2014-05-28 13:49:00,31.321,0.0487038551707,0.0,0,0.0
2014-05-28 13:54:00,31.218,0.0515105560737,0.0,0,0.0
2014-05-28 13:59:00,35.279,0.0705941426963,0.0250000003725,0,0.0
2014-05-28 14:04:00,45.333,0.0671404272887,0.0250000003725,0,0.0
2014-05-28 14:09:00,79.167,0.0384966658738,0.25,0,0.0
2014-05-28 14:14:00,32.612,0.0361923943933,0.0250000003725,0,0.0
2014-05-28 14:19:00,31.438,0.0361923943933,0.0,0,0.0
2014-05-28 14:24:00,31.57,0.0361923943933,0.0,0,0.0
2014-05-28 14:29:00,33.499,0.0339840002946,0.0250000003725,0,0.0
2014-05-28 14:34:00,30.839,0.0339840002946,0.0,0,0.0
2014-05-28 14:39:00,33.002,0.0339840002946,0.0,0,0.0
2014-05-28 14:44:00,31.833,0.0339840002946,0.0,0,0.0
2014-05-28 14:49:00,31.0,0.0361923943933,0.0,0,0.0
2014-05-28 14:54:00,31.318,0.0384966658738,0.0,0,0.0
2014-05-28 14:59:00,34.469,0.063797497076,0.0250000003725,0,0.0
2014-05-28 15:04:00,46.431,0.063797497076,0.0250000003725,0,0.0
2014-05-28 15:09:00,79.942,0.0384966663996,0.22499999404,0,0.0
2014-05-28 15:14:00,34.001,0.0393949551501,0.20000000298,0,0.0
2014-05-28 15:19:00,30.147,0.0370289791828,0.0,0,0.0
2014-05-28 15:24:00,31.999,0.0370289791828,0.0,0,0.0
2014-05-28 15:29:00,33.998,0.0370289791828,0.0,0,0.0
2014-05-28 15:34:00,30.649,0.0370289791828,0.0,0,0.0
2014-05-28 15:39:00,32.661,0.0370289791828,0.0,0,0.0
2014-05-28 15:44:00,31.001,0.0370289791828,0.0,0,0.0
2014-05-28 15:49:00,31.66,0.0347615903588,0.0,0,0.0
2014-05-28 15:54:00,31.665,0.0325910946306,0.0,0,0.0
2014-05-28 15:59:00,34.334,0.0487287789775,0.0,0,0.0
2014-05-28 16:04:00,45.49,0.0708938440545,0.0250000003725,0,0.0
2014-05-28 16:09:00,73.666,0.0325910954214,0.40000000596,0,0.0
2014-05-28 16:14:00,32.844,0.0325910954214,0.0,0,0.0
2014-05-28 16:19:00,32.667,0.0325910954214,0.0,0,0.0
2014-05-28 16:24:00,30.335,0.0325910954214,0.0,0,0.0
2014-05-28 16:29:00,33.834,0.0325910954214,0.0,0,0.0
2014-05-28 16:34:00,30.669,0.0325910954214,0.0,0,0.0
2014-05-28 16:39:00,32.671,0.0325910954214,0.0,0,0.0
2014-05-28 16:44:00,30.167,0.0325910954214,0.0,0,0.0
2014-05-28 16:49:00,32.833,0.0325910954214,0.0,0,0.0
2014-05-28 16:54:00,29.968,0.0305157426749,0.0,0,0.0
2014-05-28 16:59:00,35.334,0.0708938440545,0.0250000003725,0,0.0
2014-05-28 17:04:00,45.647,0.0708938440545,0.0,0,0.0
2014-05-28 17:09:00,86.282,0.0360900491249,0.300000011921,0,0.0
2014-05-28 17:14:00,33.169,0.0347615916812,0.125,0,0.0
2014-05-28 17:19:00,32.168,0.0347615916812,0.0,0,0.0
2014-05-28 17:24:00,32.615,0.0347615916812,0.0,0,0.0
2014-05-28 17:29:00,33.0,0.0347615916812,0.0,0,0.0
2014-05-28 17:34:00,31.667,0.0347615916812,0.0,0,0.0
2014-05-28 17:39:00,32.507,0.0347615916812,0.0,0,0.0
2014-05-28 17:44:00,33.323,0.0347615916812,0.0,0,0.0
2014-05-28 17:49:00,32.334,0.0325910958958,0.0,0,0.0
2014-05-28 17:54:00,31.826,0.0325910958958,0.0,0,0.0
2014-05-28 17:59:00,35.148,0.0575676737543,0.0,0,0.0
2014-05-28 18:04:00,45.482,0.0745085687402,0.0,0,0.0
2014-05-28 18:09:00,86.387,0.0384155127264,0.300000011921,0,0.0
2014-05-28 18:14:00,34.277,0.0498766835297,0.300000011921,0,0.0
2014-05-28 18:19:00,33.501,0.0498766835297,0.0,0,0.0
2014-05-28 18:24:00,31.167,0.0498766835297,0.0,0,0.0
2014-05-28 18:29:00,33.666,0.0498766835297,0.0,0,0.0
2014-05-28 18:34:00,31.994,0.0498766835297,0.0,0,0.0
2014-05-28 18:39:00,31.666,0.0498766835297,0.0,0,0.0
2014-05-28 18:44:00,33.502,0.0498766835297,0.0,0,0.0
2014-05-28 18:49:00,31.5,0.0498766835297,0.0,0,0.0
2014-05-28 18:54:00,31.471,0.0498766835297,0.0,0,0.0
2014-05-28 18:59:00,36.166,0.0384155127264,0.0,0,0.0
2014-05-28 19:04:00,44.835,0.0745085687402,0.0,0,0.0
2014-05-28 19:09:00,86.0,0.0673935252626,0.0500000007451,0,0.0
2014-05-28 19:14:00,33.295,0.0408405403304,0.22499999404,0,0.0
2014-05-28 19:19:00,33.026,0.0408405403304,0.0,0,0.0
2014-05-28 19:24:00,32.274,0.0408405403304,0.0,0,0.0
2014-05-28 19:29:00,32.833,0.0408405403304,0.0,0,0.0
2014-05-28 19:34:00,32.666,0.0408405403304,0.0,0,0.0
2014-05-28 19:39:00,31.166,0.0408405403304,0.0,0,0.0
2014-05-28 19:44:00,33.166,0.0408405403304,0.0,0,0.0
2014-05-28 19:49:00,31.998,0.0408405403304,0.0,0,0.0
2014-05-28 19:54:00,31.551,0.0408405403304,0.0,0,0.0
2014-05-28 19:59:00,35.092,0.0459956485595,0.0,0,0.0
2014-05-28 20:04:00,45.166,0.0708938440545,0.0250000003725,0,0.0
2014-05-28 20:09:00,86.282,0.064006501285,0.0500000007451,0,0.0
2014-05-28 20:14:00,34.335,0.064006501285,0.0,0,0.0
2014-05-28 20:19:00,33.591,0.064006501285,0.0,0,0.0
2014-05-28 20:24:00,31.666,0.064006501285,0.0,0,0.0
2014-05-28 20:29:00,33.203,0.064006501285,0.0,0,0.0
2014-05-28 20:34:00,31.667,0.064006501285,0.0,0,0.0
2014-05-28 20:39:00,32.167,0.064006501285,0.0,0,0.0
2014-05-28 20:44:00,32.012,0.064006501285,0.0,0,0.0
2014-05-28 20:49:00,31.303,0.064006501285,0.0,0,0.0
2014-05-28 20:54:00,31.378,0.0673935252626,0.0,0,0.0
2014-05-28 20:59:00,36.124,0.0745085687402,0.0,0,0.0
2014-05-28 21:04:00,44.169,0.0745085687402,0.0,0,0.0
2014-05-28 21:09:00,85.5,0.0745085687402,0.0,0,0.0
2014-05-28 21:14:00,33.661,0.0673935252626,0.0500000007451,0,0.0
2014-05-28 21:19:00,32.34,0.0673935252626,0.0,0,0.0
2014-05-28 21:24:00,32.834,0.0673935252626,0.0,0,0.0
2014-05-28 21:29:00,34.98,0.064006501285,0.0250000003725,0,0.0
2014-05-28 21:34:00,30.684,0.064006501285,0.0,0,0.0
2014-05-28 21:39:00,32.333,0.064006501285,0.0,0,0.0
2014-05-28 21:44:00,32.99,0.064006501285,0.0,0,0.0
2014-05-28 21:49:00,30.873,0.064006501285,0.0,0,0.0
2014-05-28 21:54:00,33.432,0.064006501285,0.0,0,0.0
2014-05-28 21:59:00,34.014,0.064006501285,0.0,0,0.0
2014-05-28 22:04:00,45.888,0.064006501285,0.0500000007451,0,0.0
2014-05-28 22:09:00,87.274,0.0459956471613,0.15000000596,0,0.0
2014-05-28 22:14:00,33.017,0.0347615906894,0.22499999404,0,0.0
2014-05-28 22:19:00,31.999,0.0325910949469,0.0,0,0.0
2014-05-28 22:24:00,32.003,0.0325910949469,0.0,0,0.0
2014-05-28 22:29:00,34.316,0.0347615906894,0.0250000003725,0,0.0
2014-05-28 22:34:00,31.456,0.0347615906894,0.0,0,0.0
2014-05-28 22:39:00,32.715,0.0347615906894,0.0,0,0.0
2014-05-28 22:44:00,33.07,0.0347615906894,0.0,0,0.0
2014-05-28 22:49:00,31.321,0.0347615906894,0.0,0,0.0
2014-05-28 22:54:00,32.818,0.0305157422216,0.0,0,0.0
2014-05-28 22:59:00,34.814,0.0433667346012,0.0,0,0.0
2014-05-28 23:04:00,45.167,0.064006501285,0.0500000007451,0,0.0
2014-05-28 23:09:00,87.431,0.0607316173339,0.0250000003725,0,0.0
2014-05-28 23:14:00,33.667,0.0487287789775,0.10000000149,0,0.0
2014-05-28 23:19:00,30.808,0.0515675730731,0.0,0,0.0
2014-05-28 23:24:00,32.72,0.0515675730731,0.0,0,0.0
2014-05-28 23:29:00,34.112,0.0515675730731,0.0,0,0.0
2014-05-28 23:34:00,32.502,0.051491369152,0.0,0,0.0
2014-05-28 23:39:00,34.67,0.051491369152,0.0,0,0.0
2014-05-28 23:44:00,30.833,0.051491369152,0.0,0,0.0
2014-05-28 23:49:00,32.334,0.051491369152,0.0,0,0.0
2014-05-28 23:54:00,31.33,0.0575451905826,0.0,0,0.0
2014-05-28 23:59:00,33.756,0.0607391242506,0.0,0,0.0
2014-05-29 00:04:00,46.216,0.0640461329776,0.0750000029802,0,0.0
2014-05-29 00:09:00,87.667,0.0514913689347,0.10000000149,0,0.0
2014-05-29 00:14:00,32.838,0.0432249940155,0.0750000029802,0,0.0
2014-05-29 00:19:00,31.271,0.0432249940155,0.0,0,0.0
2014-05-29 00:24:00,31.718,0.0432249940155,0.0,0,0.0
2014-05-29 00:29:00,34.482,0.0432249940155,0.0,0,0.0
2014-05-29 00:34:00,32.307,0.0432249940155,0.0,0,0.0
2014-05-29 00:39:00,33.269,0.0432249940155,0.0,0,0.0
2014-05-29 00:44:00,32.881,0.0432249940155,0.0,0,0.0
2014-05-29 00:49:00,32.0,0.0432249940155,0.0,0,0.0
2014-05-29 00:54:00,31.99,0.0514913689347,0.0,0,0.0
2014-05-29 00:59:00,34.927,0.0640461329776,0.0,0,0.0
2014-05-29 01:04:00,45.88,0.0674674518302,0.0500000007451,0,0.0
2014-05-29 01:09:00,86.167,0.0486287653983,0.15000000596,0,0.0
2014-05-29 01:14:00,34.161,0.0358997598916,0.125,0,0.0
2014-05-29 01:19:00,32.669,0.0358997598916,0.0,0,0.0
2014-05-29 01:24:00,31.827,0.0358997598916,0.0,0,0.0
2014-05-29 01:29:00,33.833,0.0358997598916,0.0,0,0.0
2014-05-29 01:34:00,34.11,0.0358997598916,0.0,0,0.0
2014-05-29 01:39:00,30.542,0.0358997598916,0.0,0,0.0
2014-05-29 01:44:00,32.666,0.0358997598916,0.0,0,0.0
2014-05-29 01:49:00,33.469,0.0358997598916,0.0,0,0.0
2014-05-29 01:54:00,31.326,0.0406807929512,0.0,0,0.0
2014-05-29 01:59:00,35.5,0.0575451908164,0.0,0,0.0
2014-05-29 02:04:00,43.999,0.0746577224631,0.0,0,0.0
2014-05-29 02:09:00,85.833,0.0640461329776,0.0750000029802,0,0.0
2014-05-29 02:14:00,33.784,0.0514913689347,0.10000000149,0,0.0
2014-05-29 02:19:00,32.814,0.0514913689347,0.0,0,0.0
2014-05-29 02:24:00,33.167,0.0514913689347,0.0,0,0.0
2014-05-29 02:29:00,33.999,0.0514913689347,0.0,0,0.0
2014-05-29 02:34:00,31.632,0.0514913689347,0.0,0,0.0
2014-05-29 02:39:00,31.314,0.0514913689347,0.0,0,0.0
2014-05-29 02:44:00,33.498,0.0514913689347,0.0,0,0.0
2014-05-29 02:49:00,30.667,0.0514913689347,0.0,0,0.0
2014-05-29 02:54:00,31.668,0.0514913689347,0.0,0,0.0
2014-05-29 02:59:00,35.147,0.0607391242506,0.0,0,0.0
2014-05-29 03:04:00,45.788,0.0674674518302,0.0500000007451,0,0.0
2014-05-29 03:09:00,86.282,0.0458738045819,0.17499999702,0,0.0
2014-05-29 03:14:00,34.722,0.035899760574,0.10000000149,0,0.0
2014-05-29 03:19:00,35.5,0.035899760574,0.0,0,0.0
2014-05-29 03:24:00,33.166,0.035899760574,0.0,0,0.0
2014-05-29 03:29:00,38.848,0.0336595586155,0.0250000003725,0,0.0
2014-05-29 03:34:00,31.999,0.0336595586155,0.0,0,0.0
2014-05-29 03:39:00,31.669,0.0336595586155,0.0,0,0.0
2014-05-29 03:44:00,33.003,0.0336595586155,0.0,0,0.0
2014-05-29 03:49:00,32.167,0.0336595586155,0.0,0,0.0
2014-05-29 03:54:00,32.5,0.038239601011,0.0,0,0.0
2014-05-29 03:59:00,33.666,0.0575451905826,0.0,0,0.0
2014-05-29 04:04:00,45.8,0.0607391240084,0.0750000029802,0,0.0
2014-05-29 04:09:00,86.334,0.0307444111054,0.300000011921,0,0.0
2014-05-29 04:14:00,32.821,0.159220120381,0.824999988079,0,0.0
2014-05-29 04:19:00,31.501,0.153363899041,0.0,0,0.0
2014-05-29 04:24:00,31.501,0.153363899041,0.0,0,0.0
2014-05-29 04:29:00,32.887,0.153363899041,0.0,0,0.0
2014-05-29 04:34:00,32.16,0.153363899041,0.0,0,0.0
2014-05-29 04:39:00,31.423,0.153363899041,0.0,0,0.0
2014-05-29 04:44:00,33.5,0.153363899041,0.0,0,0.0
2014-05-29 04:49:00,31.667,0.153363899041,0.0,0,0.0
2014-05-29 04:54:00,31.334,0.136577942968,0.0,0,0.0
2014-05-29 04:59:00,34.69,0.0808569866626,0.0,0,0.0
2014-05-29 05:04:00,45.833,0.0674674518302,0.0500000007451,0,0.0
2014-05-29 05:09:00,86.167,0.0458738045819,0.17499999702,0,0.0
2014-05-29 05:14:00,32.502,0.0382396008329,0.0750000029802,0,0.0
2014-05-29 05:19:00,31.808,0.0382396008329,0.0,0,0.0
2014-05-29 05:24:00,32.463,0.0382396008329,0.0,0,0.0
2014-05-29 05:29:00,33.22,0.0382396008329,0.0,0,0.0
2014-05-29 05:34:00,31.665,0.0382396008329,0.0,0,0.0
2014-05-29 05:39:00,32.641,0.0382396008329,0.0,0,0.0
2014-05-29 05:44:00,32.098,0.0382396008329,0.0,0,0.0
2014-05-29 05:49:00,33.496,0.0382396008329,0.0,0,0.0
2014-05-29 05:54:00,30.665,0.0432249947893,0.0,0,0.0
2014-05-29 05:59:00,34.541,0.0640461329776,0.0,0,0.0
2014-05-29 06:04:00,45.485,0.0674674518302,0.0500000007451,0,0.0
2014-05-29 06:09:00,86.381,0.0448755183528,0.5,0,0.0
2014-05-29 06:14:00,33.941,0.0448755183528,0.0,0,0.0
2014-05-29 06:19:00,31.833,0.0448755183528,0.0,0,0.0
2014-05-29 06:24:00,32.666,0.0448755183528,0.0,0,0.0
2014-05-29 06:29:00,32.999,0.0448755183528,0.0,0,0.0
2014-05-29 06:34:00,31.334,0.0448755183528,0.0,0,0.0
2014-05-29 06:39:00,32.047,0.0448755183528,0.0,0,0.0
2014-05-29 06:44:00,33.345,0.0448755183528,0.0,0,0.0
2014-05-29 06:49:00,32.114,0.0448755183528,0.0,0,0.0
2014-05-29 06:54:00,33.336,0.039760161864,0.0,0,0.0
2014-05-29 06:59:00,33.834,0.0746577224631,0.0,0,0.0
2014-05-29 07:04:00,46.108,0.0674674518302,0.0500000007451,0,0.0
2014-05-29 07:09:00,86.334,0.0533440685944,0.574999988079,0,0.0
2014-05-29 07:14:00,33.834,0.0533440685944,0.0,0,0.0
2014-05-29 07:19:00,31.665,0.0533440685944,0.0,0,0.0
2014-05-29 07:24:00,31.712,0.0533440685944,0.0,0,0.0
2014-05-29 07:29:00,33.447,0.0533440685944,0.0,0,0.0
2014-05-29 07:34:00,32.207,0.0533440685944,0.0,0,0.0
2014-05-29 07:39:00,30.945,0.0533440685944,0.0,0,0.0
2014-05-29 07:44:00,32.998,0.0533440685944,0.0,0,0.0
2014-05-29 07:49:00,31.64,0.0533440685944,0.0,0,0.0
2014-05-29 07:54:00,31.5,0.0477419254478,0.0,0,0.0
2014-05-29 07:59:00,35.367,0.0749621227328,0.0,0,0.0
2014-05-29 08:04:00,45.373,0.0677113660366,0.0500000007451,0,0.0
2014-05-29 08:09:00,85.833,0.0328916133319,0.375,0,0.0
2014-05-29 08:14:00,33.016,0.0328916133319,0.0,0,0.0
2014-05-29 08:19:00,31.427,0.0328916133319,0.0,0,0.0
2014-05-29 08:24:00,32.389,0.0328916133319,0.0,0,0.0
2014-05-29 08:29:00,32.663,0.0328916133319,0.0,0,0.0
2014-05-29 08:34:00,30.888,0.0328916133319,0.0,0,0.0
2014-05-29 08:39:00,31.765,0.0328916133319,0.0,0,0.0
2014-05-29 08:44:00,33.312,0.0328916133319,0.0,0,0.0
2014-05-29 08:49:00,33.0,0.0328916133319,0.0,0,0.0
2014-05-29 08:54:00,32.053,0.031502401134,0.0,0,0.0
2014-05-29 08:59:00,34.272,0.0749621227328,0.0,0,0.0
2014-05-29 09:04:00,45.872,0.0677113660366,0.0500000007451,0,0.0
2014-05-29 09:09:00,86.5,0.0407222995962,0.22499999404,0,0.0
2014-05-29 09:14:00,32.286,0.0315024014478,0.10000000149,0,0.0
2014-05-29 09:19:00,31.998,0.0315024014478,0.0,0,0.0
2014-05-29 09:24:00,31.387,0.0315024014478,0.0,0,0.0
2014-05-29 09:29:00,33.586,0.0315024014478,0.0,0,0.0
2014-05-29 09:34:00,31.336,0.0315024014478,0.0,0,0.0
2014-05-29 09:39:00,33.74,0.0315024014478,0.0,0,0.0
2014-05-29 09:44:00,31.024,0.0315024014478,0.0,0,0.0
2014-05-29 09:49:00,31.433,0.0315024014478,0.0,0,0.0
2014-05-29 09:54:00,32.221,0.0359107154136,0.0,0,0.0
2014-05-29 09:59:00,34.311,0.0609283778227,0.0,0,0.0
2014-05-29 10:04:00,47.499,0.0609283778227,0.10000000149,0,0.0
2014-05-29 10:09:00,86.5,0.0535425450333,0.524999976158,0,0.0
2014-05-29 10:14:00,32.993,0.0535425450333,0.0,0,0.0
2014-05-29 10:19:00,31.833,0.0535425450333,0.0,0,0.0
2014-05-29 10:24:00,32.832,0.0535425450333,0.0,0,0.0
2014-05-29 10:29:00,34.002,0.0535425450333,0.0,0,0.0
2014-05-29 10:34:00,32.001,0.0535425450333,0.0,0,0.0
2014-05-29 10:39:00,30.667,0.0535425450333,0.0,0,0.0
2014-05-29 10:44:00,33.001,0.0535425450333,0.0,0,0.0
2014-05-29 10:49:00,32.334,0.0535425450333,0.0,0,0.0
2014-05-29 10:54:00,30.667,0.0423750456647,0.0,0,0.0
2014-05-29 10:59:00,34.499,0.0749621227328,0.0,0,0.0
2014-05-29 11:04:00,46.058,0.0677113660366,0.0500000007451,0,0.0
2014-05-29 11:09:00,85.709,0.0336570424358,0.300000011921,0,0.0
2014-05-29 11:14:00,33.999,0.0336570424358,0.0,0,0.0
2014-05-29 11:19:00,32.0,0.0336570424358,0.0,0,0.0
2014-05-29 11:24:00,30.998,0.0336570424358,0.0,0,0.0
2014-05-29 11:29:00,32.501,0.0336570424358,0.0,0,0.0
2014-05-29 11:34:00,31.508,0.0336570424358,0.0,0,0.0
2014-05-29 11:39:00,31.319,0.0336570424358,0.0,0,0.0
2014-05-29 11:44:00,33.678,0.0336570424358,0.0,0,0.0
2014-05-29 11:49:00,31.833,0.0336570424358,0.0,0,0.0
2014-05-29 11:54:00,31.002,0.0382652176979,0.0,0,0.0
2014-05-29 11:59:00,35.001,0.0749621227328,0.0,0,0.0
2014-05-29 12:04:00,45.437,0.0712776879086,0.0250000003725,0,0.0
2014-05-29 12:09:00,84.028,0.0382652182356,0.27500000596,0,0.0
2014-05-29 12:14:00,33.667,0.0382652182356,0.0,0,0.0
2014-05-29 12:19:00,33.168,0.0382652182356,0.0,0,0.0
2014-05-29 12:24:00,31.0,0.0382652182356,0.0,0,0.0
2014-05-29 12:29:00,33.501,0.0382652182356,0.0,0,0.0
2014-05-29 12:34:00,31.552,0.0382652182356,0.0,0,0.0
2014-05-29 12:39:00,32.948,0.0382652182356,0.0,0,0.0
2014-05-29 12:44:00,31.777,0.0382652182356,0.0,0,0.0
2014-05-29 12:49:00,32.557,0.0382652182356,0.0,0,0.0
2014-05-29 12:54:00,30.833,0.0407222984747,0.0,0,0.0
2014-05-29 12:59:00,34.683,0.0749621227328,0.0,0,0.0
2014-05-29 13:04:00,45.857,0.0712776879086,0.0250000003725,0,0.0
2014-05-29 13:09:00,86.167,0.0336570445704,0.324999988079,0,0.0
2014-05-29 13:14:00,33.288,0.0315024020753,0.0250000003725,0,0.0
2014-05-29 13:19:00,32.328,0.0315024020753,0.0,0,0.0
2014-05-29 13:24:00,30.833,0.0315024020753,0.0,0,0.0
2014-05-29 13:29:00,34.001,0.0315024020753,0.0,0,0.0
2014-05-29 13:34:00,30.834,0.0315024020753,0.0,0,0.0
2014-05-29 13:39:00,32.006,0.0315024020753,0.0,0,0.0
2014-05-29 13:44:00,33.821,0.0315024020753,0.0,0,0.0
2014-05-29 13:49:00,33.334,0.0315024020753,0.0,0,0.0
2014-05-29 13:54:00,30.838,0.0336570445704,0.0,0,0.0
2014-05-29 13:59:00,34.474,0.0712776879086,0.0,0,0.0
2014-05-29 14:04:00,46.667,0.0712776879086,0.0250000003725,0,0.0
2014-05-29 14:09:00,86.834,0.0546033191211,0.125,0,0.0
2014-05-29 14:14:00,32.834,0.0546033191211,0.0,0,0.0
2014-05-29 14:19:00,33.173,0.0546033191211,0.0,0,0.0
2014-05-29 14:24:00,30.167,0.0546033191211,0.0,0,0.0
2014-05-29 14:29:00,33.81,0.0546033191211,0.0,0,0.0
2014-05-29 14:34:00,31.827,0.0546033191211,0.0,0,0.0
2014-05-29 14:39:00,31.833,0.0546033191211,0.0,0,0.0
2014-05-29 14:44:00,33.207,0.0516092238464,0.0250000003725,0,0.0
2014-05-29 14:49:00,31.262,0.0516092238464,0.0,0,0.0
2014-05-29 14:54:00,32.217,0.0546033191211,0.0,0,0.0
2014-05-29 14:59:00,34.612,0.0712776879086,0.0,0,0.0
2014-05-29 15:04:00,45.501,0.0677113660366,0.0250000003725,0,0.0
2014-05-29 15:09:00,86.5,0.0328916133319,0.375,0,0.0
2014-05-29 15:14:00,33.501,0.0328916133319,0.0,0,0.0
2014-05-29 15:19:00,32.67,0.0328916133319,0.0,0,0.0
2014-05-29 15:24:00,31.885,0.0328916133319,0.0,0,0.0
2014-05-29 15:29:00,34.529,0.0328916133319,0.0,0,0.0
2014-05-29 15:34:00,30.194,0.030771200007,0.0,0,0.0
2014-05-29 15:39:00,31.932,0.030771200007,0.0,0,0.0
2014-05-29 15:44:00,33.216,0.0328916133319,0.0250000003725,0,0.0
2014-05-29 15:49:00,31.89,0.0328916133319,0.0,0,0.0
2014-05-29 15:54:00,30.784,0.030771200007,0.0,0,0.0
2014-05-29 15:59:00,34.834,0.0712776879086,0.0,0,0.0
2014-05-29 16:04:00,45.887,0.0677113660366,0.0250000003725,0,0.0
2014-05-29 16:09:00,92.833,0.0516092238464,0.125,0,0.0
2014-05-29 16:14:00,33.589,0.0401508565717,0.324999988079,0,0.0
2014-05-29 16:19:00,32.176,0.0401508565717,0.0,0,0.0
2014-05-29 16:24:00,31.333,0.0401508565717,0.0,0,0.0
2014-05-29 16:29:00,33.553,0.0401508565717,0.0,0,0.0
2014-05-29 16:34:00,30.947,0.0376939951582,0.0,0,0.0
2014-05-29 16:39:00,32.972,0.0376939951582,0.0,0,0.0
2014-05-29 16:44:00,32.151,0.0376939951582,0.0,0,0.0
2014-05-29 16:49:00,32.334,0.0376939951582,0.0,0,0.0
2014-05-29 16:54:00,31.5,0.0353413172192,0.0,0,0.0
2014-05-29 16:59:00,34.887,0.0357901003036,0.0,0,0.0
2014-05-29 17:04:00,46.779,0.0715154742262,0.0250000003725,0,0.0
2014-05-29 17:09:00,93.167,0.0487162987677,0.17499999702,0,0.0
2014-05-29 17:14:00,34.166,0.0401508586284,0.300000011921,0,0.0
2014-05-29 17:19:00,33.481,0.0401508586284,0.0,0,0.0
2014-05-29 17:24:00,31.001,0.0401508586284,0.0,0,0.0
2014-05-29 17:29:00,33.167,0.0401508586284,0.0,0,0.0
2014-05-29 17:34:00,31.775,0.0401508586284,0.0,0,0.0
2014-05-29 17:39:00,31.714,0.0401508586284,0.0,0,0.0
2014-05-29 17:44:00,32.493,0.0401508586284,0.0,0,0.0
2014-05-29 17:49:00,31.833,0.0401508586284,0.0,0,0.0
2014-05-29 17:54:00,32.21,0.0376939971288,0.0,0,0.0
2014-05-29 17:59:00,34.608,0.0381628667886,0.0,0,0.0
2014-05-29 18:04:00,45.878,0.07524456553,0.0,0,0.0
2014-05-29 18:09:00,93.5,0.0546532946906,0.15000000596,0,0.0
2014-05-29 18:14:00,32.5,0.042713652693,0.375,0,0.0
2014-05-29 18:19:00,31.648,0.042713652693,0.0,0,0.0
2014-05-29 18:24:00,32.723,0.042713652693,0.0,0,0.0
2014-05-29 18:29:00,32.933,0.042713652693,0.0,0,0.0
2014-05-29 18:34:00,32.334,0.042713652693,0.0,0,0.0
2014-05-29 18:39:00,30.5,0.042713652693,0.0,0,0.0
2014-05-29 18:44:00,34.799,0.042713652693,0.0,0,0.0
2014-05-29 18:49:00,32.668,0.042713652693,0.0,0,0.0
2014-05-29 18:54:00,31.316,0.042713652693,0.0,0,0.0
2014-05-29 18:59:00,33.994,0.0313508885744,0.0,0,0.0
2014-05-29 19:04:00,46.334,0.067906904726,0.0500000007451,0,0.0
2014-05-29 19:09:00,93.167,0.0610465193379,0.0500000007451,0,0.0
2014-05-29 19:14:00,33.807,0.0516284847543,0.0750000029802,0,0.0
2014-05-29 19:19:00,32.666,0.0516284847543,0.0,0,0.0
2014-05-29 19:24:00,30.996,0.0516284847543,0.0,0,0.0
2014-05-29 19:29:00,33.059,0.0516284847543,0.0,0,0.0
2014-05-29 19:34:00,31.785,0.0516284847543,0.0,0,0.0
2014-05-29 19:39:00,31.64,0.0516284847543,0.0,0,0.0
2014-05-29 19:44:00,32.866,0.0516284847543,0.0,0,0.0
2014-05-29 19:49:00,31.079,0.0516284847543,0.0,0,0.0
2014-05-29 19:54:00,31.977,0.0577921754427,0.0,0,0.0
2014-05-29 19:59:00,34.499,0.0644176658532,0.0,0,0.0
2014-05-29 20:04:00,45.773,0.067906904726,0.0500000007451,0,0.0
2014-05-29 20:09:00,87.167,0.0577921754427,0.0750000029802,0,0.0
2014-05-29 20:14:00,35.665,0.0487162977036,0.0750000029802,0,0.0
2014-05-29 20:19:00,32.44,0.0487162977036,0.0,0,0.0
2014-05-29 20:24:00,30.879,0.0487162977036,0.0,0,0.0
2014-05-29 20:29:00,33.499,0.0487162977036,0.0,0,0.0
2014-05-29 20:34:00,31.166,0.0487162977036,0.0,0,0.0
2014-05-29 20:39:00,32.166,0.0487162977036,0.0,0,0.0
2014-05-29 20:44:00,31.832,0.0487162977036,0.0,0,0.0
2014-05-29 20:49:00,31.333,0.0487162977036,0.0,0,0.0
2014-05-29 20:54:00,31.799,0.0546532946906,0.0,0,0.0
2014-05-29 20:59:00,35.001,0.0644176658532,0.0,0,0.0
2014-05-29 21:04:00,44.484,0.067906904726,0.0500000007451,0,0.0
2014-05-29 21:09:00,93.5,0.067906904726,0.0,0,0.0
2014-05-29 21:14:00,34.667,0.067906904726,0.0,0,0.0
2014-05-29 21:19:00,32.451,0.067906904726,0.0,0,0.0
2014-05-29 21:24:00,32.833,0.067906904726,0.0,0,0.0
2014-05-29 21:29:00,31.78,0.067906904726,0.0,0,0.0
2014-05-29 21:34:00,32.2,0.067906904726,0.0,0,0.0
2014-05-29 21:39:00,32.167,0.067906904726,0.0,0,0.0
2014-05-29 21:44:00,31.827,0.067906904726,0.0,0,0.0
2014-05-29 21:49:00,31.501,0.067906904726,0.0,0,0.0
2014-05-29 21:54:00,32.999,0.07524456553,0.0,0,0.0
2014-05-29 21:59:00,35.785,0.07524456553,0.0,0,0.0
2014-05-29 22:04:00,46.164,0.067906904726,0.0500000007451,0,0.0
2014-05-29 22:09:00,92.833,0.0577921754427,0.0750000029802,0,0.0
2014-05-29 22:14:00,34.167,0.0577921754427,0.0,0,0.0
2014-05-29 22:19:00,31.668,0.0577921754427,0.0,0,0.0
2014-05-29 22:24:00,31.835,0.0577921754427,0.0,0,0.0
2014-05-29 22:29:00,33.645,0.0577921754427,0.0,0,0.0
2014-05-29 22:34:00,31.812,0.0577921754427,0.0,0,0.0
2014-05-29 22:39:00,31.149,0.0577921754427,0.0,0,0.0
2014-05-29 22:44:00,32.0,0.0577921754427,0.0,0,0.0
2014-05-29 22:49:00,33.429,0.0577921754427,0.0,0,0.0
2014-05-29 22:54:00,31.321,0.0644176658532,0.0,0,0.0
2014-05-29 22:59:00,34.212,0.07524456553,0.0,0,0.0
2014-05-29 23:04:00,46.499,0.0644176658532,0.0750000029802,0,0.0
2014-05-29 23:09:00,93.333,0.0487162981293,0.125,0,0.0
2014-05-29 23:14:00,33.974,0.0487162981293,0.0,0,0.0
2014-05-29 23:19:00,32.309,0.0487162981293,0.0,0,0.0
2014-05-29 23:24:00,31.886,0.0487162981293,0.0,0,0.0
2014-05-29 23:29:00,34.266,0.0487162981293,0.0,0,0.0
2014-05-29 23:34:00,30.836,0.0487162981293,0.0,0,0.0
2014-05-29 23:39:00,32.013,0.0487162981293,0.0,0,0.0
2014-05-29 23:44:00,33.146,0.0487162981293,0.0,0,0.0
2014-05-29 23:49:00,31.995,0.0487162981293,0.0,0,0.0
2014-05-29 23:54:00,31.102,0.057792175919,0.0,0,0.0
2014-05-29 23:59:00,71.874,0.108615625573,0.975000023842,0,0.0
2014-05-30 00:04:00,100.0,0.408887227691,1.0,0,0.0
2014-05-30 00:09:00,100.0,0.844711151103,0.850000023842,0,-0.11
2014-05-30 00:14:00,82.778,0.299999996735,0.725000023842,0,0.0
2014-05-30 00:19:00,56.7505,0.299999996735,0.47499999404,0,0.0
2014-05-30 00:24:00,37.2235,0.299999996735,0.0500000007451,0,0.0
2014-05-30 00:29:00,42.508,0.299999996735,0.25,0,0.0
2014-05-30 00:34:00,48.5103,0.299999996735,0.574999988079,0,0.0
2014-05-30 00:39:00,46.51,0.299999996735,0.0250000003725,0,0.0
2014-05-30 00:44:00,31.3127,0.299999996735,0.34999999404,0,0.0
2014-05-30 00:49:00,30.38,0.299999996735,0.0,0,0.0
2014-05-30 00:54:00,29.786,0.299999996735,0.0,0,0.0
2014-05-30 00:59:00,34.169,0.299999996735,0.0,0,0.0
2014-05-30 01:04:00,43.666,0.323506135848,0.0750000029802,0,0.0
2014-05-30 01:09:00,72.166,0.428468928304,0.75,0,0.0
2014-05-30 01:14:00,32.117,0.40815693508,0.0,0,0.0
2014-05-30 01:19:00,30.47,0.314778764153,0.0,0,0.0
2014-05-30 01:24:00,30.501,0.150686111889,0.0,0,0.0
2014-05-30 01:29:00,32.009,0.145108741478,0.0,0,0.0
2014-05-30 01:34:00,31.318,0.0799587820297,0.0,0,0.0
2014-05-30 01:39:00,31.787,0.0799587820297,0.0,0,0.0
2014-05-30 01:44:00,30.868,0.0799587820297,0.0,0,0.0
2014-05-30 01:49:00,30.678,0.0799587820297,0.0,0,0.0
2014-05-30 01:54:00,30.999,0.0690226378065,0.0,0,0.0
2014-05-30 01:59:00,33.128,0.0736078750229,0.0,0,0.0
2014-05-30 02:04:00,45.002,0.0736078750229,0.0,0,0.0
2014-05-30 02:09:00,72.12,0.0736078750229,0.0,0,0.0
2014-05-30 02:14:00,32.668,0.0736078750229,0.0,0,0.0
2014-05-30 02:19:00,32.976,0.0736078750229,0.0,0,0.0
2014-05-30 02:24:00,29.723,0.0736078750229,0.0,0,0.0
2014-05-30 02:29:00,31.666,0.0736078750229,0.0,0,0.0
2014-05-30 02:34:00,31.11,0.0736078750229,0.0,0,0.0
2014-05-30 02:39:00,31.163,0.0736078750229,0.0,0,0.0
2014-05-30 02:44:00,32.184,0.0736078750229,0.0,0,0.0
2014-05-30 02:49:00,29.954,0.0736078750229,0.0,0,0.0
2014-05-30 02:54:00,30.213,0.0736078750229,0.0,0,0.0
2014-05-30 02:59:00,35.171,0.0736078750229,0.0,0,0.0
2014-05-30 03:04:00,44.501,0.0736078750229,0.0,0,0.0
2014-05-30 03:09:00,100.0,0.030815356949,0.40000000596,0,0.0
2014-05-30 03:14:00,38.505,0.0350616275124,0.0500000007451,0,0.0
2014-05-30 03:19:00,31.666,0.0350616275124,0.0,0,0.0
2014-05-30 03:24:00,29.785,0.0350616275124,0.0,0,0.0
2014-05-30 03:29:00,37.102,0.0350616275124,0.0,0,0.0
2014-05-30 03:34:00,30.386,0.0350616275124,0.0,0,0.0
2014-05-30 03:39:00,30.979,0.0350616275124,0.0,0,0.0
2014-05-30 03:44:00,31.953,0.0350616275124,0.0,0,0.0
2014-05-30 03:49:00,30.666,0.0350616275124,0.0,0,0.0
2014-05-30 03:54:00,30.218,0.0350616275124,0.0,0,0.0
2014-05-30 03:59:00,33.115,0.0665913820648,0.0,0,0.0
2014-05-30 04:04:00,45.049,0.0736078750229,0.0,0,0.0
2014-05-30 04:09:00,72.505,0.0665913820648,0.0500000007451,0,0.0
2014-05-30 04:14:00,31.567,0.0665913820648,0.0,0,0.0
2014-05-30 04:19:00,30.169,0.0665913820648,0.0,0,0.0
2014-05-30 04:24:00,30.117,0.0665913820648,0.0,0,0.0
2014-05-30 04:29:00,32.347,0.0665913820648,0.0,0,0.0
2014-05-30 04:34:00,30.717,0.0665913820648,0.0,0,0.0
2014-05-30 04:39:00,30.287,0.0665913820648,0.0,0,0.0
2014-05-30 04:44:00,31.677,0.0665913820648,0.0,0,0.0
2014-05-30 04:49:00,30.648,0.0665913820648,0.0,0,0.0
2014-05-30 04:54:00,29.224,0.0665913820648,0.0,0,0.0
2014-05-30 04:59:00,33.118,0.0736078750229,0.0,0,0.0
2014-05-30 05:04:00,44.542,0.0736078750229,0.0,0,0.0
2014-05-30 05:09:00,72.121,0.0632511370522,0.0750000029802,0,0.0
2014-05-30 05:14:00,31.429,0.0632511370522,0.0,0,0.0
2014-05-30 05:19:00,31.766,0.0632511370522,0.0,0,0.0
2014-05-30 05:24:00,29.625,0.0632511370522,0.0,0,0.0
2014-05-30 05:29:00,33.175,0.0632511370522,0.0,0,0.0
2014-05-30 05:34:00,29.67,0.0632511370522,0.0,0,0.0
2014-05-30 05:39:00,30.323,0.0632511370522,0.0,0,0.0
2014-05-30 05:44:00,31.214,0.0632511370522,0.0,0,0.0
2014-05-30 05:49:00,30.166,0.0632511370522,0.0,0,0.0
2014-05-30 05:54:00,29.997,0.0632511370522,0.0,0,0.0
2014-05-30 05:59:00,33.662,0.0736078750229,0.0,0,0.0
2014-05-30 06:04:00,44.452,0.0736078750229,0.0,0,0.0
2014-05-30 06:09:00,72.39,0.0700432611002,0.0250000003725,0,0.0
2014-05-30 06:14:00,32.174,0.0700432611002,0.0,0,0.0
2014-05-30 06:19:00,32.671,0.0700432611002,0.0,0,0.0
2014-05-30 06:24:00,29.619,0.0700432611002,0.0,0,0.0
2014-05-30 06:29:00,32.168,0.0700432611002,0.0,0,0.0
2014-05-30 06:34:00,28.678,0.0700432611002,0.0,0,0.0
2014-05-30 06:39:00,30.784,0.0700432611002,0.0,0,0.0
2014-05-30 06:44:00,31.379,0.0700432611002,0.0,0,0.0
2014-05-30 06:49:00,30.247,0.0700432611002,0.0,0,0.0
2014-05-30 06:54:00,29.666,0.0700432611002,0.0,0,0.0
2014-05-30 06:59:00,33.839,0.0736078750229,0.0,0,0.0
2014-05-30 07:04:00,44.12,0.0736078750229,0.0,0,0.0
2014-05-30 07:09:00,72.007,0.0632511370522,0.0750000029802,0,0.0
2014-05-30 07:14:00,31.457,0.0600213829858,0.0250000003725,0,0.0
2014-05-30 07:19:00,29.501,0.0600213829858,0.0,0,0.0
2014-05-30 07:24:00,30.001,0.0600213829858,0.0,0,0.0
2014-05-30 07:29:00,31.553,0.0600213829858,0.0,0,0.0
2014-05-30 07:34:00,30.835,0.0600213829858,0.0,0,0.0
2014-05-30 07:39:00,30.822,0.0600213829858,0.0,0,0.0
2014-05-30 07:44:00,31.277,0.0600213829858,0.0,0,0.0
2014-05-30 07:49:00,30.671,0.0600213829858,0.0,0,0.0
2014-05-30 07:54:00,30.048,0.0600213829858,0.0,0,0.0
2014-05-30 07:59:00,33.654,0.0700432611002,0.0,0,0.0
2014-05-30 08:04:00,44.663,0.0736078750229,0.0,0,0.0
2014-05-30 08:09:00,72.559,0.0736078750229,0.0,0,0.0
2014-05-30 08:14:00,32.289,0.0736078750229,0.0,0,0.0
2014-05-30 08:19:00,28.834,0.0700432611002,0.0250000003725,0,0.0
2014-05-30 08:24:00,30.381,0.0700432611002,0.0,0,0.0
2014-05-30 08:29:00,31.174,0.0700432611002,0.0,0,0.0
2014-05-30 08:34:00,29.975,0.0700432611002,0.0,0,0.0
2014-05-30 08:39:00,30.613,0.0700432611002,0.0,0,0.0
2014-05-30 08:44:00,31.494,0.0700432611002,0.0,0,0.0
2014-05-30 08:49:00,30.716,0.0700432611002,0.0,0,0.0
2014-05-30 08:54:00,30.165,0.0643522717879,0.0250000003725,0,0.0
2014-05-30 08:59:00,32.976,0.0643522717879,0.0,0,0.0
2014-05-30 09:04:00,44.504,0.0643522717879,0.0,0,0.0
2014-05-30 09:09:00,72.168,0.0675459496177,0.0,0,0.0
2014-05-30 09:14:00,31.327,0.0675459496177,0.0,0,0.0
2014-05-30 09:19:00,31.003,0.0643522717879,0.0250000003725,0,0.0
2014-05-30 09:24:00,30.667,0.0612579159112,0.0250000003725,0,0.0
2014-05-30 09:29:00,31.001,0.0612579159112,0.0,0,0.0
2014-05-30 09:34:00,30.451,0.0582618885519,0.0250000003725,0,0.0
2014-05-30 09:39:00,30.884,0.0582618885519,0.0,0,0.0
2014-05-30 09:44:00,31.842,0.0582618885519,0.0250000003725,0,0.0
2014-05-30 09:49:00,30.001,0.0582618885519,0.0,0,0.0
2014-05-30 09:54:00,29.667,0.0582618885519,0.0,0,0.0
2014-05-30 09:59:00,33.329,0.0582618885519,0.0,0,0.0
2014-05-30 10:04:00,46.171,0.0553631600723,0.0250000003725,0,0.0
2014-05-30 10:09:00,72.39,0.0346419237159,0.34999999404,0,0.0
2014-05-30 10:14:00,29.86,0.0326025537137,0.0,0,0.0
2014-05-30 10:19:00,31.119,0.0326025537137,0.0,0,0.0
2014-05-30 10:24:00,30.001,0.0306473687461,0.0,0,0.0
2014-05-30 10:29:00,32.048,0.0306473687461,0.0,0,0.0
2014-05-30 10:34:00,29.268,0.0314730329775,0.0,0,0.0
2014-05-30 10:39:00,29.743,0.0314730329775,0.0,0,0.0
2014-05-30 10:44:00,31.898,0.0314730329775,0.0,0,0.0
2014-05-30 10:49:00,29.169,0.0314730329775,0.0,0,0.0
2014-05-30 10:54:00,30.547,0.0334640271256,0.0,0,0.0
2014-05-30 10:59:00,32.784,0.0708399076467,0.0,0,0.0
2014-05-30 11:04:00,45.38,0.0675459496177,0.0250000003725,0,0.0
2014-05-30 11:09:00,78.833,0.0582618883323,0.0750000029802,0,0.0
2014-05-30 11:14:00,31.959,0.0553631598599,0.0250000003725,0,0.0
2014-05-30 11:19:00,30.221,0.0553631598599,0.0,0,0.0
2014-05-30 11:24:00,29.619,0.0553631598599,0.0,0,0.0
2014-05-30 11:29:00,31.532,0.0553631598599,0.0,0,0.0
2014-05-30 11:34:00,30.498,0.0553631598599,0.0,0,0.0
2014-05-30 11:39:00,29.505,0.0553631598599,0.0,0,0.0
2014-05-30 11:44:00,30.999,0.0553631598599,0.0,0,0.0
2014-05-30 11:49:00,29.999,0.0553631598599,0.0,0,0.0
2014-05-30 11:54:00,29.951,0.0582618883323,0.0,0,0.0
2014-05-30 11:59:00,33.07,0.0675459496177,0.0,0,0.0
2014-05-30 12:04:00,45.451,0.0643522717879,0.0500000007451,0,0.0
2014-05-30 12:09:00,72.284,0.0314730334131,0.324999988079,0,0.0
2014-05-30 12:14:00,32.22,0.0314730334131,0.0,0,0.0
2014-05-30 12:19:00,30.601,0.0314730334131,0.0,0,0.0
2014-05-30 12:24:00,29.544,0.0314730334131,0.0,0,0.0
2014-05-30 12:29:00,31.645,0.0314730334131,0.0,0,0.0
2014-05-30 12:34:00,29.786,0.0306473683184,0.0250000003725,0,0.0
2014-05-30 12:39:00,30.551,0.0326025532674,0.0250000003725,0,0.0
2014-05-30 12:44:00,30.952,0.0346419232505,0.0250000003725,0,0.0
2014-05-30 12:49:00,30.006,0.0367669357831,0.0250000003725,0,0.0
2014-05-30 12:54:00,30.386,0.0346419232505,0.0250000003725,0,0.0
2014-05-30 12:59:00,33.446,0.0553631600723,0.0,0,0.0
2014-05-30 13:04:00,45.652,0.0553631600723,0.0,0,0.0
2014-05-30 13:09:00,71.838,0.0525606636392,0.0250000003725,0,0.0
2014-05-30 13:14:00,31.333,0.0472399078399,0.0500000007451,0,0.0
2014-05-30 13:19:00,29.503,0.0472399078399,0.0,0,0.0
2014-05-30 13:24:00,30.12,0.0498532942576,0.0,0,0.0
2014-05-30 13:29:00,31.004,0.0525606636392,0.0,0,0.0
2014-05-30 13:34:00,30.547,0.0553631600723,0.0,0,0.0
2014-05-30 13:39:00,29.838,0.0582618885519,0.0,0,0.0
2014-05-30 13:44:00,31.453,0.0612579159112,0.0,0,0.0
2014-05-30 13:49:00,30.35,0.0612579159112,0.0,0,0.0
2014-05-30 13:54:00,29.641,0.0612579159112,0.0,0,0.0
2014-05-30 13:59:00,32.986,0.0612579159112,0.0250000003725,0,0.0
2014-05-30 14:04:00,44.835,0.0643522717879,0.0250000003725,0,0.0
2014-05-30 14:09:00,78.499,0.0334640256107,0.300000011921,0,0.0
2014-05-30 14:14:00,31.158,0.0334640256107,0.0,0,0.0
2014-05-30 14:19:00,30.999,0.0314730315253,0.0250000003725,0,0.0
2014-05-30 14:24:00,30.125,0.0306473701718,0.0250000003725,0,0.0
2014-05-30 14:29:00,32.011,0.0306473701718,0.0,0,0.0
2014-05-30 14:34:00,29.542,0.0326025552016,0.0250000003725,0,0.0
2014-05-30 14:39:00,30.265,0.0346419252671,0.0250000003725,0,0.0
2014-05-30 14:44:00,30.882,0.0367669378833,0.0250000003725,0,0.0
2014-05-30 14:49:00,29.831,0.0346419252671,0.0,0,0.0
2014-05-30 14:54:00,29.619,0.0326025552016,0.0,0,0.0
2014-05-30 14:59:00,33.352,0.0553631600723,0.0,0,0.0
2014-05-30 15:04:00,44.504,0.0553631600723,0.0,0,0.0
2014-05-30 15:09:00,72.005,0.0582618885519,0.0,0,0.0
2014-05-30 15:14:00,31.323,0.0612579159112,0.0,0,0.0
2014-05-30 15:19:00,30.784,0.0582618885519,0.0250000003725,0,0.0
2014-05-30 15:24:00,30.284,0.0582618885519,0.0250000003725,0,0.0
2014-05-30 15:29:00,32.987,0.0612579159112,0.0,0,0.0
2014-05-30 15:34:00,29.35,0.0612579159112,0.0250000003725,0,0.0
2014-05-30 15:39:00,29.284,0.0582618885519,0.0250000003725,0,0.0
2014-05-30 15:44:00,31.008,0.0553631600723,0.0250000003725,0,0.0
2014-05-30 15:49:00,30.167,0.0553631600723,0.0,0,0.0
2014-05-30 15:54:00,29.8,0.0553631600723,0.0,0,0.0
2014-05-30 15:59:00,33.835,0.0553631600723,0.0,0,0.0
2014-05-30 16:04:00,43.971,0.0553631600723,0.0,0,0.0
2014-05-30 16:09:00,71.95,0.0582618885519,0.0,0,0.0
2014-05-30 16:14:00,30.731,0.0612579159112,0.0,0,0.0
2014-05-30 16:19:00,30.5,0.0612579159112,0.0,0,0.0
2014-05-30 16:24:00,29.833,0.0643522717879,0.0,0,0.0
2014-05-30 16:29:00,31.309,0.0675459496177,0.0,0,0.0
2014-05-30 16:34:00,29.81,0.0708399076467,0.0,0,0.0
2014-05-30 16:39:00,30.119,0.0708399076467,0.0,0,0.0
2014-05-30 16:44:00,32.267,0.0675459496177,0.0250000003725,0,0.0
2014-05-30 16:49:00,29.383,0.0675459496177,0.0,0,0.0
2014-05-30 16:54:00,29.883,0.0675459496177,0.0,0,0.0
2014-05-30 16:59:00,33.154,0.0675459496177,0.0,0,0.0
2014-05-30 17:04:00,44.623,0.0675459496177,0.0,0,0.0
2014-05-30 17:09:00,78.784,0.0582618883323,0.0750000029802,0,0.0
2014-05-30 17:14:00,31.769,0.0550585008944,0.0250000003725,0,0.0
2014-05-30 17:19:00,30.187,0.0522447017175,0.0250000003725,0,0.0
2014-05-30 17:24:00,29.372,0.0495273973826,0.0250000003725,0,0.0
2014-05-30 17:29:00,32.109,0.0495273973826,0.0,0,0.0
2014-05-30 17:34:00,29.54,0.0495273973826,0.0250000003725,0,0.0
2014-05-30 17:39:00,29.737,0.0469054118269,0.0250000003725,0,0.0
2014-05-30 17:44:00,31.383,0.0443775276292,0.0250000003725,0,0.0
2014-05-30 17:49:00,29.999,0.0443775276292,0.0,0,0.0
2014-05-30 17:54:00,30.116,0.0443775276292,0.0,0,0.0
2014-05-30 17:59:00,33.031,0.0522447019235,0.0,0,0.0
2014-05-30 18:04:00,44.608,0.0550585011076,0.0,0,0.0
2014-05-30 18:09:00,72.165,0.0579699307542,0.0,0,0.0
2014-05-30 18:14:00,31.455,0.0579699307542,0.0250000003725,0,0.0
2014-05-30 18:19:00,30.379,0.0550585011076,0.0250000003725,0,0.0
2014-05-30 18:24:00,30.482,0.0550585011076,0.0250000003725,0,0.0
2014-05-30 18:29:00,31.161,0.0579699307542,0.0,0,0.0
2014-05-30 18:34:00,29.954,0.0579699307542,0.0250000003725,0,0.0
2014-05-30 18:39:00,30.507,0.0550585011076,0.0250000003725,0,0.0
2014-05-30 18:44:00,32.212,0.0522447019235,0.0250000003725,0,0.0
2014-05-30 18:49:00,29.969,0.0522447019235,0.0,0,0.0
2014-05-30 18:54:00,29.501,0.0522447019235,0.0,0,0.0
2014-05-30 18:59:00,32.999,0.0522447019235,0.0,0,0.0
2014-05-30 19:04:00,44.782,0.0550585011076,0.0,0,0.0
2014-05-30 19:09:00,78.787,0.0522447019235,0.0500000007451,0,0.0
2014-05-30 19:14:00,31.702,0.0522447019235,0.0250000003725,0,0.0
2014-05-30 19:19:00,30.166,0.0495273975815,0.0250000003725,0,0.0
2014-05-30 19:24:00,29.955,0.0469054120187,0.0500000007451,0,0.0
2014-05-30 19:29:00,31.168,0.0495273975815,0.0,0,0.0
2014-05-30 19:34:00,30.481,0.0495273975815,0.0250000003725,0,0.0
2014-05-30 19:39:00,29.833,0.0443775278141,0.0500000007451,0,0.0
2014-05-30 19:44:00,30.835,0.0419424853302,0.0250000003725,0,0.0
2014-05-30 19:49:00,30.0,0.0395989819255,0.0250000003725,0,0.0
2014-05-30 19:54:00,30.118,0.0395989819255,0.0,0,0.0
2014-05-30 19:59:00,32.579,0.0443775278141,0.0,0,0.0
2014-05-30 20:04:00,44.501,0.0443775278141,0.0250000003725,0,0.0
2014-05-30 20:09:00,64.886,0.0469054120187,0.0,0,0.0
2014-05-30 20:14:00,38.172,0.0331040205672,0.20000000298,0,0.0
2014-05-30 20:19:00,31.168,0.0331040205672,0.0,0,0.0
2014-05-30 20:24:00,29.953,0.0351811626266,0.0,0,0.0
2014-05-30 20:29:00,31.521,0.0395989819255,0.0,0,0.0
2014-05-30 20:34:00,30.334,0.0419424853302,0.0,0,0.0
2014-05-30 20:39:00,29.499,0.0443775278141,0.0,0,0.0
2014-05-30 20:44:00,31.001,0.0443775278141,0.0,0,0.0
2014-05-30 20:49:00,30.294,0.0443775278141,0.0,0,0.0
2014-05-30 20:54:00,29.873,0.0469054120187,0.0,0,0.0
2014-05-30 20:59:00,32.837,0.0469054120187,0.0,0,0.0
2014-05-30 21:04:00,44.116,0.0706133058384,0.0,0,0.0
2014-05-30 21:09:00,71.999,0.0706133058384,0.0,0,0.0
2014-05-30 21:14:00,32.498,0.0706133058384,0.0,0,0.0
2014-05-30 21:19:00,31.334,0.0706133058384,0.0,0,0.0
2014-05-30 21:24:00,29.842,0.0706133058384,0.0,0,0.0
2014-05-30 21:29:00,31.163,0.0706133058384,0.0,0,0.0
2014-05-30 21:34:00,29.955,0.0706133058384,0.0,0,0.0
2014-05-30 21:39:00,30.05,0.0706133058384,0.0,0,0.0
2014-05-30 21:44:00,31.51,0.0706133058384,0.0,0,0.0
2014-05-30 21:49:00,30.311,0.0706133058384,0.0,0,0.0
2014-05-30 21:54:00,29.833,0.0706133058384,0.0,0,0.0
2014-05-30 21:59:00,33.155,0.0706133058384,0.0,0,0.0
2014-05-30 22:04:00,43.96,0.0640900275235,0.0500000007451,0,0.0
2014-05-30 22:09:00,79.502,0.0579699307542,0.0500000007451,0,0.0
2014-05-30 22:14:00,37.952,0.044377527999,0.125,0,0.0
2014-05-30 22:19:00,30.548,0.044377527999,0.0,0,0.0
2014-05-30 22:24:00,30.814,0.044377527999,0.0,0,0.0
2014-05-30 22:29:00,30.837,0.044377527999,0.0,0,0.0
2014-05-30 22:34:00,29.832,0.044377527999,0.0,0,0.0
2014-05-30 22:39:00,29.666,0.0419424855082,0.0250000003725,0,0.0
2014-05-30 22:44:00,31.612,0.0419424855082,0.0,0,0.0
2014-05-30 22:49:00,30.317,0.0419424855082,0.0,0,0.0
2014-05-30 22:54:00,30.052,0.044377527999,0.0250000003725,0,0.0
2014-05-30 22:59:00,33.358,0.0495273977804,0.0,0,0.0
2014-05-30 23:04:00,44.499,0.0640900275235,0.0,0,0.0
2014-05-30 23:09:00,65.115,0.0609800870048,0.0250000003725,0,0.0
2014-05-30 23:14:00,38.158,0.0522447017175,0.0750000029802,0,0.0
2014-05-30 23:19:00,31.129,0.0522447017175,0.0,0,0.0
2014-05-30 23:24:00,29.5,0.0522447017175,0.0,0,0.0
2014-05-30 23:29:00,30.493,0.0550585008944,0.0,0,0.0
2014-05-30 23:34:00,30.55,0.0550585008944,0.0,0,0.0
2014-05-30 23:39:00,30.273,0.0550585008944,0.0,0,0.0
2014-05-30 23:44:00,31.499,0.0579699305337,0.0,0,0.0
2014-05-30 23:49:00,30.465,0.0579699305337,0.0,0,0.0
2014-05-30 23:54:00,30.461,0.0579699305337,0.0,0,0.0
2014-05-30 23:59:00,32.512,0.0609800867768,0.0,0,0.0
2014-05-31 00:04:00,43.999,0.0706133058384,0.0,0,0.0
2014-05-31 00:09:00,72.167,0.0706133058384,0.0,0,0.0
2014-05-31 00:14:00,31.764,0.0706133058384,0.0,0,0.0
2014-05-31 00:19:00,31.162,0.0706133058384,0.0,0,0.0
2014-05-31 00:24:00,29.834,0.0706133058384,0.0,0,0.0
2014-05-31 00:29:00,32.278,0.0706133058384,0.0,0,0.0
2014-05-31 00:34:00,30.329,0.0706133058384,0.0,0,0.0
2014-05-31 00:39:00,30.216,0.0706133058384,0.0,0,0.0
2014-05-31 00:44:00,31.453,0.0706133058384,0.0,0,0.0
2014-05-31 00:49:00,30.048,0.0706133058384,0.0,0,0.0
2014-05-31 00:54:00,29.504,0.0706133058384,0.0,0,0.0
2014-05-31 00:59:00,32.673,0.0706133058384,0.0,0,0.0
2014-05-31 01:04:00,44.619,0.0706133058384,0.0,0,0.0
2014-05-31 01:09:00,71.833,0.0706133058384,0.0,0,0.0
2014-05-31 01:14:00,38.006,0.0579699307542,0.10000000149,0,0.0
2014-05-31 01:19:00,31.053,0.0550585011076,0.0250000003725,0,0.0
2014-05-31 01:24:00,30.292,0.0550585011076,0.0,0,0.0
2014-05-31 01:29:00,32.1,0.0550585011076,0.0,0,0.0
2014-05-31 01:34:00,30.635,0.0546175065132,0.0,0,0.0
2014-05-31 01:39:00,29.166,0.0546175065132,0.0,0,0.0
2014-05-31 01:44:00,31.831,0.0546175065132,0.0,0,0.0
2014-05-31 01:49:00,29.645,0.0546175065132,0.0,0,0.0
2014-05-31 01:54:00,29.5,0.0546175065132,0.0,0,0.0
2014-05-31 01:59:00,32.78,0.0546175065132,0.0,0,0.0
2014-05-31 02:04:00,46.095,0.0668911461334,0.0,0,0.0
2014-05-31 02:09:00,79.22,0.0636706178323,0.0500000007451,0,0.0
2014-05-31 02:14:00,31.618,0.0605522065373,0.0250000003725,0,0.0
2014-05-31 02:19:00,30.661,0.0605522065373,0.0,0,0.0
2014-05-31 02:24:00,30.0,0.0605522065373,0.0,0,0.0
2014-05-31 02:29:00,31.498,0.0605522065373,0.0,0,0.0
2014-05-31 02:34:00,30.286,0.0605522065373,0.0,0,0.0
2014-05-31 02:39:00,29.834,0.0605522065373,0.0,0,0.0
2014-05-31 02:44:00,31.88,0.0605522065373,0.0,0,0.0
2014-05-31 02:49:00,29.455,0.0605522065373,0.0,0,0.0
2014-05-31 02:54:00,29.55,0.0605522065373,0.0,0,0.0
2014-05-31 02:59:00,32.92,0.0668911461334,0.0,0,0.0
2014-05-31 03:04:00,44.335,0.0702148012902,0.0,0,0.0
2014-05-31 03:09:00,78.501,0.0636706178323,0.0500000007451,0,0.0
2014-05-31 03:14:00,37.953,0.0490781961972,0.125,0,0.0
2014-05-31 03:19:00,34.047,0.0490781961972,0.0,0,0.0
2014-05-31 03:24:00,34.104,0.0490781961972,0.0,0,0.0
2014-05-31 03:29:00,32.341,0.0490781961972,0.0,0,0.0
2014-05-31 03:34:00,29.475,0.0490781961972,0.0,0,0.0
2014-05-31 03:39:00,30.793,0.0490781961972,0.0,0,0.0
2014-05-31 03:44:00,31.696,0.0490781961972,0.0,0,0.0
2014-05-31 03:49:00,30.833,0.0490781961972,0.0,0,0.0
2014-05-31 03:54:00,29.956,0.0490781961972,0.0,0,0.0
2014-05-31 03:59:00,32.884,0.0517990059988,0.0250000003725,0,0.0
2014-05-31 04:04:00,44.785,0.0575348645843,0.0750000029802,0,0.0
2014-05-31 04:09:00,79.287,0.0546175062995,0.0250000003725,0,0.0
2014-05-31 04:14:00,38.109,0.0517990055862,0.0250000003725,0,0.0
2014-05-31 04:19:00,29.832,0.0517990055862,0.0,0,0.0
2014-05-31 04:24:00,29.646,0.0517990055862,0.0,0,0.0
2014-05-31 04:29:00,30.936,0.0517990055862,0.0,0,0.0
2014-05-31 04:34:00,30.243,0.0517990055862,0.0,0,0.0
2014-05-31 04:39:00,30.493,0.0517990055862,0.0,0,0.0
2014-05-31 04:44:00,31.446,0.0517990055862,0.0,0,0.0
2014-05-31 04:49:00,29.875,0.0546175062995,0.0,0,0.0
2014-05-31 04:54:00,30.45,0.0636706178323,0.0,0,0.0
2014-05-31 04:59:00,32.669,0.0636706178323,0.0250000003725,0,0.0
2014-05-31 05:04:00,43.88,0.0575348645843,0.0750000029802,0,0.0
2014-05-31 05:09:00,78.666,0.0347341396357,0.22499999404,0,0.0
2014-05-31 05:14:00,37.661,0.0306744094543,0.0500000007451,0,0.0
2014-05-31 05:19:00,30.506,0.0306744094543,0.0,0,0.0
2014-05-31 05:24:00,31.08,0.0306744094543,0.0,0,0.0
2014-05-31 05:29:00,31.82,0.0306744094543,0.0,0,0.0
2014-05-31 05:34:00,30.219,0.0306744094543,0.0,0,0.0
2014-05-31 05:39:00,30.287,0.0306744094543,0.0,0,0.0
2014-05-31 05:44:00,30.56,0.0306744094543,0.0,0,0.0
2014-05-31 05:49:00,29.788,0.03266088221,0.0,0,0.0
2014-05-31 05:54:00,29.501,0.0391470528506,0.0,0,0.0
2014-05-31 05:59:00,32.727,0.0636706178323,0.0,0,0.0
2014-05-31 06:04:00,44.168,0.0702148012902,0.0,0,0.0
2014-05-31 06:09:00,78.833,0.0668911461334,0.0250000003725,0,0.0
2014-05-31 06:14:00,38.334,0.0368957035972,0.27500000596,0,0.0
2014-05-31 06:19:00,30.334,0.0368957035972,0.0,0,0.0
2014-05-31 06:24:00,30.342,0.0368957035972,0.0,0,0.0
2014-05-31 06:29:00,30.451,0.0368957035972,0.0,0,0.0
2014-05-31 06:34:00,30.217,0.0368957035972,0.0,0,0.0
2014-05-31 06:39:00,29.831,0.0368957035972,0.0,0,0.0
2014-05-31 06:44:00,31.614,0.0368957035972,0.0,0,0.0
2014-05-31 06:49:00,29.168,0.0368957035972,0.0,0,0.0
2014-05-31 06:54:00,30.89,0.0368957035972,0.0,0,0.0
2014-05-31 06:59:00,32.872,0.0391470518239,0.0,0,0.0
2014-05-31 07:04:00,44.759,0.0702148012902,0.0,0,0.0
2014-05-31 07:09:00,65.997,0.0702148012902,0.0,0,0.0
2014-05-31 07:14:00,37.158,0.0575348648054,0.10000000149,0,0.0
2014-05-31 07:19:00,31.107,0.0575348648054,0.0,0,0.0
2014-05-31 07:24:00,29.189,0.0575348648054,0.0,0,0.0
2014-05-31 07:29:00,30.942,0.0575348648054,0.0,0,0.0
2014-05-31 07:34:00,30.713,0.0575348648054,0.0,0,0.0
2014-05-31 07:39:00,29.41,0.0575348648054,0.0,0,0.0
2014-05-31 07:44:00,31.184,0.0575348648054,0.0,0,0.0
2014-05-31 07:49:00,29.168,0.0575348648054,0.0,0,0.0
2014-05-31 07:54:00,30.124,0.0575348648054,0.0,0,0.0
2014-05-31 07:59:00,33.322,0.0575348648054,0.0,0,0.0
2014-05-31 08:04:00,44.667,0.0636706178323,0.0500000007451,0,0.0
2014-05-31 08:09:00,79.053,0.0605522065373,0.0250000003725,0,0.0
2014-05-31 08:14:00,36.736,0.0517990055862,0.0750000029802,0,0.0
2014-05-31 08:19:00,31.712,0.0517990055862,0.0,0,0.0
2014-05-31 08:24:00,28.001,0.0517990055862,0.0,0,0.0
2014-05-31 08:29:00,31.606,0.0517990055862,0.0,0,0.0
2014-05-31 08:34:00,29.54,0.0517990055862,0.0,0,0.0
2014-05-31 08:39:00,31.282,0.0517990055862,0.0,0,0.0
2014-05-31 08:44:00,32.536,0.0517990055862,0.0,0,0.0
2014-05-31 08:49:00,29.498,0.0517990055862,0.0,0,0.0
2014-05-31 08:54:00,30.452,0.0575348645843,0.0,0,0.0
2014-05-31 08:59:00,32.989,0.0605522063087,0.0,0,0.0
2014-05-31 09:04:00,44.053,0.0668911461334,0.0250000003725,0,0.0
2014-05-31 09:09:00,78.948,0.0347341383738,0.300000011921,0,0.0
2014-05-31 09:14:00,39.735,0.0682352757869,0.425000011921,0,0.0
2014-05-31 09:19:00,29.45,0.111150203731,0.27500000596,0,0.0
2014-05-31 09:24:00,30.357,0.111150203731,0.0,0,0.0
2014-05-31 09:29:00,31.167,0.111150203731,0.0,0,0.0
2014-05-31 09:34:00,30.669,0.111150203731,0.0,0,0.0
2014-05-31 09:39:00,29.838,0.111150203731,0.0,0,0.0
2014-05-31 09:44:00,30.51,0.111150203731,0.0,0,0.0
2014-05-31 09:49:00,29.619,0.111150203731,0.0,0,0.0
2014-05-31 09:54:00,30.001,0.107995889592,0.0,0,0.0
2014-05-31 09:59:00,32.71,0.0656966149172,0.0250000003725,0,0.0
2014-05-31 10:04:00,44.334,0.0344715911956,0.0250000003725,0,0.0
2014-05-31 10:09:00,78.835,0.0515764985555,0.10000000149,0,0.0
2014-05-31 10:14:00,31.679,0.0488467976484,0.0250000003725,0,0.0
2014-05-31 10:19:00,30.502,0.0488467976484,0.0,0,0.0
2014-05-31 10:24:00,30.001,0.0488467976484,0.0,0,0.0
2014-05-31 10:29:00,32.168,0.0488467976484,0.0,0,0.0
2014-05-31 10:34:00,29.828,0.0488467976484,0.0,0,0.0
2014-05-31 10:39:00,30.219,0.0488467976484,0.0,0,0.0
2014-05-31 10:44:00,30.619,0.0488467976484,0.0,0,0.0
2014-05-31 10:49:00,30.047,0.0515764985555,0.0,0,0.0
2014-05-31 10:54:00,29.664,0.0544050219106,0.0,0,0.0
2014-05-31 10:59:00,33.616,0.0667305574625,0.0,0,0.0
2014-05-31 11:04:00,44.051,0.0667305574625,0.0250000003725,0,0.0
2014-05-31 11:09:00,79.047,0.0634952380628,0.0250000003725,0,0.0
2014-05-31 11:14:00,38.168,0.0344715911956,0.27500000596,0,0.0
2014-05-31 11:19:00,30.505,0.0344715911956,0.0,0,0.0
2014-05-31 11:24:00,31.217,0.0344715911956,0.0,0,0.0
2014-05-31 11:29:00,29.664,0.0344715911956,0.0,0,0.0
2014-05-31 11:34:00,29.837,0.0344715911956,0.0,0,0.0
2014-05-31 11:39:00,29.455,0.0344715911956,0.0,0,0.0
2014-05-31 11:44:00,31.327,0.0344715911956,0.0,0,0.0
2014-05-31 11:49:00,30.013,0.0344715911956,0.0,0,0.0
2014-05-31 11:54:00,29.786,0.0366358550624,0.0,0,0.0
2014-05-31 11:59:00,33.386,0.0366358550624,0.0250000003725,0,0.0
2014-05-31 12:04:00,44.999,0.0667305574625,0.0,0,0.0
2014-05-31 12:09:00,78.714,0.0667305574625,0.0,0,0.0
2014-05-31 12:14:00,37.167,0.0634952380628,0.0250000003725,0,0.0
2014-05-31 12:19:00,29.88,0.0634952380628,0.0,0,0.0
2014-05-31 12:24:00,30.382,0.0634952380628,0.0,0,0.0
2014-05-31 12:29:00,31.287,0.0634952380628,0.0,0,0.0
2014-05-31 12:34:00,29.548,0.0634952380628,0.0,0,0.0
2014-05-31 12:39:00,29.499,0.0634952380628,0.0,0,0.0
2014-05-31 12:44:00,31.62,0.0634952380628,0.0,0,0.0
2014-05-31 12:49:00,29.97,0.0667305574625,0.0,0,0.0
2014-05-31 12:54:00,29.372,0.0667305574625,0.0,0,0.0
2014-05-31 12:59:00,33.333,0.0667305574625,0.0,0,0.0
2014-05-31 13:04:00,44.167,0.0700702511173,0.0,0,0.0
2014-05-31 13:09:00,72.546,0.0462146843079,0.20000000298,0,0.0
2014-05-31 13:14:00,38.887,0.0317589334673,0.20000000298,0,0.0
2014-05-31 13:19:00,29.333,0.0338060845815,0.0250000003725,0,0.0
2014-05-31 13:24:00,30.305,0.0338060845815,0.0,0,0.0
2014-05-31 13:29:00,32.221,0.0338060845815,0.0,0,0.0
2014-05-31 13:34:00,29.367,0.0338060845815,0.0,0,0.0
2014-05-31 13:39:00,30.66,0.0338060845815,0.0,0,0.0
2014-05-31 13:44:00,31.32,0.0338060845815,0.0,0,0.0
2014-05-31 13:49:00,29.39,0.0338060845815,0.0,0,0.0
2014-05-31 13:54:00,29.812,0.0338060845815,0.0,0,0.0
2014-05-31 13:59:00,33.836,0.0436788797824,0.0,0,0.0
2014-05-31 14:04:00,43.666,0.0667305574625,0.0,0,0.0
2014-05-31 14:09:00,78.714,0.0700702511173,0.0,0,0.0
2014-05-31 14:14:00,38.167,0.0634952380628,0.0500000007451,0,0.0
2014-05-31 14:19:00,29.999,0.0634952380628,0.0,0,0.0
2014-05-31 14:24:00,29.924,0.0634952380628,0.0,0,0.0
2014-05-31 14:29:00,31.544,0.0634952380628,0.0,0,0.0
2014-05-31 14:34:00,30.288,0.0634952380628,0.0,0,0.0
2014-05-31 14:39:00,29.713,0.0634952380628,0.0,0,0.0
2014-05-31 14:44:00,31.127,0.0634952380628,0.0,0,0.0
2014-05-31 14:49:00,30.525,0.0634952380628,0.0,0,0.0
2014-05-31 14:54:00,29.001,0.0634952380628,0.0,0,0.0
2014-05-31 14:59:00,32.103,0.0634952380628,0.0,0,0.0
2014-05-31 15:04:00,44.717,0.0700702511173,0.0,0,0.0
2014-05-31 15:09:00,78.714,0.0388908573363,0.27500000596,0,0.0
2014-05-31 15:14:00,38.657,0.0359419768125,0.17499999702,0,0.0
2014-05-31 15:19:00,29.5,0.0381681356539,0.0250000003725,0,0.0
2014-05-31 15:24:00,30.666,0.0381681356539,0.0,0,0.0
2014-05-31 15:29:00,30.275,0.0381681356539,0.0,0,0.0
2014-05-31 15:34:00,29.545,0.0381681356539,0.0,0,0.0
2014-05-31 15:39:00,30.617,0.0381681356539,0.0,0,0.0
2014-05-31 15:44:00,30.213,0.0381681356539,0.0,0,0.0
2014-05-31 15:49:00,30.121,0.0381681356539,0.0,0,0.0
2014-05-31 15:54:00,29.714,0.0381681356539,0.0,0,0.0
2014-05-31 15:59:00,32.832,0.0462146848855,0.0,0,0.0
2014-05-31 16:04:00,45.002,0.0667305574625,0.0,0,0.0
2014-05-31 16:09:00,72.225,0.0700702511173,0.0,0,0.0
2014-05-31 16:14:00,38.507,0.0603632617558,0.0750000029802,0,0.0
2014-05-31 16:19:00,31.667,0.0603632617558,0.0,0,0.0
2014-05-31 16:24:00,29.727,0.0603632617558,0.0,0,0.0
2014-05-31 16:29:00,30.807,0.0603632617558,0.0,0,0.0
2014-05-31 16:34:00,30.78,0.0603632617558,0.0,0,0.0
2014-05-31 16:39:00,29.783,0.0603632617558,0.0,0,0.0
2014-05-31 16:44:00,30.548,0.0603632617558,0.0,0,0.0
2014-05-31 16:49:00,30.174,0.0603632617558,0.0,0,0.0
2014-05-31 16:54:00,30.833,0.0603632617558,0.0,0,0.0
2014-05-31 16:59:00,33.005,0.0603632617558,0.0,0,0.0
2014-05-31 17:04:00,43.844,0.0700702511173,0.0,0,0.0
2014-05-31 17:09:00,78.671,0.0462146843079,0.20000000298,0,0.0
2014-05-31 17:14:00,38.88,0.0317589334673,0.20000000298,0,0.0
2014-05-31 17:19:00,29.687,0.0480042768818,0.17499999702,0,0.0
2014-05-31 17:24:00,30.332,0.0480042768818,0.0,0,0.0
2014-05-31 17:29:00,29.497,0.0480042768818,0.0,0,0.0
2014-05-31 17:34:00,29.999,0.0480042768818,0.0,0,0.0
2014-05-31 17:39:00,29.668,0.0480042768818,0.0,0,0.0
2014-05-31 17:44:00,30.993,0.0480042768818,0.0,0,0.0
2014-05-31 17:49:00,30.166,0.0480042768818,0.0,0,0.0
2014-05-31 17:54:00,31.455,0.0480042768818,0.0,0,0.0
2014-05-31 17:59:00,32.179,0.0317589330195,0.0250000003725,0,0.0
2014-05-31 18:04:00,44.006,0.0436788803386,0.0250000003725,0,0.0
2014-05-31 18:09:00,79.281,0.0462146839229,0.15000000596,0,0.0
2014-05-31 18:14:00,37.886,0.046039492029,0.0,0,0.0
2014-05-31 18:19:00,30.651,0.046039492029,0.0,0,0.0
2014-05-31 18:24:00,29.999,0.046039492029,0.0,0,0.0
2014-05-31 18:29:00,31.461,0.046039492029,0.0,0,0.0
2014-05-31 18:34:00,30.368,0.046039492029,0.0,0,0.0
2014-05-31 18:39:00,30.153,0.046039492029,0.0,0,0.0
2014-05-31 18:44:00,31.491,0.046039492029,0.0,0,0.0
2014-05-31 18:49:00,30.332,0.0486847301609,0.0,0,0.0
2014-05-31 18:54:00,29.956,0.0486847301609,0.0250000003725,0,0.0
2014-05-31 18:59:00,32.723,0.0666769292511,0.0,0,0.0
2014-05-31 19:04:00,43.978,0.0666769292511,0.0,0,0.0
2014-05-31 19:09:00,65.0,0.0666769292511,0.0,0,0.0
2014-05-31 19:14:00,38.113,0.0602676473158,0.0500000007451,0,0.0
2014-05-31 19:19:00,29.712,0.0602676473158,0.0,0,0.0
2014-05-31 19:24:00,29.958,0.0602676473158,0.0,0,0.0
2014-05-31 19:29:00,31.719,0.0602676473158,0.0,0,0.0
2014-05-31 19:34:00,30.454,0.0602676473158,0.0,0,0.0
2014-05-31 19:39:00,31.166,0.0602676473158,0.0,0,0.0
2014-05-31 19:44:00,31.892,0.0634198650687,0.0,0,0.0
2014-05-31 19:49:00,29.451,0.0634198650687,0.0,0,0.0
2014-05-31 19:54:00,30.035,0.0634198650687,0.0,0,0.0
2014-05-31 19:59:00,32.784,0.0634198650687,0.0,0,0.0
2014-05-31 20:04:00,44.38,0.0700398945309,0.0,0,0.0
2014-05-31 20:09:00,78.948,0.05142892182,0.15000000596,0,0.0
2014-05-31 20:14:00,37.546,0.0486847301609,0.0250000003725,0,0.0
2014-05-31 20:19:00,29.574,0.0486847301609,0.0,0,0.0
2014-05-31 20:24:00,31.827,0.0486847301609,0.0,0,0.0
2014-05-31 20:29:00,31.057,0.0486847301609,0.0,0,0.0
2014-05-31 20:34:00,29.952,0.0486847301609,0.0,0,0.0
2014-05-31 20:39:00,30.126,0.0486847301609,0.0,0,0.0
2014-05-31 20:44:00,31.146,0.0486847301609,0.0,0,0.0
2014-05-31 20:49:00,29.707,0.0486847301609,0.0,0,0.0
2014-05-31 20:54:00,29.499,0.0486847301609,0.0,0,0.0
2014-05-31 20:59:00,32.855,0.0666769292511,0.0,0,0.0
2014-05-31 21:04:00,44.001,0.0700398945309,0.0,0,0.0
2014-05-31 21:09:00,79.167,0.0666769292511,0.0250000003725,0,0.0
2014-05-31 21:14:00,38.608,0.0572191813162,0.0750000029802,0,0.0
2014-05-31 21:19:00,30.046,0.0572191813162,0.0,0,0.0
2014-05-31 21:24:00,31.004,0.0572191813162,0.0,0,0.0
2014-05-31 21:29:00,31.153,0.0572191813162,0.0,0,0.0
2014-05-31 21:34:00,30.439,0.0572191813162,0.0,0,0.0
2014-05-31 21:39:00,29.712,0.0572191813162,0.0,0,0.0
2014-05-31 21:44:00,30.825,0.0572191813162,0.0,0,0.0
2014-05-31 21:49:00,30.783,0.0572191813162,0.0,0,0.0
2014-05-31 21:54:00,28.834,0.0572191813162,0.0,0,0.0
2014-05-31 21:59:00,33.366,0.0602676470848,0.0,0,0.0
2014-05-31 22:04:00,45.336,0.0634198650687,0.0500000007451,0,0.0
2014-05-31 22:09:00,86.167,0.0542733321246,0.0750000029802,0,0.0
2014-05-31 22:14:00,37.966,0.0542733321246,0.0,0,0.0
2014-05-31 22:19:00,30.217,0.0542733321246,0.0,0,0.0
2014-05-31 22:24:00,29.451,0.0542733321246,0.0,0,0.0
2014-05-31 22:29:00,31.507,0.0542733321246,0.0,0,0.0
2014-05-31 22:34:00,29.286,0.0542733321246,0.0,0,0.0
2014-05-31 22:39:00,29.5,0.0542733321246,0.0,0,0.0
2014-05-31 22:44:00,31.214,0.0542733321246,0.0,0,0.0
2014-05-31 22:49:00,30.454,0.0542733321246,0.0,0,0.0
2014-05-31 22:54:00,30.218,0.0602676470848,0.0,0,0.0
2014-05-31 22:59:00,32.69,0.0666769292511,0.0250000003725,0,0.0
2014-05-31 23:04:00,45.107,0.0514289224445,0.125,0,0.0
2014-05-31 23:09:00,78.838,0.0514289224445,0.0,0,0.0
2014-05-31 23:14:00,38.399,0.0460394926093,0.0500000007451,0,0.0
2014-05-31 23:19:00,29.777,0.0460394926093,0.0,0,0.0
2014-05-31 23:24:00,30.018,0.0460394926093,0.0,0,0.0
2014-05-31 23:29:00,31.279,0.0460394926093,0.0,0,0.0
2014-05-31 23:34:00,31.17,0.0460394926093,0.0,0,0.0
2014-05-31 23:39:00,30.498,0.0460394926093,0.0,0,0.0
2014-05-31 23:44:00,31.37,0.0460394926093,0.0,0,0.0
2014-05-31 23:49:00,30.605,0.0486847307632,0.0,0,0.0
2014-05-31 23:54:00,29.498,0.0634198650687,0.0,0,0.0
2014-05-31 23:59:00,32.287,0.0634198650687,0.0,0,0.0
2014-06-01 00:04:00,44.5,0.0666769292511,0.0250000003725,0,0.0
2014-06-01 00:09:00,78.884,0.0634198650687,0.0250000003725,0,0.0
2014-06-01 00:14:00,38.229,0.0572191815395,0.0500000007451,0,0.0
2014-06-01 00:19:00,30.314,0.0572191815395,0.0,0,0.0
2014-06-01 00:24:00,31.284,0.0572191815395,0.0,0,0.0
2014-06-01 00:29:00,32.217,0.0572191815395,0.0,0,0.0
2014-06-01 00:34:00,30.002,0.0572191815395,0.0,0,0.0
2014-06-01 00:39:00,29.0,0.0572191815395,0.0,0,0.0
2014-06-01 00:44:00,30.786,0.0572191815395,0.0,0,0.0
2014-06-01 00:49:00,29.714,0.0572191815395,0.0,0,0.0
2014-06-01 00:54:00,30.167,0.0602676473158,0.0,0,0.0
2014-06-01 00:59:00,32.639,0.0634198650687,0.0,0,0.0
2014-06-01 01:04:00,44.499,0.0700398945309,0.0,0,0.0
2014-06-01 01:09:00,79.005,0.0700398945309,0.0,0,0.0
2014-06-01 01:14:00,38.323,0.0700398945309,0.0,0,0.0
2014-06-01 01:19:00,30.455,0.0700398945309,0.0,0,0.0
2014-06-01 01:24:00,30.086,0.0700398945309,0.0,0,0.0
2014-06-01 01:29:00,31.333,0.0700398945309,0.0,0,0.0
2014-06-01 01:34:00,29.474,0.0700398945309,0.0,0,0.0
2014-06-01 01:39:00,30.036,0.0700398945309,0.0,0,0.0
2014-06-01 01:44:00,31.633,0.0700398945309,0.0,0,0.0
2014-06-01 01:49:00,29.217,0.0700398945309,0.0,0,0.0
2014-06-01 01:54:00,29.999,0.0700398945309,0.0,0,0.0
2014-06-01 01:59:00,32.577,0.0700398945309,0.0,0,0.0
2014-06-01 02:04:00,44.718,0.0700398945309,0.0,0,0.0
2014-06-01 02:09:00,65.5,0.0700398945309,0.0,0,0.0
2014-06-01 02:14:00,38.17,0.0700398945309,0.0,0,0.0
2014-06-01 02:19:00,31.838,0.0700398945309,0.0,0,0.0
2014-06-01 02:24:00,30.271,0.0700398945309,0.0,0,0.0
2014-06-01 02:29:00,31.049,0.0700398945309,0.0,0,0.0
2014-06-01 02:34:00,30.436,0.0695541570597,0.0,0,0.0
2014-06-01 02:39:00,29.381,0.0695541570597,0.0,0,0.0
2014-06-01 02:44:00,31.172,0.0695541570597,0.0,0,0.0
2014-06-01 02:49:00,29.666,0.0695541570597,0.0,0,0.0
2014-06-01 02:54:00,29.84,0.0695541570597,0.0,0,0.0
2014-06-01 02:59:00,33.174,0.0695541570597,0.0,0,0.0
2014-06-01 03:04:00,44.502,0.0695541570597,0.0,0,0.0
2014-06-01 03:09:00,79.0,0.0695541570597,0.0,0,0.0
2014-06-01 03:14:00,38.488,0.0695541570597,0.0,0,0.0
2014-06-01 03:19:00,29.666,0.0695541570597,0.0,0,0.0
2014-06-01 03:24:00,34.163,0.0695541570597,0.0,0,0.0
2014-06-01 03:29:00,31.667,0.0695541570597,0.0,0,0.0
2014-06-01 03:34:00,30.287,0.0695541570597,0.0,0,0.0
2014-06-01 03:39:00,30.832,0.0695541570597,0.0,0,0.0
2014-06-01 03:44:00,30.714,0.0695541570597,0.0,0,0.0
2014-06-01 03:49:00,34.166,0.0695541570597,0.0,0,0.0
2014-06-01 03:54:00,29.669,0.0695541570597,0.0,0,0.0
2014-06-01 03:59:00,32.613,0.0695541570597,0.0,0,0.0
2014-06-01 04:04:00,44.714,0.0695541570597,0.0,0,0.0
2014-06-01 04:09:00,78.714,0.0695541570597,0.0,0,0.0
2014-06-01 04:14:00,44.672,0.0337802993428,0.324999988079,0,0.0
2014-06-01 04:19:00,30.792,0.0337802993428,0.0,0,0.0
2014-06-01 04:24:00,29.338,0.0337802993428,0.0,0,0.0
2014-06-01 04:29:00,31.215,0.0337802993428,0.0,0,0.0
2014-06-01 04:34:00,29.998,0.0337802993428,0.0,0,0.0
2014-06-01 04:39:00,30.009,0.0337802993428,0.0,0,0.0
2014-06-01 04:44:00,31.171,0.0337802993428,0.0,0,0.0
2014-06-01 04:49:00,30.668,0.0337802993428,0.0,0,0.0
2014-06-01 04:54:00,29.667,0.0337802993428,0.0,0,0.0
2014-06-01 04:59:00,33.351,0.0337802993428,0.0,0,0.0
2014-06-01 05:04:00,42.975,0.0509297498093,0.15000000596,0,0.0
2014-06-01 05:09:00,86.0,0.0492437281538,0.425000011921,0,0.0
2014-06-01 05:14:00,39.172,0.0674856855403,0.15000000596,0,0.0
2014-06-01 05:19:00,30.437,0.0674856855403,0.0,0,0.0
2014-06-01 05:24:00,30.317,0.0674856855403,0.0,0,0.0
2014-06-01 05:29:00,31.388,0.0674856855403,0.0,0,0.0
2014-06-01 05:34:00,29.618,0.0674856855403,0.0,0,0.0
2014-06-01 05:39:00,30.216,0.0674856855403,0.0,0,0.0
2014-06-01 05:44:00,30.785,0.0674856855403,0.0,0,0.0
2014-06-01 05:49:00,30.04,0.0674856855403,0.0,0,0.0
2014-06-01 05:54:00,29.286,0.0492437281538,0.0,0,0.0
2014-06-01 05:59:00,32.832,0.0481870047631,0.0250000003725,0,0.0
2014-06-01 06:04:00,43.715,0.0567201597974,0.0750000029802,0,0.0
2014-06-01 06:09:00,78.714,0.0520257601516,0.5,0,0.0
2014-06-01 06:14:00,44.841,0.106578060906,0.375,0,0.0
2014-06-01 06:19:00,30.1,0.106578060906,0.0,0,0.0
2014-06-01 06:24:00,29.713,0.106578060906,0.0,0,0.0
2014-06-01 06:29:00,31.12,0.106578060906,0.0,0,0.0
2014-06-01 06:34:00,29.835,0.106578060906,0.0,0,0.0
2014-06-01 06:39:00,30.38,0.106578060906,0.0,0,0.0
2014-06-01 06:44:00,31.666,0.106578060906,0.0,0,0.0
2014-06-01 06:49:00,30.166,0.102159161446,0.0,0,0.0
2014-06-01 06:54:00,29.838,0.0895919104885,0.0,0,0.0
2014-06-01 06:59:00,33.341,0.0304858572938,0.0,0,0.0
2014-06-01 07:04:00,45.495,0.0537737183666,0.125,0,0.0
2014-06-01 07:09:00,85.833,0.0481870053649,0.0500000007451,0,0.0
2014-06-01 07:14:00,38.213,0.0346126625777,0.25,0,0.0
2014-06-01 07:19:00,30.344,0.0346126625777,0.0,0,0.0
2014-06-01 07:24:00,30.382,0.0346126625777,0.0,0,0.0
2014-06-01 07:29:00,31.818,0.0346126625777,0.0,0,0.0
2014-06-01 07:34:00,29.984,0.0346126625777,0.0,0,0.0
2014-06-01 07:39:00,29.494,0.0346126625777,0.0,0,0.0
2014-06-01 07:44:00,31.121,0.0346126625777,0.0,0,0.0
2014-06-01 07:49:00,29.629,0.0346126625777,0.0,0,0.0
2014-06-01 07:54:00,30.543,0.0359445943588,0.0,0,0.0
2014-06-01 07:59:00,32.512,0.04055290792,0.0,0,0.0
2014-06-01 08:04:00,44.127,0.0695541570597,0.0,0,0.0
2014-06-01 08:09:00,78.833,0.0429999516338,0.22499999404,0,0.0
2014-06-01 08:14:00,45.107,0.0708956475968,0.524999976158,0,0.0
2014-06-01 08:19:00,29.718,0.0708956475968,0.0,0,0.0
2014-06-01 08:24:00,29.665,0.0708956475968,0.0,0,0.0
2014-06-01 08:29:00,31.512,0.0708956475968,0.0,0,0.0
2014-06-01 08:34:00,30.5,0.0708956475968,0.0,0,0.0
2014-06-01 08:39:00,29.781,0.0708956475968,0.0,0,0.0
2014-06-01 08:44:00,31.998,0.0708956475968,0.0,0,0.0
2014-06-01 08:49:00,29.499,0.0708956475968,0.0,0,0.0
2014-06-01 08:54:00,29.716,0.0708956475968,0.0,0,0.0
2014-06-01 08:59:00,33.809,0.0439796425886,0.0,0,0.0
2014-06-01 09:04:00,43.499,0.0537737183666,0.125,0,0.0
2014-06-01 09:09:00,78.787,0.0325041874036,0.27500000596,0,0.0
2014-06-01 09:14:00,44.883,0.0936668567304,0.5,0,0.0
2014-06-01 09:19:00,30.498,0.0936668567304,0.0,0,0.0
2014-06-01 09:24:00,30.288,0.0936668567304,0.0,0,0.0
2014-06-01 09:29:00,31.004,0.0936668567304,0.0,0,0.0
2014-06-01 09:34:00,30.001,0.0936668567304,0.0,0,0.0
2014-06-01 09:39:00,29.714,0.0936668567304,0.0,0,0.0
2014-06-01 09:44:00,31.0,0.0936668567304,0.0,0,0.0
2014-06-01 09:49:00,30.168,0.0936668567304,0.0,0,0.0
2014-06-01 09:54:00,29.481,0.0744141026773,0.0,0,0.0
2014-06-01 09:59:00,32.443,0.0414949004911,0.0,0,0.0
2014-06-01 10:04:00,44.002,0.0537737183666,0.125,0,0.0
2014-06-01 10:09:00,85.833,0.0304858572938,0.25,0,0.0
2014-06-01 10:14:00,38.95,0.0609870466113,0.300000011921,0,0.0
2014-06-01 10:19:00,30.553,0.0609870466113,0.0,0,0.0
2014-06-01 10:24:00,30.651,0.0609870466113,0.0,0,0.0
2014-06-01 10:29:00,31.77,0.0609870466113,0.0,0,0.0
2014-06-01 10:34:00,29.451,0.0609870466113,0.0,0,0.0
2014-06-01 10:39:00,29.712,0.0609870466113,0.0,0,0.0
2014-06-01 10:44:00,31.006,0.0609870466113,0.0,0,0.0
2014-06-01 10:49:00,30.131,0.0609870466113,0.0,0,0.0
2014-06-01 10:54:00,29.667,0.046424015668,0.0,0,0.0
2014-06-01 10:59:00,32.613,0.0361473746716,0.0,0,0.0
2014-06-01 11:04:00,44.333,0.066632918302,0.0250000003725,0,0.0
2014-06-01 11:09:00,65.0,0.066632918302,0.0,0,0.0
2014-06-01 11:14:00,45.202,0.0344577044976,0.40000000596,0,0.0
2014-06-01 11:19:00,30.195,0.0344577044976,0.0,0,0.0
2014-06-01 11:24:00,29.872,0.0344577044976,0.0,0,0.0
2014-06-01 11:29:00,31.119,0.0344577044976,0.0,0,0.0
2014-06-01 11:34:00,29.667,0.0344577044976,0.0,0,0.0
2014-06-01 11:39:00,29.603,0.0344577044976,0.0,0,0.0
2014-06-01 11:44:00,31.069,0.0344577044976,0.0,0,0.0
2014-06-01 11:49:00,29.379,0.0344577044976,0.0,0,0.0
2014-06-01 11:54:00,30.499,0.0323477514034,0.0,0,0.0
2014-06-01 11:59:00,32.832,0.0323477514034,0.0,0,0.0
2014-06-01 12:04:00,44.166,0.048486712544,0.17499999702,0,0.0
2014-06-01 12:09:00,78.784,0.032347750173,0.22499999404,0,0.0
2014-06-01 12:14:00,45.384,0.0640886269992,0.300000011921,0,0.0
2014-06-01 12:19:00,30.165,0.0640886269992,0.0,0,0.0
2014-06-01 12:24:00,30.166,0.0640886269992,0.0,0,0.0
2014-06-01 12:29:00,32.12,0.0640886269992,0.0,0,0.0
2014-06-01 12:34:00,30.217,0.0640886269992,0.0,0,0.0
2014-06-01 12:39:00,29.951,0.0640886269992,0.0,0,0.0
2014-06-01 12:44:00,30.386,0.0640886269992,0.0,0,0.0
2014-06-01 12:49:00,29.663,0.0640886269992,0.0,0,0.0
2014-06-01 12:54:00,30.501,0.0438368316872,0.0,0,0.0
2014-06-01 12:59:00,33.165,0.0361473746716,0.0,0,0.0
2014-06-01 13:04:00,43.999,0.0458226943981,0.20000000298,0,0.0
2014-06-01 13:09:00,85.951,0.0323477514034,0.20000000298,0,0.0
2014-06-01 13:14:00,44.836,0.0547897837585,0.22499999404,0,0.0
2014-06-01 13:19:00,30.34,0.0547897837585,0.0,0,0.0
2014-06-01 13:24:00,30.165,0.0547897837585,0.0,0,0.0
2014-06-01 13:29:00,31.617,0.0547897837585,0.0,0,0.0
2014-06-01 13:34:00,30.05,0.0547897837585,0.0,0,0.0
2014-06-01 13:39:00,30.5,0.0547897837585,0.0,0,0.0
2014-06-01 13:44:00,31.657,0.0547897837585,0.0,0,0.0
2014-06-01 13:49:00,29.12,0.0547897837585,0.0,0,0.0
2014-06-01 13:54:00,30.607,0.0344577036944,0.0,0,0.0
2014-06-01 13:59:00,32.429,0.0407917630038,0.0250000003725,0,0.0
2014-06-01 14:04:00,45.264,0.0633450756289,0.0250000003725,0,0.0
2014-06-01 14:09:00,85.884,0.0407917621031,0.20000000298,0,0.0
2014-06-01 14:14:00,44.613,0.0366600241642,0.20000000298,0,0.0
2014-06-01 14:19:00,30.222,0.0366600241642,0.0,0,0.0
2014-06-01 14:24:00,29.503,0.0366600241642,0.0,0,0.0
2014-06-01 14:29:00,31.28,0.0366600241642,0.0,0,0.0
2014-06-01 14:34:00,30.667,0.0366600241642,0.0,0,0.0
2014-06-01 14:39:00,29.853,0.0366600241642,0.0,0,0.0
2014-06-01 14:44:00,31.292,0.0366600241642,0.0,0,0.0
2014-06-01 14:49:00,30.333,0.0344577044976,0.0,0,0.0
2014-06-01 14:54:00,29.713,0.0344577044976,0.0250000003725,0,0.0
2014-06-01 14:59:00,33.849,0.0407917621031,0.0250000003725,0,0.0
2014-06-01 15:04:00,44.667,0.0601641713476,0.0250000003725,0,0.0
2014-06-01 15:09:00,78.833,0.0458226945929,0.125,0,0.0
2014-06-01 15:14:00,37.999,0.0432581785944,0.0250000003725,0,0.0
2014-06-01 15:19:00,30.496,0.0407917622832,0.0250000003725,0,0.0
2014-06-01 15:24:00,30.971,0.0384219947974,0.0250000003725,0,0.0
2014-06-01 15:29:00,31.647,0.0361473755014,0.0250000003725,0,0.0
2014-06-01 15:34:00,29.541,0.0339663533369,0.0250000003725,0,0.0
2014-06-01 15:39:00,30.503,0.0318773263145,0.0250000003725,0,0.0
2014-06-01 15:44:00,30.665,0.0318773263145,0.0250000003725,0,0.0
2014-06-01 15:49:00,29.667,0.0318773263145,0.0250000003725,0,0.0
2014-06-01 15:54:00,29.62,0.0318773263145,0.0250000003725,0,0.0
2014-06-01 15:59:00,33.388,0.0407917621031,0.0250000003725,0,0.0
2014-06-01 16:04:00,45.84,0.043258178407,0.0,0,0.0
2014-06-01 16:09:00,79.002,0.043258178407,0.0250000003725,0,0.0
2014-06-01 16:14:00,46.424,0.0303285229388,0.17499999702,0,0.0
2014-06-01 16:19:00,29.408,0.031877326619,0.0,0,0.0
2014-06-01 16:24:00,29.62,0.033966353655,0.0,0,0.0
2014-06-01 16:29:00,31.164,0.0361473758334,0.0,0,0.0
2014-06-01 16:34:00,29.713,0.0361473758334,0.0250000003725,0,0.0
2014-06-01 16:39:00,30.334,0.0384219951434,0.0,0,0.0
2014-06-01 16:44:00,32.0,0.0407917626435,0.0,0,0.0
2014-06-01 16:49:00,29.333,0.0432581789692,0.0,0,0.0
2014-06-01 16:54:00,29.665,0.0432581789692,0.0,0,0.0
2014-06-01 16:59:00,34.004,0.0458226949824,0.0,0,0.0
2014-06-01 17:04:00,43.5,0.066632918302,0.0,0,0.0
2014-06-01 17:09:00,86.048,0.0407917630038,0.22499999404,0,0.0
2014-06-01 17:14:00,44.947,0.0366600233264,0.20000000298,0,0.0
2014-06-01 17:19:00,31.599,0.0389562998177,0.0250000003725,0,0.0
2014-06-01 17:24:00,28.861,0.0366600233264,0.0,0,0.0
2014-06-01 17:29:00,30.165,0.0366600233264,0.0,0,0.0
2014-06-01 17:34:00,30.421,0.0366600233264,0.0,0,0.0
2014-06-01 17:39:00,30.161,0.0366600233264,0.0,0,0.0
2014-06-01 17:44:00,31.012,0.0366600233264,0.0,0,0.0
2014-06-01 17:49:00,29.877,0.0366600233264,0.0,0,0.0
2014-06-01 17:54:00,29.998,0.0366600233264,0.0,0,0.0
2014-06-01 17:59:00,33.018,0.043258178407,0.0,0,0.0
2014-06-01 18:04:00,44.617,0.066632918302,0.0,0,0.0
2014-06-01 18:09:00,85.951,0.043258179344,0.22499999404,0,0.0
2014-06-01 18:14:00,44.896,0.0366600224885,0.22499999404,0,0.0
2014-06-01 18:19:00,30.832,0.0366600224885,0.0,0,0.0
2014-06-01 18:24:00,30.105,0.0366600224885,0.0,0,0.0
2014-06-01 18:29:00,31.952,0.0366600224885,0.0,0,0.0
2014-06-01 18:34:00,30.001,0.0366600224885,0.0,0,0.0
2014-06-01 18:39:00,31.546,0.0366600224885,0.0,0,0.0
2014-06-01 18:44:00,29.947,0.0366600224885,0.0,0,0.0
2014-06-01 18:49:00,31.992,0.0366600224885,0.0,0,0.0
2014-06-01 18:54:00,28.498,0.0366600224885,0.0,0,0.0
2014-06-01 18:59:00,32.422,0.043258179344,0.0,0,0.0
2014-06-01 19:04:00,44.616,0.0700287868916,0.0,0,0.0
2014-06-01 19:09:00,78.789,0.0700287868916,0.0,0,0.0
2014-06-01 19:14:00,45.3,0.0574032973463,0.10000000149,0,0.0
2014-06-01 19:19:00,31.921,0.0574032973463,0.0,0,0.0
2014-06-01 19:24:00,28.687,0.0574032973463,0.0,0,0.0
2014-06-01 19:29:00,31.636,0.0574032973463,0.0,0,0.0
2014-06-01 19:34:00,29.669,0.0574032973463,0.0,0,0.0
2014-06-01 19:39:00,30.052,0.0574032973463,0.0,0,0.0
2014-06-01 19:44:00,31.336,0.0574032973463,0.0,0,0.0
2014-06-01 19:49:00,29.29,0.0574032973463,0.0,0,0.0
2014-06-01 19:54:00,30.696,0.0574032973463,0.0,0,0.0
2014-06-01 19:59:00,31.498,0.0574032973463,0.0,0,0.0
2014-06-01 20:04:00,44.51,0.0670659119235,0.0250000003725,0,0.0
2014-06-01 20:09:00,86.218,0.0340244000211,0.300000011921,0,0.0
2014-06-01 20:14:00,44.965,0.0390123171801,0.15000000596,0,0.0
2014-06-01 20:19:00,31.504,0.0390123171801,0.0,0,0.0
2014-06-01 20:24:00,29.788,0.0390123171801,0.0,0,0.0
2014-06-01 20:29:00,31.88,0.0390123171801,0.0,0,0.0
2014-06-01 20:34:00,30.307,0.0390123171801,0.0,0,0.0
2014-06-01 20:39:00,30.178,0.0390123171801,0.0,0,0.0
2014-06-01 20:44:00,30.999,0.0390123171801,0.0,0,0.0
2014-06-01 20:49:00,29.999,0.0390123171801,0.0,0,0.0
2014-06-01 20:54:00,29.667,0.0366946206988,0.0,0,0.0
2014-06-01 20:59:00,34.287,0.0514962348576,0.0,0,0.0
2014-06-01 21:04:00,43.17,0.0705053136722,0.0,0,0.0
2014-06-01 21:09:00,85.951,0.0637365226082,0.0500000007451,0,0.0
2014-06-01 21:14:00,44.716,0.0385247112245,0.22499999404,0,0.0
2014-06-01 21:19:00,30.326,0.0385247112245,0.0,0,0.0
2014-06-01 21:24:00,29.67,0.0385247112245,0.0,0,0.0
2014-06-01 21:29:00,30.826,0.0385247112245,0.0,0,0.0
2014-06-01 21:34:00,29.786,0.0385247112245,0.0,0,0.0
2014-06-01 21:39:00,29.504,0.0385247112245,0.0,0,0.0
2014-06-01 21:44:00,31.674,0.0385247112245,0.0,0,0.0
2014-06-01 21:49:00,30.011,0.0385247112245,0.0,0,0.0
2014-06-01 21:54:00,29.659,0.0385247112245,0.0,0,0.0
2014-06-01 21:59:00,33.629,0.0434123412004,0.0,0,0.0
2014-06-01 22:04:00,44.831,0.0605160351854,0.0750000029802,0,0.0
2014-06-01 22:09:00,79.0,0.0574032971184,0.0250000003725,0,0.0
2014-06-01 22:14:00,46.005,0.0362269282568,0.20000000298,0,0.0
2014-06-01 22:19:00,30.001,0.0362269282568,0.0,0,0.0
2014-06-01 22:24:00,29.618,0.0362269282568,0.0,0,0.0
2014-06-01 22:29:00,31.148,0.0362269282568,0.0,0,0.0
2014-06-01 22:34:00,29.547,0.0362269282568,0.0,0,0.0
2014-06-01 22:39:00,29.717,0.0362269282568,0.0,0,0.0
2014-06-01 22:44:00,31.115,0.0362269282568,0.0,0,0.0
2014-06-01 22:49:00,29.999,0.0362269282568,0.0,0,0.0
2014-06-01 22:54:00,29.667,0.0434123402532,0.0,0,0.0
2014-06-01 22:59:00,33.299,0.046005210355,0.0,0,0.0
2014-06-01 23:04:00,44.384,0.0605160351854,0.0750000029802,0,0.0
2014-06-01 23:09:00,86.334,0.0514962348576,0.0750000029802,0,0.0
2014-06-01 23:14:00,45.501,0.0414271772336,0.34999999404,0,0.0
2014-06-01 23:19:00,30.333,0.0414271772336,0.0,0,0.0
2014-06-01 23:24:00,30.002,0.0414271772336,0.0,0,0.0
2014-06-01 23:29:00,31.275,0.0414271772336,0.0,0,0.0
2014-06-01 23:34:00,30.216,0.0414271772336,0.0,0,0.0
2014-06-01 23:39:00,31.503,0.0414271772336,0.0,0,0.0
2014-06-01 23:44:00,30.999,0.0414271772336,0.0,0,0.0
2014-06-01 23:49:00,29.987,0.0414271772336,0.0,0,0.0
2014-06-01 23:54:00,29.95,0.0344725097602,0.0,0,0.0
2014-06-01 23:59:00,31.812,0.0319154863974,0.0,0,0.0
2014-06-02 00:04:00,45.654,0.0514962348576,0.15000000596,0,0.0
2014-06-02 00:09:00,85.784,0.0486993799605,0.0250000003725,0,0.0
2014-06-02 00:14:00,46.646,0.0434123398743,0.0500000007451,0,0.0
2014-06-02 00:19:00,29.837,0.0434123398743,0.0,0,0.0
2014-06-02 00:24:00,31.169,0.0434123398743,0.0,0,0.0
2014-06-02 00:29:00,31.887,0.0434123398743,0.0,0,0.0
2014-06-02 00:34:00,29.999,0.0434123398743,0.0,0,0.0
2014-06-02 00:39:00,31.499,0.0434123398743,0.0,0,0.0
2014-06-02 00:44:00,29.784,0.0434123398743,0.0,0,0.0
2014-06-02 00:49:00,30.547,0.0434123398743,0.0,0,0.0
2014-06-02 00:54:00,30.0,0.0605160354213,0.0,0,0.0
2014-06-02 00:59:00,32.817,0.0637365226082,0.0,0,0.0
2014-06-02 01:04:00,44.785,0.0670659119235,0.0250000003725,0,0.0
2014-06-02 01:09:00,65.0,0.0385247107002,0.25,0,0.0
2014-06-02 01:14:00,45.214,0.0465544507059,0.27500000596,0,0.0
2014-06-02 01:19:00,30.287,0.0465544507059,0.0,0,0.0
2014-06-02 01:24:00,30.501,0.0465544507059,0.0,0,0.0
2014-06-02 01:29:00,32.05,0.0465544507059,0.0,0,0.0
2014-06-02 01:34:00,30.668,0.0465544507059,0.0,0,0.0
2014-06-02 01:39:00,29.989,0.0465544507059,0.0,0,0.0
2014-06-02 01:44:00,31.294,0.0465544507059,0.0,0,0.0
2014-06-02 01:49:00,29.832,0.0465544507059,0.0,0,0.0
2014-06-02 01:54:00,29.659,0.0439407311087,0.0,0,0.0
2014-06-02 01:59:00,33.002,0.0385247101758,0.0,0,0.0
2014-06-02 02:04:00,44.698,0.0670659119235,0.0250000003725,0,0.0
2014-06-02 02:09:00,85.833,0.0637365226082,0.0250000003725,0,0.0
2014-06-02 02:14:00,44.55,0.0574032973463,0.0500000007451,0,0.0
2014-06-02 02:19:00,30.168,0.0574032973463,0.0,0,0.0
2014-06-02 02:24:00,30.493,0.0574032973463,0.0,0,0.0
2014-06-02 02:29:00,32.955,0.0574032973463,0.0,0,0.0
2014-06-02 02:34:00,29.817,0.0574032973463,0.0,0,0.0
2014-06-02 02:39:00,30.003,0.0574032973463,0.0,0,0.0
2014-06-02 02:44:00,32.665,0.0574032973463,0.0,0,0.0
2014-06-02 02:49:00,29.287,0.0574032973463,0.0,0,0.0
2014-06-02 02:54:00,32.025,0.0605160354213,0.0,0,0.0
2014-06-02 02:59:00,32.831,0.0637365226082,0.0,0,0.0
2014-06-02 03:04:00,45.982,0.0670659119235,0.0250000003725,0,0.0
2014-06-02 03:09:00,86.002,0.0637365226082,0.0250000003725,0,0.0
2014-06-02 03:14:00,45.109,0.0574032973463,0.0500000007451,0,0.0
2014-06-02 03:19:00,30.045,0.0574032973463,0.0,0,0.0
2014-06-02 03:24:00,30.823,0.0574032973463,0.0,0,0.0
2014-06-02 03:29:00,31.944,0.0574032973463,0.0,0,0.0
2014-06-02 03:34:00,30.048,0.0573819350488,0.0,0,0.0
2014-06-02 03:39:00,38.055,0.0543538421982,0.0250000003725,0,0.0
2014-06-02 03:44:00,31.444,0.0543538421982,0.0,0,0.0
2014-06-02 03:49:00,29.001,0.0514326622212,0.0250000003725,0,0.0
2014-06-02 03:54:00,30.504,0.0543538421982,0.0,0,0.0
2014-06-02 03:59:00,32.981,0.0573819350488,0.0,0,0.0
2014-06-02 04:04:00,43.715,0.063763898952,0.0,0,0.0
2014-06-02 04:09:00,85.833,0.063763898952,0.0,0,0.0
2014-06-02 04:14:00,44.692,0.063763898952,0.0,0,0.0
2014-06-02 04:19:00,29.901,0.063763898952,0.0,0,0.0
2014-06-02 04:24:00,29.833,0.063763898952,0.0,0,0.0
2014-06-02 04:29:00,33.053,0.067120174471,0.0,0,0.0
2014-06-02 04:34:00,30.283,0.067120174471,0.0,0,0.0
2014-06-02 04:39:00,30.55,0.0705881744187,0.0,0,0.0
2014-06-02 04:44:00,30.832,0.0705881744187,0.0,0,0.0
2014-06-02 04:49:00,29.619,0.0705881744187,0.0,0,0.0
2014-06-02 04:54:00,30.053,0.0705881744187,0.0,0,0.0
2014-06-02 04:59:00,33.14,0.0705881744187,0.0,0,0.0
2014-06-02 05:04:00,44.834,0.0705881744187,0.0,0,0.0
2014-06-02 05:09:00,86.053,0.0705881744187,0.0,0,0.0
2014-06-02 05:14:00,45.524,0.0705881744187,0.0,0,0.0
2014-06-02 05:19:00,30.338,0.0705881744187,0.0,0,0.0
2014-06-02 05:24:00,30.049,0.0705881744187,0.0,0,0.0
2014-06-02 05:29:00,31.461,0.0705881744187,0.0,0,0.0
2014-06-02 05:34:00,30.05,0.0705881744187,0.0,0,0.0
2014-06-02 05:39:00,30.167,0.0705881744187,0.0,0,0.0
2014-06-02 05:44:00,32.333,0.0705881744187,0.0,0,0.0
2014-06-02 05:49:00,29.331,0.0705881744187,0.0,0,0.0
2014-06-02 05:54:00,29.788,0.0705881744187,0.0,0,0.0
2014-06-02 05:59:00,33.069,0.0705881744187,0.0,0,0.0
2014-06-02 06:04:00,44.336,0.0705881744187,0.0,0,0.0
2014-06-02 06:09:00,86.051,0.0705881744187,0.0,0,0.0
2014-06-02 06:14:00,45.455,0.0705881744187,0.0,0,0.0
2014-06-02 06:19:00,30.659,0.0705881744187,0.0,0,0.0
2014-06-02 06:24:00,30.829,0.0705881744187,0.0,0,0.0
2014-06-02 06:29:00,30.486,0.0705881744187,0.0,0,0.0
2014-06-02 06:34:00,29.209,0.0705881744187,0.0,0,0.0
2014-06-02 06:39:00,30.173,0.0705881744187,0.0,0,0.0
2014-06-02 06:44:00,31.832,0.0705881744187,0.0,0,0.0
2014-06-02 06:49:00,30.17,0.0705881744187,0.0,0,0.0
2014-06-02 06:54:00,29.787,0.0705881744187,0.0,0,0.0
2014-06-02 06:59:00,32.951,0.0705881744187,0.0,0,0.0
2014-06-02 07:04:00,44.386,0.0705881744187,0.0,0,0.0
2014-06-02 07:09:00,79.118,0.0705881744187,0.0,0,0.0
2014-06-02 07:14:00,45.008,0.0459057139354,0.20000000298,0,0.0
2014-06-02 07:19:00,30.717,0.0459057139354,0.0,0,0.0
2014-06-02 07:24:00,30.004,0.0459057139354,0.0,0,0.0
2014-06-02 07:29:00,31.492,0.0459057139354,0.0,0,0.0
2014-06-02 07:34:00,29.839,0.0459057139354,0.0,0,0.0
2014-06-02 07:39:00,29.499,0.0459057139354,0.0,0,0.0
2014-06-02 07:44:00,31.052,0.0459057139354,0.0,0,0.0
2014-06-02 07:49:00,29.917,0.0459057139354,0.0,0,0.0
2014-06-02 07:54:00,30.121,0.0459057139354,0.0,0,0.0
2014-06-02 07:59:00,32.773,0.0459057139354,0.0,0,0.0
2014-06-02 08:04:00,44.382,0.0705881744187,0.0,0,0.0
2014-06-02 08:09:00,85.784,0.0705881744187,0.0,0,0.0
2014-06-02 08:14:00,44.714,0.038382532128,0.27500000596,0,0.0
2014-06-02 08:19:00,30.668,0.038382532128,0.0,0,0.0
2014-06-02 08:24:00,30.835,0.038382532128,0.0,0,0.0
2014-06-02 08:29:00,30.905,0.038382532128,0.0,0,0.0
2014-06-02 08:34:00,30.645,0.038382532128,0.0,0,0.0
2014-06-02 08:39:00,28.793,0.038382532128,0.0,0,0.0
2014-06-02 08:44:00,32.214,0.038382532128,0.0,0,0.0
2014-06-02 08:49:00,28.784,0.038382532128,0.0,0,0.0
2014-06-02 08:54:00,30.002,0.038382532128,0.0,0,0.0
2014-06-02 08:59:00,32.833,0.038382532128,0.0,0,0.0
2014-06-02 09:04:00,45.313,0.067120174471,0.0250000003725,0,0.0
2014-06-02 09:09:00,85.787,0.067120174471,0.0,0,0.0
2014-06-02 09:14:00,44.719,0.0383825326551,0.25,0,0.0
2014-06-02 09:19:00,29.804,0.0383825326551,0.0,0,0.0
2014-06-02 09:24:00,29.788,0.0383825326551,0.0,0,0.0
2014-06-02 09:29:00,31.702,0.0383825326551,0.0,0,0.0
2014-06-02 09:34:00,29.166,0.0383825326551,0.0,0,0.0
2014-06-02 09:39:00,30.164,0.0383825326551,0.0,0,0.0
2014-06-02 09:44:00,31.0,0.0383825326551,0.0,0,0.0
2014-06-02 09:49:00,29.833,0.0383825326551,0.0,0,0.0
2014-06-02 09:54:00,30.12,0.0407899388556,0.0,0,0.0
2014-06-02 09:59:00,32.996,0.0407899388556,0.0,0,0.0
2014-06-02 10:04:00,44.172,0.0705881744187,0.0,0,0.0
2014-06-02 10:09:00,65.119,0.038382532128,0.27500000596,0,0.0
2014-06-02 10:14:00,44.889,0.0755842847426,0.5,0,0.0
2014-06-02 10:19:00,29.777,0.0755842847426,0.0,0,0.0
2014-06-02 10:24:00,30.714,0.0755842847426,0.0,0,0.0
2014-06-02 10:29:00,30.891,0.0755842847426,0.0,0,0.0
2014-06-02 10:34:00,29.759,0.0755842847426,0.0,0,0.0
2014-06-02 10:39:00,30.45,0.0755842847426,0.0,0,0.0
2014-06-02 10:44:00,30.767,0.0755842847426,0.0,0,0.0
2014-06-02 10:49:00,29.781,0.0755842847426,0.0,0,0.0
2014-06-02 10:54:00,29.786,0.0755842847426,0.0,0,0.0
2014-06-02 10:59:00,32.551,0.0417476388817,0.0,0,0.0
2014-06-02 11:04:00,44.983,0.067120174471,0.0250000003725,0,0.0
2014-06-02 11:09:00,85.666,0.067120174471,0.0,0,0.0
2014-06-02 11:14:00,44.879,0.0383825326551,0.25,0,0.0
2014-06-02 11:19:00,29.957,0.0383825326551,0.0,0,0.0
2014-06-02 11:24:00,30.051,0.0383825326551,0.0,0,0.0
2014-06-02 11:29:00,30.977,0.0383825326551,0.0,0,0.0
2014-06-02 11:34:00,30.001,0.0383825326551,0.0,0,0.0
2014-06-02 11:39:00,29.889,0.0383825326551,0.0,0,0.0
2014-06-02 11:44:00,30.88,0.0383825326551,0.0,0,0.0
2014-06-02 11:49:00,29.952,0.0383825326551,0.0,0,0.0
2014-06-02 11:54:00,29.715,0.0405049274724,0.0,0,0.0
2014-06-02 11:59:00,33.666,0.0405049274724,0.0,0,0.0
2014-06-02 12:04:00,44.787,0.0703696829978,0.0,0,0.0
2014-06-02 12:09:00,85.833,0.0703696829978,0.0,0,0.0
2014-06-02 12:14:00,46.282,0.0703696829978,0.0,0,0.0
2014-06-02 12:19:00,29.668,0.0703696829978,0.0,0,0.0
2014-06-02 12:24:00,30.041,0.0703696829978,0.0,0,0.0
2014-06-02 12:29:00,31.286,0.0703696829978,0.0,0,0.0
2014-06-02 12:34:00,31.383,0.0668901907345,0.0250000003725,0,0.0
2014-06-02 12:39:00,29.601,0.0668901907345,0.0,0,0.0
2014-06-02 12:44:00,30.668,0.0668901907345,0.0,0,0.0
2014-06-02 12:49:00,30.217,0.0668901907345,0.0,0,0.0
2014-06-02 12:54:00,30.156,0.0668901907345,0.0,0,0.0
2014-06-02 12:59:00,33.001,0.0668901907345,0.0,0,0.0
2014-06-02 13:04:00,44.507,0.0668901907345,0.0,0,0.0
2014-06-02 13:09:00,92.833,0.0483412508022,0.15000000596,0,0.0
2014-06-02 13:14:00,44.952,0.0335747231479,0.15000000596,0,0.0
2014-06-02 13:19:00,30.679,0.0335747231479,0.0,0,0.0
2014-06-02 13:24:00,30.495,0.0357867907472,0.0,0,0.0
2014-06-02 13:29:00,31.333,0.0357867907472,0.0,0,0.0
2014-06-02 13:34:00,30.006,0.0357867907472,0.0,0,0.0
2014-06-02 13:39:00,30.089,0.0357867907472,0.0,0,0.0
2014-06-02 13:44:00,31.798,0.0357867907472,0.0,0,0.0
2014-06-02 13:49:00,30.34,0.0357867907472,0.0,0,0.0
2014-06-02 13:54:00,30.166,0.0357867907472,0.0,0,0.0
2014-06-02 13:59:00,33.784,0.051161845154,0.0,0,0.0
2014-06-02 14:04:00,44.55,0.0703696829978,0.0,0,0.0
2014-06-02 14:09:00,85.833,0.0668901907345,0.0250000003725,0,0.0
2014-06-02 14:14:00,52.453,0.0456258742419,0.17499999702,0,0.0
2014-06-02 14:19:00,29.884,0.0456258742419,0.0,0,0.0
2014-06-02 14:24:00,29.784,0.0456258742419,0.0,0,0.0
2014-06-02 14:29:00,32.142,0.0456258742419,0.0,0,0.0
2014-06-02 14:34:00,29.735,0.0456258742419,0.0,0,0.0
2014-06-02 14:39:00,29.45,0.0456258742419,0.0,0,0.0
2014-06-02 14:44:00,31.506,0.0456258742419,0.0,0,0.0
2014-06-02 14:49:00,30.475,0.0456258742419,0.0,0,0.0
2014-06-02 14:54:00,29.708,0.0456258742419,0.0,0,0.0
2014-06-02 14:59:00,33.3,0.0483412518332,0.0,0,0.0
2014-06-02 15:04:00,44.12,0.0703696829978,0.0,0,0.0
2014-06-02 15:09:00,86.051,0.0668901907345,0.0250000003725,0,0.0
2014-06-02 15:14:00,46.506,0.0430142655584,0.20000000298,0,0.0
2014-06-02 15:19:00,30.104,0.0430142655584,0.0,0,0.0
2014-06-02 15:24:00,29.836,0.0430142655584,0.0,0,0.0
2014-06-02 15:29:00,32.045,0.0430142655584,0.0,0,0.0
2014-06-02 15:34:00,29.78,0.0430142655584,0.0,0,0.0
2014-06-02 15:39:00,30.386,0.0430142655584,0.0,0,0.0
2014-06-02 15:44:00,31.784,0.0430142655584,0.0,0,0.0
2014-06-02 15:49:00,30.167,0.0430142655584,0.0,0,0.0
2014-06-02 15:54:00,30.05,0.0430142655584,0.0,0,0.0
2014-06-02 15:59:00,33.334,0.0456258736466,0.0,0,0.0
2014-06-02 16:04:00,45.121,0.0703696829978,0.0,0,0.0
2014-06-02 16:09:00,92.833,0.051161845154,0.15000000596,0,0.0
2014-06-02 16:14:00,51.048,0.0314583834581,0.20000000298,0,0.0
2014-06-02 16:19:00,29.859,0.0314583834581,0.0,0,0.0
2014-06-02 16:24:00,30.07,0.0314583834581,0.0,0,0.0
2014-06-02 16:29:00,31.722,0.0314583834581,0.0,0,0.0
2014-06-02 16:34:00,30.283,0.0314583834581,0.0,0,0.0
2014-06-02 16:39:00,29.832,0.0314583834581,0.0,0,0.0
2014-06-02 16:44:00,31.175,0.0314583834581,0.0,0,0.0
2014-06-02 16:49:00,30.214,0.0314583834581,0.0,0,0.0
2014-06-02 16:54:00,29.664,0.0314583834581,0.0,0,0.0
2014-06-02 16:59:00,34.508,0.0456258736466,0.0,0,0.0
2014-06-02 17:04:00,43.117,0.0703696829978,0.0,0,0.0
2014-06-02 17:09:00,92.833,0.057124217894,0.10000000149,0,0.0
2014-06-02 17:14:00,52.166,0.0314583840747,0.25,0,0.0
2014-06-02 17:19:00,30.151,0.0314583840747,0.0,0,0.0
2014-06-02 17:24:00,29.052,0.0314583840747,0.0,0,0.0
2014-06-02 17:29:00,31.5,0.0314583840747,0.0,0,0.0
2014-06-02 17:34:00,29.999,0.0314583840747,0.0,0,0.0
2014-06-02 17:39:00,29.957,0.0314583840747,0.0,0,0.0
2014-06-02 17:44:00,31.223,0.0314583840747,0.0,0,0.0
2014-06-02 17:49:00,30.5,0.0314583840747,0.0,0,0.0
2014-06-02 17:54:00,29.838,0.0314583840747,0.0,0,0.0
2014-06-02 17:59:00,34.763,0.0405049274724,0.0,0,0.0
2014-06-02 18:04:00,43.702,0.0703696829978,0.0,0,0.0
2014-06-02 18:09:00,86.451,0.0703696829978,0.0,0,0.0
2014-06-02 18:14:00,46.88,0.0668901907345,0.0250000003725,0,0.0
2014-06-02 18:19:00,29.043,0.0668901907345,0.0,0,0.0
2014-06-02 18:24:00,30.598,0.0668901907345,0.0,0,0.0
2014-06-02 18:29:00,30.508,0.0668901907345,0.0,0,0.0
2014-06-02 18:34:00,30.453,0.0668901907345,0.0,0,0.0
2014-06-02 18:39:00,30.548,0.0668901907345,0.0,0,0.0
2014-06-02 18:44:00,31.288,0.0668901907345,0.0,0,0.0
2014-06-02 18:49:00,29.878,0.0668901907345,0.0,0,0.0
2014-06-02 18:54:00,30.117,0.0668901907345,0.0,0,0.0
2014-06-02 18:59:00,32.991,0.0668901907345,0.0,0,0.0
2014-06-02 19:04:00,44.551,0.0703696829978,0.0,0,0.0
2014-06-02 19:09:00,85.833,0.0703696829978,0.0,0,0.0
2014-06-02 19:14:00,52.214,0.0483412518332,0.17499999702,0,0.0
2014-06-02 19:19:00,29.991,0.0483412518332,0.0,0,0.0
2014-06-02 19:24:00,30.56,0.0483412518332,0.0,0,0.0
2014-06-02 19:29:00,31.588,0.0483412518332,0.0,0,0.0
2014-06-02 19:34:00,30.449,0.0483412518332,0.0,0,0.0
2014-06-02 19:39:00,30.837,0.0483412518332,0.0,0,0.0
2014-06-02 19:44:00,32.212,0.0483412518332,0.0,0,0.0
2014-06-02 19:49:00,30.45,0.0483412518332,0.0,0,0.0
2014-06-02 19:54:00,30.715,0.0483412518332,0.0,0,0.0
2014-06-02 19:59:00,32.386,0.0483412518332,0.0,0,0.0
2014-06-02 20:04:00,44.48,0.0668901907345,0.0250000003725,0,0.0
2014-06-02 20:09:00,86.387,0.0668901907345,0.0,0,0.0
2014-06-02 20:14:00,52.573,0.066696985381,0.0,0,0.0
2014-06-02 20:19:00,30.217,0.066696985381,0.0,0,0.0
2014-06-02 20:24:00,30.286,0.066696985381,0.0,0,0.0
2014-06-02 20:29:00,32.027,0.066696985381,0.0,0,0.0
2014-06-02 20:34:00,30.175,0.066696985381,0.0,0,0.0
2014-06-02 20:39:00,30.785,0.066696985381,0.0,0,0.0
2014-06-02 20:44:00,31.38,0.066696985381,0.0,0,0.0
2014-06-02 20:49:00,30.126,0.066696985381,0.0,0,0.0
2014-06-02 20:54:00,30.38,0.0701937911342,0.0,0,0.0
2014-06-02 20:59:00,33.83,0.0701937911342,0.0,0,0.0
2014-06-02 21:04:00,45.105,0.0701937911342,0.0,0,0.0
2014-06-02 21:09:00,85.714,0.066696985381,0.0250000003725,0,0.0
2014-06-02 21:14:00,51.119,0.0568877056682,0.0750000029802,0,0.0
2014-06-02 21:19:00,31.545,0.0568877056682,0.0,0,0.0
2014-06-02 21:24:00,30.784,0.0568877056682,0.0,0,0.0
2014-06-02 21:29:00,32.338,0.0568877056682,0.0,0,0.0
2014-06-02 21:34:00,30.169,0.0568877056682,0.0,0,0.0
2014-06-02 21:39:00,30.885,0.0568877056682,0.0,0,0.0
2014-06-02 21:44:00,30.953,0.0568877056682,0.0,0,0.0
2014-06-02 21:49:00,30.336,0.0568877056682,0.0,0,0.0
2014-06-02 21:54:00,30.02,0.0568877056682,0.0,0,0.0
2014-06-02 21:59:00,33.782,0.0600451491223,0.0,0,0.0
2014-06-02 22:04:00,44.717,0.0701937911342,0.0,0,0.0
2014-06-02 22:09:00,92.623,0.0600451491223,0.0750000029802,0,0.0
2014-06-02 22:14:00,45.537,0.0568877056682,0.0250000003725,0,0.0
2014-06-02 22:19:00,31.382,0.0568877056682,0.0,0,0.0
2014-06-02 22:24:00,29.43,0.0568877056682,0.0,0,0.0
2014-06-02 22:29:00,31.499,0.0568877056682,0.0,0,0.0
2014-06-02 22:34:00,30.506,0.0568877056682,0.0,0,0.0
2014-06-02 22:39:00,29.949,0.0568877056682,0.0,0,0.0
2014-06-02 22:44:00,31.73,0.0568877056682,0.0,0,0.0
2014-06-02 22:49:00,30.662,0.0568877056682,0.0,0,0.0
2014-06-02 22:54:00,30.663,0.0568877056682,0.0,0,0.0
2014-06-02 22:59:00,33.248,0.066696985381,0.0,0,0.0
2014-06-02 23:04:00,44.834,0.0701937911342,0.0,0,0.0
2014-06-02 23:09:00,92.881,0.063314499256,0.0500000007451,0,0.0
2014-06-02 23:14:00,51.8,0.0453506983302,0.15000000596,0,0.0
2014-06-02 23:19:00,29.979,0.0453506983302,0.0,0,0.0
2014-06-02 23:24:00,29.38,0.0453506983302,0.0,0,0.0
2014-06-02 23:29:00,31.883,0.0453506983302,0.0,0,0.0
2014-06-02 23:34:00,30.613,0.0453506983302,0.0,0,0.0
2014-06-02 23:39:00,30.173,0.0453506983302,0.0,0,0.0
2014-06-02 23:44:00,31.293,0.0453506983302,0.0,0,0.0
2014-06-02 23:49:00,30.224,0.0453506983302,0.0,0,0.0
2014-06-02 23:54:00,31.334,0.0453506983302,0.0,0,0.0
2014-06-02 23:59:00,32.114,0.050903378246,0.0,0,0.0
2014-06-03 00:04:00,44.0,0.0701937911342,0.0,0,0.0
2014-06-03 00:09:00,85.668,0.0701937911342,0.0,0,0.0
2014-06-03 00:14:00,52.0,0.066696985381,0.0250000003725,0,0.0
2014-06-03 00:19:00,30.669,0.063314499256,0.0250000003725,0,0.0
2014-06-03 00:24:00,30.627,0.063314499256,0.0,0,0.0
2014-06-03 00:29:00,32.009,0.063314499256,0.0,0,0.0
2014-06-03 00:34:00,30.808,0.063314499256,0.0,0,0.0
2014-06-03 00:39:00,31.664,0.063314499256,0.0,0,0.0
2014-06-03 00:44:00,31.825,0.063314499256,0.0,0,0.0
2014-06-03 00:49:00,29.958,0.063314499256,0.0,0,0.0
2014-06-03 00:54:00,30.047,0.063314499256,0.0,0,0.0
2014-06-03 00:59:00,32.999,0.063314499256,0.0,0,0.0
2014-06-03 01:04:00,44.499,0.066696985381,0.0,0,0.0
2014-06-03 01:09:00,92.787,0.0568877058994,0.10000000149,0,0.0
2014-06-03 01:14:00,50.886,0.0332788922296,0.22499999404,0,0.0
2014-06-03 01:19:00,31.007,0.0332788922296,0.0,0,0.0
2014-06-03 01:24:00,30.333,0.0332788922296,0.0,0,0.0
2014-06-03 01:29:00,32.498,0.0332788922296,0.0,0,0.0
2014-06-03 01:34:00,29.792,0.0332788922296,0.0,0,0.0
2014-06-03 01:39:00,31.165,0.0332788922296,0.0,0,0.0
2014-06-03 01:44:00,31.322,0.0332788922296,0.0,0,0.0
2014-06-03 01:49:00,30.881,0.0332788922296,0.0,0,0.0
2014-06-03 01:54:00,30.355,0.0332788922296,0.0,0,0.0
2014-06-03 01:59:00,32.283,0.0427326212595,0.0,0,0.0
2014-06-03 02:04:00,45.311,0.0701937911342,0.0,0,0.0
2014-06-03 02:09:00,65.054,0.0453506987281,0.20000000298,0,0.0
2014-06-03 02:14:00,51.506,0.0452559858394,0.324999988079,0,0.0
2014-06-03 02:19:00,31.837,0.0452559858394,0.0,0,0.0
2014-06-03 02:24:00,30.117,0.0452559858394,0.0,0,0.0
2014-06-03 02:29:00,32.381,0.0452559858394,0.0,0,0.0
2014-06-03 02:34:00,29.833,0.0452559858394,0.0,0,0.0
2014-06-03 02:39:00,31.482,0.0452559858394,0.0,0,0.0
2014-06-03 02:44:00,29.977,0.0452559858394,0.0,0,0.0
2014-06-03 02:49:00,30.215,0.0452559858394,0.0,0,0.0
2014-06-03 02:54:00,30.501,0.0452559858394,0.0,0,0.0
2014-06-03 02:59:00,33.314,0.0332788928749,0.0,0,0.0
2014-06-03 03:04:00,44.499,0.0701937911342,0.0,0,0.0
2014-06-03 03:09:00,86.051,0.0701937911342,0.0,0,0.0
2014-06-03 03:14:00,52.163,0.0538408914875,0.125,0,0.0
2014-06-03 03:19:00,30.996,0.0538408914875,0.0,0,0.0
2014-06-03 03:24:00,30.001,0.0538408914875,0.0,0,0.0
2014-06-03 03:29:00,31.423,0.0538408914875,0.0,0,0.0
2014-06-03 03:34:00,30.381,0.0538408914875,0.0,0,0.0
2014-06-03 03:39:00,30.0,0.0538408914875,0.0,0,0.0
2014-06-03 03:44:00,32.165,0.0538408914875,0.0,0,0.0
2014-06-03 03:49:00,30.785,0.0538408914875,0.0,0,0.0
2014-06-03 03:54:00,29.715,0.0538408914875,0.0,0,0.0
2014-06-03 03:59:00,33.276,0.0538408914875,0.0,0,0.0
2014-06-03 04:04:00,45.283,0.0701937911342,0.0,0,0.0
2014-06-03 04:09:00,92.787,0.0538408914875,0.125,0,0.0
2014-06-03 04:14:00,51.548,0.0377215217352,0.324999988079,0,0.0
2014-06-03 04:19:00,30.499,0.0377215217352,0.0,0,0.0
2014-06-03 04:24:00,30.786,0.0377215217352,0.0,0,0.0
2014-06-03 04:29:00,31.65,0.0377215217352,0.0,0,0.0
2014-06-03 04:34:00,30.333,0.0381211114577,0.0,0,0.0
2014-06-03 04:39:00,30.002,0.0381211114577,0.0,0,0.0
2014-06-03 04:44:00,31.723,0.0381211114577,0.0,0,0.0
2014-06-03 04:49:00,30.287,0.0381211114577,0.0,0,0.0
2014-06-03 04:54:00,30.208,0.0381211114577,0.0,0,0.0
2014-06-03 04:59:00,34.835,0.0329797457002,0.0,0,0.0
2014-06-03 05:04:00,43.994,0.0699806316062,0.0,0,0.0
2014-06-03 05:09:00,92.833,0.0630749570641,0.0500000007451,0,0.0
2014-06-03 05:14:00,52.656,0.0357816201926,0.375,0,0.0
2014-06-03 05:19:00,29.578,0.0357816201926,0.0,0,0.0
2014-06-03 05:24:00,30.563,0.0357816201926,0.0,0,0.0
2014-06-03 05:29:00,32.038,0.0357816201926,0.0,0,0.0
2014-06-03 05:34:00,31.285,0.0357816201926,0.0,0,0.0
2014-06-03 05:39:00,30.092,0.0357816201926,0.0,0,0.0
2014-06-03 05:44:00,31.601,0.0357816201926,0.0,0,0.0
2014-06-03 05:49:00,30.005,0.0357816201926,0.0,0,0.0
2014-06-03 05:54:00,30.333,0.0357816201926,0.0,0,0.0
2014-06-03 05:59:00,32.328,0.0314007082157,0.0,0,0.0
2014-06-03 06:04:00,45.166,0.0699806316062,0.0,0,0.0
2014-06-03 06:09:00,65.38,0.0424396988433,0.22499999404,0,0.0
2014-06-03 06:14:00,50.286,0.0745639623939,0.524999976158,0,0.0
2014-06-03 06:19:00,30.162,0.0745639623939,0.0,0,0.0
2014-06-03 06:24:00,31.152,0.0745639623939,0.0,0,0.0
2014-06-03 06:29:00,32.71,0.0745639623939,0.0,0,0.0
2014-06-03 06:34:00,29.03,0.0745639623939,0.0,0,0.0
2014-06-03 06:39:00,30.259,0.0745639623939,0.0,0,0.0
2014-06-03 06:44:00,31.534,0.0745639623939,0.0,0,0.0
2014-06-03 06:49:00,30.453,0.0745639623939,0.0,0,0.0
2014-06-03 06:54:00,30.214,0.0745639623939,0.0,0,0.0
2014-06-03 06:59:00,34.261,0.0457562876907,0.0,0,0.0
2014-06-03 07:04:00,44.502,0.0699806316062,0.0,0,0.0
2014-06-03 07:09:00,93.0,0.0597943528558,0.0750000029802,0,0.0
2014-06-03 07:14:00,51.327,0.0431068085369,0.425000011921,0,0.0
2014-06-03 07:19:00,30.615,0.0431068085369,0.0,0,0.0
2014-06-03 07:24:00,30.657,0.0431068085369,0.0,0,0.0
2014-06-03 07:29:00,31.974,0.0431068085369,0.0,0,0.0
2014-06-03 07:34:00,29.465,0.0431068085369,0.0,0,0.0
2014-06-03 07:39:00,30.475,0.0431068085369,0.0,0,0.0
2014-06-03 07:44:00,30.945,0.0431068085369,0.0,0,0.0
2014-06-03 07:49:00,31.654,0.0431068085369,0.0,0,0.0
2014-06-03 07:54:00,30.266,0.0431068085369,0.0,0,0.0
2014-06-03 07:59:00,32.421,0.035781621216,0.0,0,0.0
2014-06-03 08:04:00,44.5,0.0699806316062,0.0,0,0.0
2014-06-03 08:09:00,93.0,0.053571331352,0.125,0,0.0
2014-06-03 08:14:00,51.449,0.0431068069891,0.375,0,0.0
2014-06-03 08:19:00,30.666,0.0431068069891,0.0,0,0.0
2014-06-03 08:24:00,30.501,0.0431068069891,0.0,0,0.0
2014-06-03 08:29:00,31.616,0.0431068069891,0.0,0,0.0
2014-06-03 08:34:00,29.697,0.0431068069891,0.0,0,0.0
2014-06-03 08:39:00,30.257,0.0431068069891,0.0,0,0.0
2014-06-03 08:44:00,32.329,0.0431068069891,0.0,0,0.0
2014-06-03 08:49:00,30.635,0.0431068069891,0.0,0,0.0
2014-06-03 08:54:00,29.929,0.0431068069891,0.0,0,0.0
2014-06-03 08:59:00,33.453,0.0314007082157,0.0,0,0.0
2014-06-03 09:04:00,44.214,0.0699806316062,0.0,0,0.0
2014-06-03 09:09:00,64.954,0.053571331352,0.125,0,0.0
2014-06-03 09:14:00,49.537,0.0745639668246,0.625,0,0.0
2014-06-03 09:19:00,30.168,0.0745639668246,0.0,0,0.0
2014-06-03 09:24:00,30.448,0.0745639668246,0.0,0,0.0
2014-06-03 09:29:00,32.047,0.0745639668246,0.0,0,0.0
2014-06-03 09:34:00,30.287,0.0745639668246,0.0,0,0.0
2014-06-03 09:39:00,31.38,0.0745639668246,0.0,0,0.0
2014-06-03 09:44:00,31.326,0.0745639668246,0.0,0,0.0
2014-06-03 09:49:00,29.737,0.0745639668246,0.0,0,0.0
2014-06-03 09:54:00,31.047,0.0745639668246,0.0,0,0.0
2014-06-03 09:59:00,33.622,0.0574341334354,0.0,0,0.0
2014-06-03 10:04:00,45.166,0.0699806316062,0.0,0,0.0
2014-06-03 10:09:00,85.667,0.0699806316062,0.0,0,0.0
2014-06-03 10:14:00,51.381,0.0597943528558,0.0750000029802,0,0.0
2014-06-03 10:19:00,30.469,0.0597943528558,0.0,0,0.0
2014-06-03 10:24:00,30.833,0.0597943528558,0.0,0,0.0
2014-06-03 10:29:00,31.596,0.0597943528558,0.0,0,0.0
2014-06-03 10:34:00,31.38,0.0597943528558,0.0,0,0.0
2014-06-03 10:39:00,29.165,0.0597943528558,0.0,0,0.0
2014-06-03 10:44:00,31.757,0.0597943528558,0.0,0,0.0
2014-06-03 10:49:00,30.548,0.0597943528558,0.0,0,0.0
2014-06-03 10:54:00,30.336,0.0597943528558,0.0,0,0.0
2014-06-03 10:59:00,33.516,0.0597943528558,0.0,0,0.0
2014-06-03 11:04:00,44.334,0.0630749570641,0.0500000007451,0,0.0
2014-06-03 11:09:00,93.0,0.0566269127579,0.0500000007451,0,0.0
2014-06-03 11:14:00,52.34,0.0335420817224,0.300000011921,0,0.0
2014-06-03 11:19:00,29.284,0.0335420817224,0.0,0,0.0
2014-06-03 11:24:00,30.168,0.0335420817224,0.0,0,0.0
2014-06-03 11:29:00,32.13,0.0335420817224,0.0,0,0.0
2014-06-03 11:34:00,29.89,0.0335420817224,0.0,0,0.0
2014-06-03 11:39:00,30.287,0.0335420817224,0.0,0,0.0
2014-06-03 11:44:00,31.725,0.0335420817224,0.0,0,0.0
2014-06-03 11:49:00,30.137,0.0335420817224,0.0,0,0.0
2014-06-03 11:54:00,30.287,0.0308634255449,0.0,0,0.0
2014-06-03 11:59:00,34.21,0.0351937582141,0.0,0,0.0
2014-06-03 12:04:00,44.501,0.0699806316062,0.0,0,0.0
2014-06-03 12:09:00,92.833,0.0506262523625,0.15000000596,0,0.0
2014-06-03 12:14:00,51.504,0.0314007082157,0.22499999404,0,0.0
2014-06-03 12:19:00,31.458,0.0314007082157,0.0,0,0.0
2014-06-03 12:24:00,30.333,0.0314007082157,0.0,0,0.0
2014-06-03 12:29:00,31.835,0.0314007082157,0.0,0,0.0
2014-06-03 12:34:00,31.698,0.0314007082157,0.0,0,0.0
2014-06-03 12:39:00,28.834,0.0314007082157,0.0,0,0.0
2014-06-03 12:44:00,32.333,0.0314007082157,0.0,0,0.0
2014-06-03 12:49:00,30.172,0.0314007082157,0.0,0,0.0
2014-06-03 12:54:00,29.498,0.0313511105815,0.0,0,0.0
2014-06-03 12:59:00,33.279,0.0425978116963,0.0,0,0.0
2014-06-03 13:04:00,44.169,0.0704028084618,0.0,0,0.0
2014-06-03 13:09:00,92.833,0.0538315987541,0.125,0,0.0
2014-06-03 13:14:00,51.504,0.0400582076738,0.125,0,0.0
2014-06-03 13:19:00,31.294,0.0400582076738,0.0,0,0.0
2014-06-03 13:24:00,29.162,0.0400582076738,0.0,0,0.0
2014-06-03 13:29:00,32.71,0.0400582076738,0.0,0,0.0
2014-06-03 13:34:00,29.334,0.0400582076738,0.0,0,0.0
2014-06-03 13:39:00,31.171,0.0400582076738,0.0,0,0.0
2014-06-03 13:44:00,32.117,0.0400582076738,0.0,0,0.0
2014-06-03 13:49:00,30.543,0.0400582076738,0.0,0,0.0
2014-06-03 13:54:00,30.611,0.0400582076738,0.0,0,0.0
2014-06-03 13:59:00,32.854,0.0538315987541,0.0,0,0.0
2014-06-03 14:04:00,45.665,0.0704028084618,0.0,0,0.0
2014-06-03 14:09:00,92.833,0.0668566259965,0.0250000003725,0,0.0
2014-06-03 14:14:00,51.507,0.0400582082297,0.22499999404,0,0.0
2014-06-03 14:19:00,30.5,0.0400582082297,0.0,0,0.0
2014-06-03 14:24:00,31.168,0.0400582082297,0.0,0,0.0
2014-06-03 14:29:00,31.29,0.0400582082297,0.0,0,0.0
2014-06-03 14:34:00,30.835,0.0400582082297,0.0,0,0.0
2014-06-03 14:39:00,30.483,0.0400582082297,0.0,0,0.0
2014-06-03 14:44:00,31.213,0.0400582082297,0.0,0,0.0
2014-06-03 14:49:00,30.949,0.0400582082297,0.0,0,0.0
2014-06-03 14:54:00,29.882,0.0400582082297,0.0,0,0.0
2014-06-03 14:59:00,33.952,0.0425978116963,0.0,0,0.0
2014-06-03 15:04:00,44.833,0.0704028084618,0.0,0,0.0
2014-06-03 15:09:00,92.833,0.0508587651456,0.15000000596,0,0.0
2014-06-03 15:14:00,51.717,0.0352902316747,0.15000000596,0,0.0
2014-06-03 15:19:00,31.823,0.0352902316747,0.0,0,0.0
2014-06-03 15:24:00,29.62,0.0352902316747,0.0,0,0.0
2014-06-03 15:29:00,32.057,0.0352902316747,0.0,0,0.0
2014-06-03 15:34:00,30.594,0.0352902316747,0.0,0,0.0
2014-06-03 15:39:00,31.549,0.0352902316747,0.0,0,0.0
2014-06-03 15:44:00,31.78,0.0352902316747,0.0,0,0.0
2014-06-03 15:49:00,29.713,0.0352902316747,0.0,0,0.0
2014-06-03 15:54:00,30.121,0.0352902316747,0.0,0,0.0
2014-06-03 15:59:00,34.385,0.0452433830413,0.0500000007451,0,0.0
2014-06-03 16:04:00,43.454,0.0634276642284,0.0,0,0.0
2014-06-03 16:09:00,93.0,0.0601146971938,0.0250000003725,0,0.0
2014-06-03 16:14:00,51.124,0.0601146971938,0.0,0,0.0
2014-06-03 16:19:00,30.214,0.0601146971938,0.0,0,0.0
2014-06-03 16:24:00,30.576,0.0601146971938,0.0,0,0.0
2014-06-03 16:29:00,31.881,0.0601146971938,0.0,0,0.0
2014-06-03 16:34:00,30.452,0.0601146971938,0.0,0,0.0
2014-06-03 16:39:00,30.718,0.0601146971938,0.0,0,0.0
2014-06-03 16:44:00,31.5,0.0601146971938,0.0,0,0.0
2014-06-03 16:49:00,30.666,0.0668566259965,0.0,0,0.0
2014-06-03 16:54:00,30.449,0.0668566259965,0.0,0,0.0
2014-06-03 16:59:00,72.72,0.104059172559,0.925000011921,0,0.0
2014-06-03 17:04:00,100.0,0.229843526963,0.524999976158,0,0.0
2014-06-03 17:09:00,100.0,0.385918113678,0.449999988079,0,0.0
2014-06-03 17:14:00,74.7538,0.47009197801,0.20000000298,0,0.0
2014-06-03 17:19:00,86.333,0.63968463939,0.34999999404,0,-0.11
2014-06-03 17:24:00,33.5,0.299999996735,0.0,0,0.0
2014-06-03 17:29:00,33.829,0.299999996735,0.0250000003725,0,0.0
2014-06-03 17:34:00,33.395,0.299999996735,0.0250000003725,0,0.0
2014-06-03 17:39:00,32.638,0.299999996735,0.0,0,0.0
2014-06-03 17:44:00,33.443,0.299999996735,0.0250000003725,0,0.0
2014-06-03 17:49:00,32.006,0.276799645392,0.0,0,0.0
2014-06-03 17:54:00,32.206,0.134032864591,0.0,0,0.0
2014-06-03 17:59:00,34.989,0.057557293191,0.0,0,0.0
2014-06-03 18:04:00,46.281,0.0357561462321,0.0,0,0.0
2014-06-03 18:09:00,34.112,0.0352902332049,0.22499999404,0,0.0
2014-06-03 18:14:00,33.685,0.0330583759869,0.0250000003725,0,0.0
2014-06-03 18:19:00,45.494,0.104059169467,0.625,0,0.0
2014-06-03 18:24:00,47.213,0.26058973631,0.649999976158,0,0.0
2014-06-03 18:29:00,34.759,0.26058973631,0.0,0,0.0
2014-06-03 18:34:00,31.032,0.252694468203,0.0,0,0.0
2014-06-03 18:39:00,32.337,0.252694468203,0.0,0,0.0
2014-06-03 18:44:00,33.503,0.26058973631,0.0250000003725,0,0.0
2014-06-03 18:49:00,32.126,0.26058973631,0.0,0,0.0
2014-06-03 18:54:00,31.725,0.26058973631,0.0,0,0.0
2014-06-03 18:59:00,36.611,0.208237457907,0.0500000007451,0,0.0
2014-06-03 19:04:00,45.601,0.448184473717,0.699999988079,0,0.0
2014-06-03 19:09:00,33.271,0.613712322547,0.975000023842,0,-0.11
2014-06-03 19:14:00,34.218,0.337968153196,0.0250000003725,0,0.0
2014-06-03 19:19:00,30.815,0.337968153196,0.0,0,0.0
2014-06-03 19:24:00,31.886,0.337968153196,0.0,0,0.0
2014-06-03 19:29:00,32.659,0.337968153196,0.0,0,0.0
2014-06-03 19:34:00,31.931,0.328805395813,0.0,0,0.0
2014-06-03 19:39:00,32.168,0.328805395813,0.0,0,0.0
2014-06-03 19:44:00,34.163,0.328805395813,0.0,0,0.0
2014-06-03 19:49:00,31.501,0.310905294191,0.0,0,0.0
2014-06-03 19:54:00,32.332,0.118466356074,0.0,0,0.0
2014-06-03 19:59:00,35.326,0.0668566259965,0.0,0,0.0
2014-06-03 20:04:00,44.835,0.0704028084618,0.0,0,0.0
2014-06-03 20:09:00,32.653,0.0634276642284,0.0500000007451,0,0.0
2014-06-03 20:14:00,33.051,0.0634276642284,0.0,0,0.0
2014-06-03 20:19:00,32.61,0.0634276642284,0.0,0,0.0
2014-06-03 20:24:00,32.666,0.0634276642284,0.0,0,0.0
2014-06-03 20:29:00,32.834,0.0634276642284,0.0,0,0.0
2014-06-03 20:34:00,34.057,0.0601146971938,0.0250000003725,0,0.0
2014-06-03 20:39:00,31.766,0.0601146971938,0.0,0,0.0
2014-06-03 20:44:00,33.719,0.0601146971938,0.0,0,0.0
2014-06-03 20:49:00,33.092,0.0601146971938,0.0,0,0.0
2014-06-03 20:54:00,30.668,0.0601146971938,0.0,0,0.0
2014-06-03 20:59:00,36.166,0.0668566259965,0.0,0,0.0
2014-06-03 21:04:00,44.959,0.0668566259965,0.0,0,0.0
2014-06-03 21:09:00,33.169,0.0634276642284,0.0250000003725,0,0.0
2014-06-03 21:14:00,34.015,0.0630780908659,0.0,0,0.0
2014-06-03 21:19:00,30.823,0.0630780908659,0.0,0,0.0
2014-06-03 21:24:00,32.167,0.0664031284681,0.0,0,0.0
2014-06-03 21:29:00,33.334,0.0664031284681,0.0,0,0.0
2014-06-03 21:34:00,32.887,0.0664031284681,0.0,0,0.0
2014-06-03 21:39:00,32.448,0.0664031284681,0.0,0,0.0
2014-06-03 21:44:00,32.993,0.0664031284681,0.0,0,0.0
2014-06-03 21:49:00,32.001,0.0664031284681,0.0,0,0.0
2014-06-03 21:54:00,31.544,0.0664031284681,0.0,0,0.0
2014-06-03 21:59:00,35.666,0.0698391232541,0.0,0,0.0
2014-06-03 22:04:00,46.261,0.0698391232541,0.0,0,0.0
2014-06-03 22:09:00,33.824,0.0630780908659,0.0500000007451,0,0.0
2014-06-03 22:14:00,33.834,0.0630780908659,0.0,0,0.0
2014-06-03 22:19:00,31.718,0.0630780908659,0.0,0,0.0
2014-06-03 22:24:00,31.935,0.0630780908659,0.0,0,0.0
2014-06-03 22:29:00,32.835,0.0630780908659,0.0,0,0.0
2014-06-03 22:34:00,31.466,0.0630780908659,0.0,0,0.0
2014-06-03 22:39:00,31.831,0.0630780908659,0.0,0,0.0
2014-06-03 22:44:00,33.001,0.0630780908659,0.0,0,0.0
2014-06-03 22:49:00,31.656,0.0630780908659,0.0,0,0.0
2014-06-03 22:54:00,32.819,0.0630780908659,0.0,0,0.0
2014-06-03 22:59:00,34.999,0.0698391232541,0.0,0,0.0
2014-06-03 23:04:00,46.366,0.0698391232541,0.0,0,0.0
2014-06-03 23:09:00,33.664,0.0664031284681,0.0250000003725,0,0.0
2014-06-03 23:14:00,33.0,0.0664031284681,0.0,0,0.0
2014-06-03 23:19:00,33.0,0.0664031284681,0.0,0,0.0
2014-06-03 23:24:00,31.999,0.0664031284681,0.0,0,0.0
2014-06-03 23:29:00,33.327,0.0664031284681,0.0,0,0.0
2014-06-03 23:34:00,33.501,0.0664031284681,0.0,0,0.0
2014-06-03 23:39:00,31.671,0.0664031284681,0.0,0,0.0
2014-06-03 23:44:00,32.564,0.0664031284681,0.0,0,0.0
2014-06-03 23:49:00,31.782,0.0664031284681,0.0,0,0.0
2014-06-03 23:54:00,32.442,0.0664031284681,0.0,0,0.0
2014-06-03 23:59:00,34.301,0.0698391232541,0.0,0,0.0
2014-06-04 00:04:00,45.999,0.0698391232541,0.0,0,0.0
2014-06-04 00:09:00,39.38,0.0598628737345,0.0750000029802,0,0.0
2014-06-04 00:14:00,33.756,0.0480759206153,0.10000000149,0,0.0
2014-06-04 00:19:00,31.834,0.0480759206153,0.0,0,0.0
2014-06-04 00:24:00,33.0,0.0480759206153,0.0,0,0.0
2014-06-04 00:29:00,32.217,0.0480759206153,0.0,0,0.0
2014-06-04 00:34:00,31.95,0.0480759206153,0.0,0,0.0
2014-06-04 00:39:00,32.832,0.0480759206153,0.0,0,0.0
2014-06-04 00:44:00,33.22,0.0480759206153,0.0,0,0.0
2014-06-04 00:49:00,32.776,0.0480759206153,0.0,0,0.0
2014-06-04 00:54:00,30.88,0.0480759206153,0.0,0,0.0
2014-06-04 00:59:00,36.112,0.0567562974198,0.0,0,0.0
2014-06-04 01:04:00,45.668,0.0698391232541,0.0,0,0.0
2014-06-04 01:09:00,33.834,0.0598628737345,0.0750000029802,0,0.0
2014-06-04 01:14:00,33.164,0.0598628737345,0.0,0,0.0
2014-06-04 01:19:00,31.545,0.0598628737345,0.0,0,0.0
2014-06-04 01:24:00,32.247,0.0598628737345,0.0,0,0.0
2014-06-04 01:29:00,34.304,0.0598628737345,0.0,0,0.0
2014-06-04 01:34:00,33.665,0.0598628737345,0.0,0,0.0
2014-06-04 01:39:00,33.495,0.0598628737345,0.0,0,0.0
2014-06-04 01:44:00,32.718,0.0598628737345,0.0,0,0.0
2014-06-04 01:49:00,32.282,0.0598628737345,0.0,0,0.0
2014-06-04 01:54:00,31.555,0.0598628737345,0.0,0,0.0
2014-06-04 01:59:00,36.227,0.0698391232541,0.0,0,0.0
2014-06-04 02:04:00,46.802,0.0698391232541,0.0,0,0.0
2014-06-04 02:09:00,32.502,0.0630780908659,0.0500000007451,0,0.0
2014-06-04 02:14:00,33.492,0.0630780908659,0.0,0,0.0
2014-06-04 02:19:00,33.5,0.0630780908659,0.0,0,0.0
2014-06-04 02:24:00,31.339,0.0630780908659,0.0,0,0.0
2014-06-04 02:29:00,33.646,0.0630780908659,0.0,0,0.0
2014-06-04 02:34:00,31.5,0.0630780908659,0.0,0,0.0
2014-06-04 02:39:00,32.004,0.0630780908659,0.0,0,0.0
2014-06-04 02:44:00,34.832,0.0630780908659,0.0,0,0.0
2014-06-04 02:49:00,30.804,0.0630780908659,0.0,0,0.0
2014-06-04 02:54:00,32.33,0.0630780908659,0.0,0,0.0
2014-06-04 02:59:00,36.183,0.0698391232541,0.0,0,0.0
2014-06-04 03:04:00,45.479,0.0698391232541,0.0,0,0.0
2014-06-04 03:09:00,34.651,0.0567562974198,0.10000000149,0,0.0
2014-06-04 03:14:00,33.335,0.0567562974198,0.0,0,0.0
2014-06-04 03:19:00,34.269,0.0567562974198,0.0,0,0.0
2014-06-04 03:24:00,30.606,0.0567562974198,0.0,0,0.0
2014-06-04 03:29:00,37.095,0.0567562974198,0.0,0,0.0
2014-06-04 03:34:00,32.498,0.0567562974198,0.0,0,0.0
2014-06-04 03:39:00,31.997,0.0567562974198,0.0,0,0.0
2014-06-04 03:44:00,37.166,0.0453911794485,0.10000000149,0,0.0
2014-06-04 03:49:00,31.664,0.0453911794485,0.0,0,0.0
2014-06-04 03:54:00,31.887,0.0453911794485,0.0,0,0.0
2014-06-04 03:59:00,35.773,0.0567562974198,0.0,0,0.0
2014-06-04 04:04:00,45.501,0.0567562974198,0.0,0,0.0
2014-06-04 04:09:00,33.834,0.0379432415193,0.17499999702,0,0.0
2014-06-04 04:14:00,33.667,0.0379432415193,0.0,0,0.0
2014-06-04 04:19:00,31.5,0.0379432415193,0.0,0,0.0
2014-06-04 04:24:00,32.003,0.0379432415193,0.0,0,0.0
2014-06-04 04:29:00,34.0,0.0379432415193,0.0,0,0.0
2014-06-04 04:34:00,30.912,0.0480759214308,0.0,0,0.0
2014-06-04 04:39:00,32.888,0.0480759214308,0.0,0,0.0
2014-06-04 04:44:00,32.667,0.0480759214308,0.0,0,0.0
2014-06-04 04:49:00,32.832,0.0480759214308,0.0,0,0.0
2014-06-04 04:54:00,31.833,0.0480759214308,0.0,0,0.0
2014-06-04 04:59:00,35.231,0.0698391232541,0.0,0,0.0
2014-06-04 05:04:00,45.603,0.0698391232541,0.0,0,0.0
2014-06-04 05:09:00,40.004,0.0537571358864,0.125,0,0.0
2014-06-04 05:14:00,33.833,0.0508641169128,0.0250000003725,0,0.0
2014-06-04 05:19:00,33.833,0.0508641169128,0.0,0,0.0
2014-06-04 05:24:00,31.83,0.0508641169128,0.0,0,0.0
2014-06-04 05:29:00,32.986,0.0508641169128,0.0,0,0.0
2014-06-04 05:34:00,31.668,0.0504268245567,0.0,0,0.0
2014-06-04 05:39:00,32.386,0.0504268245567,0.0,0,0.0
2014-06-04 05:44:00,32.898,0.0504268245567,0.0,0,0.0
2014-06-04 05:49:00,31.645,0.0504268245567,0.0,0,0.0
2014-06-04 05:54:00,34.001,0.0504268245567,0.0,0,0.0
2014-06-04 05:59:00,34.826,0.0659658034218,0.0,0,0.0
2014-06-04 06:04:00,47.323,0.0694045612552,0.0,0,0.0
2014-06-04 06:09:00,39.844,0.0694045612552,0.0,0,0.0
2014-06-04 06:14:00,34.682,0.0659658034218,0.0250000003725,0,0.0
2014-06-04 06:19:00,32.539,0.0659658034218,0.0,0,0.0
2014-06-04 06:24:00,31.787,0.0659658034218,0.0,0,0.0
2014-06-04 06:29:00,34.553,0.0659658034218,0.0,0,0.0
2014-06-04 06:34:00,31.982,0.0659658034218,0.0,0,0.0
2014-06-04 06:39:00,32.33,0.0659658034218,0.0,0,0.0
2014-06-04 06:44:00,32.772,0.0659658034218,0.0,0,0.0
2014-06-04 06:49:00,31.998,0.0659658034218,0.0,0,0.0
2014-06-04 06:54:00,31.16,0.0659658034218,0.0,0,0.0
2014-06-04 06:59:00,35.663,0.0659658034218,0.0,0,0.0
2014-06-04 07:04:00,45.333,0.0659658034218,0.0250000003725,0,0.0
2014-06-04 07:09:00,32.855,0.0533180716358,0.10000000149,0,0.0
2014-06-04 07:14:00,33.609,0.0533180716358,0.0,0,0.0
2014-06-04 07:19:00,33.991,0.0533180716358,0.0,0,0.0
2014-06-04 07:24:00,31.5,0.0533180716358,0.0,0,0.0
2014-06-04 07:29:00,32.48,0.0533180716358,0.0,0,0.0
2014-06-04 07:34:00,31.72,0.0533180716358,0.0,0,0.0
2014-06-04 07:39:00,31.612,0.0533180716358,0.0,0,0.0
2014-06-04 07:44:00,33.838,0.0533180716358,0.0,0,0.0
2014-06-04 07:49:00,31.006,0.0533180716358,0.0,0,0.0
2014-06-04 07:54:00,31.501,0.0563163188166,0.0,0,0.0
2014-06-04 07:59:00,34.999,0.0694045612552,0.0,0,0.0
2014-06-04 08:04:00,46.551,0.0659658034218,0.0250000003725,0,0.0
2014-06-04 08:09:00,39.993,0.0375266729087,0.25,0,0.0
2014-06-04 08:14:00,33.923,0.0352473528842,0.0250000003725,0,0.0
2014-06-04 08:19:00,31.381,0.0352473528842,0.0,0,0.0
2014-06-04 08:24:00,31.605,0.0352473528842,0.0,0,0.0
2014-06-04 08:29:00,33.625,0.0352473528842,0.0,0,0.0
2014-06-04 08:34:00,30.616,0.0352473528842,0.0,0,0.0
2014-06-04 08:39:00,31.806,0.0352473528842,0.0,0,0.0
2014-06-04 08:44:00,33.501,0.0352473528842,0.0,0,0.0
2014-06-04 08:49:00,31.316,0.0352473528842,0.0,0,0.0
2014-06-04 08:54:00,31.716,0.0375266729087,0.0,0,0.0
2014-06-04 08:59:00,35.95,0.0659658034218,0.0,0,0.0
2014-06-04 09:04:00,44.834,0.0659658034218,0.0250000003725,0,0.0
2014-06-04 09:09:00,33.166,0.0698799560276,0.699999988079,0,0.0
2014-06-04 09:14:00,33.847,0.0698799560276,0.0,0,0.0
2014-06-04 09:19:00,31.707,0.0698799560276,0.0,0,0.0
2014-06-04 09:24:00,32.114,0.0698799560276,0.0,0,0.0
2014-06-04 09:29:00,34.167,0.0698799560276,0.0,0,0.0
2014-06-04 09:34:00,30.97,0.0698799560276,0.0,0,0.0
2014-06-04 09:39:00,32.34,0.0698799560276,0.0,0,0.0
2014-06-04 09:44:00,33.886,0.0698799560276,0.0,0,0.0
2014-06-04 09:49:00,32.939,0.0698799560276,0.0,0,0.0
2014-06-04 09:54:00,31.337,0.0664259225952,0.0,0,0.0
2014-06-04 09:59:00,34.666,0.0694045612552,0.0,0,0.0
2014-06-04 10:04:00,47.17,0.0626389573902,0.0500000007451,0,0.0
2014-06-04 10:09:00,47.107,0.0309764519924,0.300000011921,0,0.0
2014-06-04 10:14:00,32.526,0.0309764519924,0.0,0,0.0
2014-06-04 10:19:00,31.986,0.0309764519924,0.0,0,0.0
2014-06-04 10:24:00,33.282,0.0309764519924,0.0,0,0.0
2014-06-04 10:29:00,32.004,0.0309764519924,0.0,0,0.0
2014-06-04 10:34:00,32.223,0.0309764519924,0.0,0,0.0
2014-06-04 10:39:00,32.115,0.0309764519924,0.0,0,0.0
2014-06-04 10:44:00,33.334,0.0309764519924,0.0,0,0.0
2014-06-04 10:49:00,32.167,0.0309764519924,0.0,0,0.0
2014-06-04 10:54:00,31.876,0.035247351887,0.0,0,0.0
2014-06-04 10:59:00,34.749,0.0694045612552,0.0,0,0.0
2014-06-04 11:04:00,45.828,0.0594228636807,0.0750000029802,0,0.0
2014-06-04 11:09:00,45.982,0.0399041403416,0.17499999702,0,0.0
2014-06-04 11:14:00,33.332,0.0399041403416,0.0,0,0.0
2014-06-04 11:19:00,32.342,0.0399041403416,0.0,0,0.0
2014-06-04 11:24:00,32.895,0.0399041403416,0.0,0,0.0
2014-06-04 11:29:00,33.444,0.0399041403416,0.0,0,0.0
2014-06-04 11:34:00,31.649,0.0399041403416,0.0,0,0.0
2014-06-04 11:39:00,31.641,0.0399041403416,0.0,0,0.0
2014-06-04 11:44:00,32.667,0.0399041403416,0.0,0,0.0
2014-06-04 11:49:00,31.726,0.0399041403416,0.0,0,0.0
2014-06-04 11:54:00,31.618,0.0476412307001,0.0,0,0.0
2014-06-04 11:59:00,34.83,0.0694045612552,0.0,0,0.0
2014-06-04 12:04:00,46.39,0.0626389573902,0.0500000007451,0,0.0
2014-06-04 12:09:00,46.171,0.037526673429,0.22499999404,0,0.0
2014-06-04 12:14:00,33.167,0.037526673429,0.0,0,0.0
2014-06-04 12:19:00,33.334,0.037526673429,0.0,0,0.0
2014-06-04 12:24:00,30.472,0.037526673429,0.0,0,0.0
2014-06-04 12:29:00,32.837,0.037526673429,0.0,0,0.0
2014-06-04 12:34:00,31.671,0.037526673429,0.0,0,0.0
2014-06-04 12:39:00,31.713,0.037526673429,0.0,0,0.0
2014-06-04 12:44:00,33.638,0.037526673429,0.0,0,0.0
2014-06-04 12:49:00,33.1,0.037526673429,0.0,0,0.0
2014-06-04 12:54:00,30.363,0.0423813629615,0.0,0,0.0
2014-06-04 12:59:00,36.465,0.0694045612552,0.0,0,0.0
2014-06-04 13:04:00,44.833,0.0694045612552,0.0,0,0.0
2014-06-04 13:09:00,47.764,0.0694045612552,0.0,0,0.0
2014-06-04 13:14:00,33.025,0.0694045612552,0.0,0,0.0
2014-06-04 13:19:00,33.501,0.0694045612552,0.0,0,0.0
2014-06-04 13:24:00,31.503,0.0694045612552,0.0,0,0.0
2014-06-04 13:29:00,33.832,0.0694045612552,0.0,0,0.0
2014-06-04 13:34:00,32.248,0.0694045612552,0.0,0,0.0
2014-06-04 13:39:00,32.708,0.0694045612552,0.0,0,0.0
2014-06-04 13:44:00,32.995,0.0694045612552,0.0,0,0.0
2014-06-04 13:49:00,32.68,0.0694045612552,0.0,0,0.0
2014-06-04 13:54:00,32.102,0.0693319590541,0.0,0,0.0
2014-06-04 13:59:00,34.477,0.0693319590541,0.0,0,0.0
2014-06-04 14:04:00,46.724,0.0658764600331,0.0250000003725,0,0.0
2014-06-04 14:09:00,46.316,0.0658764600331,0.0,0,0.0
2014-06-04 14:14:00,33.364,0.0658764600331,0.0,0,0.0
2014-06-04 14:19:00,32.116,0.0658764600331,0.0,0,0.0
2014-06-04 14:24:00,32.501,0.0658764600331,0.0,0,0.0
2014-06-04 14:29:00,34.125,0.0658764600331,0.0,0,0.0
2014-06-04 14:34:00,31.496,0.0658764600331,0.0,0,0.0
2014-06-04 14:39:00,32.668,0.0625341092994,0.0250000003725,0,0.0
2014-06-04 14:44:00,33.506,0.0625341092994,0.0,0,0.0
2014-06-04 14:49:00,33.334,0.0625341092994,0.0,0,0.0
2014-06-04 14:54:00,31.667,0.0658764600331,0.0,0,0.0
2014-06-04 14:59:00,35.172,0.0658764600331,0.0,0,0.0
2014-06-04 15:04:00,46.159,0.0625341092994,0.0250000003725,0,0.0
2014-06-04 15:09:00,52.166,0.0625341092994,0.0,0,0.0
2014-06-04 15:14:00,34.332,0.0625341092994,0.0,0,0.0
2014-06-04 15:19:00,31.502,0.0625341092994,0.0,0,0.0
2014-06-04 15:24:00,31.332,0.0625341092994,0.0,0,0.0
2014-06-04 15:29:00,33.177,0.0658764600331,0.0,0,0.0
2014-06-04 15:34:00,33.219,0.0625341092994,0.0250000003725,0,0.0
2014-06-04 15:39:00,32.783,0.0593037265484,0.0250000003725,0,0.0
2014-06-04 15:44:00,33.827,0.0593037265484,0.0,0,0.0
2014-06-04 15:49:00,31.667,0.0593037265484,0.0,0,0.0
2014-06-04 15:54:00,31.88,0.0625341092994,0.0,0,0.0
2014-06-04 15:59:00,36.114,0.0625341092994,0.0,0,0.0
2014-06-04 16:04:00,44.336,0.0625341092994,0.0,0,0.0
2014-06-04 16:09:00,52.824,0.0625341092994,0.0,0,0.0
2014-06-04 16:14:00,34.488,0.0625341092994,0.0,0,0.0
2014-06-04 16:19:00,33.501,0.0625341092994,0.0,0,0.0
2014-06-04 16:24:00,32.056,0.0658764600331,0.0,0,0.0
2014-06-04 16:29:00,34.607,0.0658764600331,0.0250000003725,0,0.0
2014-06-04 16:34:00,32.173,0.0625341092994,0.0250000003725,0,0.0
2014-06-04 16:39:00,32.22,0.0593037265484,0.0250000003725,0,0.0
2014-06-04 16:44:00,71.93,0.0982563302184,0.824999988079,0,0.0
2014-06-04 16:49:00,52.83,0.102695699485,0.0250000003725,0,0.0
2014-06-04 16:54:00,31.501,0.102695699485,0.0,0,0.0
2014-06-04 16:59:00,34.815,0.102695699485,0.0,0,0.0
2014-06-04 17:04:00,46.942,0.121682945636,0.10000000149,0,0.0
2014-06-04 17:09:00,47.666,0.239842908371,0.47499999404,0,0.0
2014-06-04 17:14:00,34.219,0.239842908371,0.0,0,0.0
2014-06-04 17:19:00,32.93,0.232438559232,0.0,0,0.0
2014-06-04 17:24:00,31.659,0.225168246123,0.0,0,0.0
2014-06-04 17:29:00,32.648,0.218031618937,0.0,0,0.0
2014-06-04 17:34:00,33.167,0.0572294867837,0.0250000003725,0,0.0
2014-06-04 17:39:00,31.491,0.0541823436673,0.0,0,0.0
2014-06-04 17:44:00,33.387,0.0541823436673,0.0,0,0.0
2014-06-04 17:49:00,31.667,0.0541823436673,0.0,0,0.0
2014-06-04 17:54:00,32.612,0.0430659577697,0.0,0,0.0
2014-06-04 17:59:00,35.512,0.0658764600331,0.0,0,0.0
2014-06-04 18:04:00,46.833,0.0625341092994,0.0250000003725,0,0.0
2014-06-04 18:09:00,54.982,0.0625341092994,0.0,0,0.0
2014-06-04 18:14:00,32.798,0.0625341092994,0.0,0,0.0
2014-06-04 18:19:00,33.214,0.0625341092994,0.0,0,0.0
2014-06-04 18:24:00,30.688,0.0658764600331,0.0,0,0.0
2014-06-04 18:29:00,33.5,0.0658764600331,0.0,0,0.0
2014-06-04 18:34:00,32.327,0.0658764600331,0.0,0,0.0
2014-06-04 18:39:00,32.481,0.0625341092994,0.0250000003725,0,0.0
2014-06-04 18:44:00,32.501,0.0625341092994,0.0,0,0.0
2014-06-04 18:49:00,32.154,0.0625341092994,0.0,0,0.0
2014-06-04 18:54:00,32.001,0.0658764600331,0.0,0,0.0
2014-06-04 18:59:00,35.327,0.0658764600331,0.0,0,0.0
2014-06-04 19:04:00,45.833,0.0658764600331,0.0,0,0.0
2014-06-04 19:09:00,47.019,0.0658764600331,0.0,0,0.0
2014-06-04 19:14:00,31.834,0.0658764600331,0.0,0,0.0
2014-06-04 19:19:00,32.501,0.0658764600331,0.0,0,0.0
2014-06-04 19:24:00,32.333,0.0658764600331,0.0,0,0.0
2014-06-04 19:29:00,33.993,0.0693319590541,0.0,0,0.0
2014-06-04 19:34:00,31.779,0.0693319590541,0.0,0,0.0
2014-06-04 19:39:00,32.378,0.0693319590541,0.0,0,0.0
2014-06-04 19:44:00,34.166,0.0693319590541,0.0,0,0.0
2014-06-04 19:49:00,32.0,0.0693319590541,0.0,0,0.0
2014-06-04 19:54:00,31.832,0.0693319590541,0.0,0,0.0
2014-06-04 19:59:00,35.755,0.0693319590541,0.0,0,0.0
2014-06-04 20:04:00,45.206,0.0693319590541,0.0,0,0.0
2014-06-04 20:09:00,53.666,0.0693319590541,0.0,0,0.0
2014-06-04 20:14:00,33.484,0.0693319590541,0.0,0,0.0
2014-06-04 20:19:00,32.335,0.0693319590541,0.0,0,0.0
2014-06-04 20:24:00,31.66,0.0693319590541,0.0,0,0.0
2014-06-04 20:29:00,34.334,0.0658764600331,0.0250000003725,0,0.0
2014-06-04 20:34:00,31.168,0.0658764600331,0.0,0,0.0
2014-06-04 20:39:00,32.325,0.0658764600331,0.0,0,0.0
2014-06-04 20:44:00,34.794,0.0625341092994,0.0250000003725,0,0.0
2014-06-04 20:49:00,30.5,0.0625341092994,0.0,0,0.0
2014-06-04 20:54:00,32.335,0.0625341092994,0.0,0,0.0
2014-06-04 20:59:00,34.356,0.0625341092994,0.0,0,0.0
2014-06-04 21:04:00,46.335,0.0625341092994,0.0,0,0.0
2014-06-04 21:09:00,48.668,0.0593037265484,0.0250000003725,0,0.0
2014-06-04 21:14:00,33.002,0.0593037265484,0.0,0,0.0
2014-06-04 21:19:00,32.5,0.0625341092994,0.0,0,0.0
2014-06-04 21:24:00,31.705,0.0625341092994,0.0,0,0.0
2014-06-04 21:29:00,33.275,0.0625341092994,0.0,0,0.0
2014-06-04 21:34:00,32.474,0.0658764600331,0.0,0,0.0
2014-06-04 21:39:00,32.334,0.0658764600331,0.0,0,0.0
2014-06-04 21:44:00,33.003,0.0658764600331,0.0,0,0.0
2014-06-04 21:49:00,32.379,0.0658764600331,0.0,0,0.0
2014-06-04 21:54:00,32.091,0.0658764600331,0.0,0,0.0
2014-06-04 21:59:00,35.498,0.0693319590541,0.0,0,0.0
2014-06-04 22:04:00,46.455,0.0693319590541,0.0,0,0.0
2014-06-04 22:09:00,53.832,0.0693319590541,0.0,0,0.0
2014-06-04 22:14:00,34.166,0.0689354400379,0.0,0,0.0
2014-06-04 22:19:00,32.003,0.0689354400379,0.0,0,0.0
2014-06-04 22:24:00,32.061,0.0689354400379,0.0,0,0.0
2014-06-04 22:29:00,33.247,0.0689354400379,0.0,0,0.0
2014-06-04 22:34:00,30.667,0.0689354400379,0.0,0,0.0
2014-06-04 22:39:00,31.5,0.0689354400379,0.0,0,0.0
2014-06-04 22:44:00,33.327,0.0689354400379,0.0,0,0.0
2014-06-04 22:49:00,33.832,0.0689354400379,0.0,0,0.0
2014-06-04 22:54:00,30.662,0.0689354400379,0.0,0,0.0
2014-06-04 22:59:00,35.988,0.0621590507613,0.0500000007451,0,0.0
2014-06-04 23:04:00,45.668,0.0621590507613,0.0,0,0.0
2014-06-04 23:09:00,53.0,0.0621590507613,0.0,0,0.0
2014-06-04 23:14:00,33.501,0.0621590507613,0.0,0,0.0
2014-06-04 23:19:00,33.643,0.0621590507613,0.0,0,0.0
2014-06-04 23:24:00,31.133,0.0621590507613,0.0,0,0.0
2014-06-04 23:29:00,33.038,0.0621590507613,0.0,0,0.0
2014-06-04 23:34:00,32.614,0.0621590507613,0.0,0,0.0
2014-06-04 23:39:00,31.333,0.0621590507613,0.0,0,0.0
2014-06-04 23:44:00,33.666,0.0621590507613,0.0,0,0.0
2014-06-04 23:49:00,32.665,0.0689354400379,0.0,0,0.0
2014-06-04 23:54:00,32.659,0.0689354400379,0.0,0,0.0
2014-06-04 23:59:00,32.966,0.0689354400379,0.0,0,0.0
2014-06-05 00:04:00,45.303,0.0689354400379,0.0,0,0.0
2014-06-05 00:09:00,47.0,0.058939405955,0.0750000029802,0,0.0
2014-06-05 00:14:00,34.008,0.058939405955,0.0,0,0.0
2014-06-05 00:19:00,32.985,0.058939405955,0.0,0,0.0
2014-06-05 00:24:00,33.387,0.058939405955,0.0,0,0.0
2014-06-05 00:29:00,32.828,0.058939405955,0.0,0,0.0
2014-06-05 00:34:00,31.766,0.058939405955,0.0,0,0.0
2014-06-05 00:39:00,32.143,0.058939405955,0.0,0,0.0
2014-06-05 00:44:00,34.333,0.058939405955,0.0,0,0.0
2014-06-05 00:49:00,30.166,0.058939405955,0.0,0,0.0
2014-06-05 00:54:00,31.813,0.058939405955,0.0,0,0.0
2014-06-05 00:59:00,35.335,0.0689354400379,0.0,0,0.0
2014-06-05 01:04:00,47.334,0.0621590507613,0.0500000007451,0,0.0
2014-06-05 01:09:00,51.997,0.0528310455949,0.0750000029802,0,0.0
2014-06-05 01:14:00,33.656,0.0528310455949,0.0,0,0.0
2014-06-05 01:19:00,32.521,0.0528310455949,0.0,0,0.0
2014-06-05 01:24:00,32.098,0.0528310455949,0.0,0,0.0
2014-06-05 01:29:00,33.318,0.0528310455949,0.0,0,0.0
2014-06-05 01:34:00,32.5,0.0528310455949,0.0,0,0.0
2014-06-05 01:39:00,31.216,0.0528310455949,0.0,0,0.0
2014-06-05 01:44:00,35.366,0.0528310455949,0.0,0,0.0
2014-06-05 01:49:00,30.159,0.0528310455949,0.0,0,0.0
2014-06-05 01:54:00,32.059,0.058939405955,0.0,0,0.0
2014-06-05 01:59:00,35.186,0.0689354400379,0.0,0,0.0
2014-06-05 02:04:00,46.008,0.0654906661373,0.0250000003725,0,0.0
2014-06-05 02:09:00,47.282,0.0589394061907,0.0500000007451,0,0.0
2014-06-05 02:14:00,34.147,0.0589394061907,0.0,0,0.0
2014-06-05 02:19:00,32.798,0.0589394061907,0.0,0,0.0
2014-06-05 02:24:00,32.167,0.0589394061907,0.0,0,0.0
2014-06-05 02:29:00,33.659,0.0589394061907,0.0,0,0.0
2014-06-05 02:34:00,31.839,0.0589394061907,0.0,0,0.0
2014-06-05 02:39:00,32.043,0.0589394061907,0.0,0,0.0
2014-06-05 02:44:00,32.471,0.0589394061907,0.0,0,0.0
2014-06-05 02:49:00,31.709,0.0589394061907,0.0,0,0.0
2014-06-05 02:54:00,31.663,0.0621590507613,0.0,0,0.0
2014-06-05 02:59:00,35.617,0.0689354400379,0.0,0,0.0
2014-06-05 03:04:00,46.833,0.0621590507613,0.0500000007451,0,0.0
2014-06-05 03:09:00,56.667,0.0621590507613,0.0,0,0.0
2014-06-05 03:14:00,38.497,0.0444758595319,0.15000000596,0,0.0
2014-06-05 03:19:00,31.168,0.0444758595319,0.0,0,0.0
2014-06-05 03:24:00,31.668,0.0444758595319,0.0,0,0.0
2014-06-05 03:29:00,34.834,0.0444758595319,0.0,0,0.0
2014-06-05 03:34:00,32.334,0.0444758595319,0.0,0,0.0
2014-06-05 03:39:00,30.876,0.0444758595319,0.0,0,0.0
2014-06-05 03:44:00,33.454,0.0444758595319,0.0,0,0.0
2014-06-05 03:49:00,31.642,0.0444758595319,0.0,0,0.0
2014-06-05 03:54:00,31.878,0.0499397172944,0.0,0,0.0
2014-06-05 03:59:00,34.764,0.0499397172944,0.0,0,0.0
2014-06-05 04:04:00,46.174,0.0654906661373,0.0250000003725,0,0.0
2014-06-05 04:09:00,47.335,0.0589394061907,0.0500000007451,0,0.0
2014-06-05 04:14:00,33.833,0.0589394061907,0.0,0,0.0
2014-06-05 04:19:00,32.16,0.0589394061907,0.0,0,0.0
2014-06-05 04:24:00,31.17,0.0589394061907,0.0,0,0.0
2014-06-05 04:29:00,34.33,0.0589394061907,0.0,0,0.0
2014-06-05 04:34:00,31.544,0.0589394061907,0.0,0,0.0
2014-06-05 04:39:00,30.48,0.0589394061907,0.0,0,0.0
2014-06-05 04:44:00,32.78,0.0589394061907,0.0,0,0.0
2014-06-05 04:49:00,32.308,0.0589394061907,0.0,0,0.0
2014-06-05 04:54:00,33.161,0.0621590507613,0.0,0,0.0
2014-06-05 04:59:00,33.667,0.0689354400379,0.0,0,0.0
2014-06-05 05:04:00,46.668,0.0689354400379,0.0,0,0.0
2014-06-05 05:09:00,54.607,0.0654906661373,0.0250000003725,0,0.0
2014-06-05 05:14:00,33.238,0.0654906661373,0.0,0,0.0
2014-06-05 05:19:00,32.022,0.0654906661373,0.0,0,0.0
2014-06-05 05:24:00,31.825,0.0654906661373,0.0,0,0.0
2014-06-05 05:29:00,33.146,0.0654906661373,0.0,0,0.0
2014-06-05 05:34:00,33.498,0.0654906661373,0.0,0,0.0
2014-06-05 05:39:00,32.094,0.0654906661373,0.0,0,0.0
2014-06-05 05:44:00,32.674,0.0654906661373,0.0,0,0.0
2014-06-05 05:49:00,31.833,0.0654906661373,0.0,0,0.0
2014-06-05 05:54:00,31.321,0.0654906661373,0.0,0,0.0
2014-06-05 05:59:00,35.163,0.0689354400379,0.0,0,0.0
2014-06-05 06:04:00,45.834,0.0689354400379,0.0,0,0.0
2014-06-05 06:09:00,46.336,0.0621590507613,0.0500000007451,0,0.0
2014-06-05 06:14:00,34.655,0.0621590507613,0.0,0,0.0
2014-06-05 06:19:00,32.171,0.0621590507613,0.0,0,0.0
2014-06-05 06:24:00,33.759,0.0621590507613,0.0,0,0.0
2014-06-05 06:29:00,34.518,0.0621590507613,0.0,0,0.0
2014-06-05 06:34:00,31.3,0.0617052964468,0.0,0,0.0
2014-06-05 06:39:00,31.168,0.0617052964468,0.0,0,0.0
2014-06-05 06:44:00,32.834,0.0617052964468,0.0,0,0.0
2014-06-05 06:49:00,32.325,0.0617052964468,0.0,0,0.0
2014-06-05 06:54:00,32.334,0.0617052964468,0.0,0,0.0
2014-06-05 06:59:00,33.888,0.0684815077993,0.0,0,0.0
2014-06-05 07:04:00,45.668,0.0684815077993,0.0,0,0.0
2014-06-05 07:09:00,47.334,0.0617052964468,0.0500000007451,0,0.0
2014-06-05 07:14:00,32.5,0.0617052964468,0.0,0,0.0
2014-06-05 07:19:00,33.342,0.0617052964468,0.0,0,0.0
2014-06-05 07:24:00,31.724,0.0617052964468,0.0,0,0.0
2014-06-05 07:29:00,33.448,0.0617052964468,0.0,0,0.0
2014-06-05 07:34:00,32.217,0.0617052964468,0.0,0,0.0
2014-06-05 07:39:00,31.947,0.0617052964468,0.0,0,0.0
2014-06-05 07:44:00,32.885,0.0617052964468,0.0,0,0.0
2014-06-05 07:49:00,31.434,0.0617052964468,0.0,0,0.0
2014-06-05 07:54:00,31.334,0.0617052964468,0.0,0,0.0
2014-06-05 07:59:00,36.996,0.0684815077993,0.0,0,0.0
2014-06-05 08:04:00,43.887,0.0650363941865,0.0250000003725,0,0.0
2014-06-05 08:09:00,47.303,0.0617052964468,0.0250000003725,0,0.0
2014-06-05 08:14:00,32.931,0.0617052964468,0.0,0,0.0
2014-06-05 08:19:00,34.002,0.0617052964468,0.0,0,0.0
2014-06-05 08:24:00,30.643,0.0617052964468,0.0,0,0.0
2014-06-05 08:29:00,33.667,0.0617052964468,0.0,0,0.0
2014-06-05 08:34:00,32.833,0.0617052964468,0.0,0,0.0
2014-06-05 08:39:00,31.218,0.0617052964468,0.0,0,0.0
2014-06-05 08:44:00,33.449,0.0617052964468,0.0,0,0.0
2014-06-05 08:49:00,31.167,0.0617052964468,0.0,0,0.0
2014-06-05 08:54:00,32.166,0.0650363941865,0.0,0,0.0
2014-06-05 08:59:00,34.337,0.0684815077993,0.0,0,0.0
2014-06-05 09:04:00,45.997,0.0684815077993,0.0,0,0.0
2014-06-05 09:09:00,48.835,0.0684815077993,0.0,0,0.0
2014-06-05 09:14:00,33.179,0.0684815077993,0.0,0,0.0
2014-06-05 09:19:00,31.488,0.0684815077993,0.0,0,0.0
2014-06-05 09:24:00,32.16,0.0684815077993,0.0,0,0.0
2014-06-05 09:29:00,32.499,0.0684815077993,0.0,0,0.0
2014-06-05 09:34:00,32.0,0.0684815077993,0.0,0,0.0
2014-06-05 09:39:00,32.338,0.0684815077993,0.0,0,0.0
2014-06-05 09:44:00,33.167,0.0684815077993,0.0,0,0.0
2014-06-05 09:49:00,31.811,0.0684815077993,0.0,0,0.0
2014-06-05 09:54:00,32.5,0.0684815077993,0.0,0,0.0
2014-06-05 09:59:00,34.166,0.0684815077993,0.0,0,0.0
2014-06-05 10:04:00,45.802,0.0684815077993,0.0,0,0.0
2014-06-05 10:09:00,52.999,0.0650363941865,0.0250000003725,0,0.0
2014-06-05 10:14:00,34.337,0.0650363941865,0.0,0,0.0
2014-06-05 10:19:00,31.41,0.0650363941865,0.0,0,0.0
2014-06-05 10:24:00,32.884,0.0650363941865,0.0,0,0.0
2014-06-05 10:29:00,32.782,0.0650363941865,0.0,0,0.0
2014-06-05 10:34:00,31.872,0.0650363941865,0.0,0,0.0
2014-06-05 10:39:00,33.118,0.0650363941865,0.0,0,0.0
2014-06-05 10:44:00,32.665,0.0650363941865,0.0,0,0.0
2014-06-05 10:49:00,31.824,0.0650363941865,0.0,0,0.0
2014-06-05 10:54:00,31.668,0.0650363941865,0.0,0,0.0
2014-06-05 10:59:00,34.885,0.0684815077993,0.0,0,0.0
2014-06-05 11:04:00,46.281,0.0684815077993,0.0,0,0.0
2014-06-05 11:09:00,52.835,0.0650363941865,0.0250000003725,0,0.0
2014-06-05 11:14:00,33.495,0.0650363941865,0.0,0,0.0
2014-06-05 11:19:00,31.54,0.0650363941865,0.0,0,0.0
2014-06-05 11:24:00,31.318,0.0650363941865,0.0,0,0.0
2014-06-05 11:29:00,34.322,0.0617052964468,0.0250000003725,0,0.0
2014-06-05 11:34:00,30.949,0.0617052964468,0.0,0,0.0
2014-06-05 11:39:00,31.724,0.0617052964468,0.0,0,0.0
2014-06-05 11:44:00,33.41,0.0617052964468,0.0,0,0.0
2014-06-05 11:49:00,31.478,0.0617052964468,0.0,0,0.0
2014-06-05 11:54:00,32.0,0.0617052964468,0.0,0,0.0
2014-06-05 11:59:00,36.159,0.0584870045061,0.0500000007451,0,0.0
2014-06-05 12:04:00,44.334,0.0584870045061,0.0,0,0.0
2014-06-05 12:09:00,46.278,0.0553802609794,0.0250000003725,0,0.0
2014-06-05 12:14:00,33.724,0.0523837597728,0.0250000003725,0,0.0
2014-06-05 12:19:00,32.591,0.0553802609794,0.0,0,0.0
2014-06-05 12:24:00,31.341,0.0553802609794,0.0,0,0.0
2014-06-05 12:29:00,33.501,0.0553802609794,0.0,0,0.0
2014-06-05 12:34:00,32.976,0.0523837597728,0.0250000003725,0,0.0
2014-06-05 12:39:00,31.834,0.0523837597728,0.0,0,0.0
2014-06-05 12:44:00,32.988,0.0494961447249,0.0250000003725,0,0.0
2014-06-05 12:49:00,32.121,0.0523837597728,0.0250000003725,0,0.0
2014-06-05 12:54:00,32.004,0.0523837597728,0.0,0,0.0
2014-06-05 12:59:00,34.987,0.0553802609794,0.0,0,0.0
2014-06-05 13:04:00,46.992,0.0584870045061,0.0,0,0.0
2014-06-05 13:09:00,53.556,0.0584870045061,0.0,0,0.0
2014-06-05 13:14:00,32.833,0.0584870045061,0.0,0,0.0
2014-06-05 13:19:00,31.437,0.0584870045061,0.0,0,0.0
2014-06-05 13:24:00,31.333,0.0617052964468,0.0,0,0.0
2014-06-05 13:29:00,33.319,0.0617052964468,0.0,0,0.0
2014-06-05 13:34:00,31.544,0.0650363941865,0.0,0,0.0
2014-06-05 13:39:00,32.586,0.0684815077993,0.0,0,0.0
2014-06-05 13:44:00,33.663,0.0684815077993,0.0,0,0.0
2014-06-05 13:49:00,31.168,0.0684815077993,0.0,0,0.0
2014-06-05 13:54:00,32.999,0.0650363941865,0.0250000003725,0,0.0
2014-06-05 13:59:00,35.295,0.0650363941865,0.0,0,0.0
2014-06-05 14:04:00,46.5,0.0617052964468,0.0250000003725,0,0.0
2014-06-05 14:09:00,60.167,0.0584870045061,0.0250000003725,0,0.0
2014-06-05 14:14:00,33.671,0.0523837597728,0.0500000007451,0,0.0
2014-06-05 14:19:00,31.887,0.0523837597728,0.0,0,0.0
2014-06-05 14:24:00,31.602,0.0494961447249,0.0250000003725,0,0.0
2014-06-05 14:29:00,33.167,0.0494961447249,0.0,0,0.0
2014-06-05 14:34:00,31.499,0.0467160083011,0.0250000003725,0,0.0
2014-06-05 14:39:00,31.664,0.0440418903554,0.0250000003725,0,0.0
2014-06-05 14:44:00,33.497,0.0440418903554,0.0250000003725,0,0.0
2014-06-05 14:49:00,32.217,0.0414722769763,0.0250000003725,0,0.0
2014-06-05 14:54:00,31.113,0.0435979449468,0.0,0,0.0
2014-06-05 14:59:00,34.667,0.0462655825306,0.0,0,0.0
2014-06-05 15:04:00,46.166,0.0462655825306,0.0500000007451,0,0.0
2014-06-05 15:09:00,53.225,0.0462655825306,0.0,0,0.0
2014-06-05 15:14:00,34.282,0.0462655825306,0.0250000003725,0,0.0
2014-06-05 15:19:00,32.331,0.0462655825306,0.0,0,0.0
2014-06-05 15:24:00,32.834,0.0462655825306,0.0250000003725,0,0.0
2014-06-05 15:29:00,32.652,0.0490398822897,0.0,0,0.0
2014-06-05 15:34:00,30.82,0.0519223316877,0.0,0,0.0
2014-06-05 15:39:00,32.161,0.0549143644915,0.0,0,0.0
2014-06-05 15:44:00,33.554,0.0519223316877,0.0250000003725,0,0.0
2014-06-05 15:49:00,30.616,0.0519223316877,0.0,0,0.0
2014-06-05 15:54:00,32.995,0.0519223316877,0.0500000007451,0,0.0
2014-06-05 15:59:00,33.989,0.0519223316877,0.0,0,0.0
2014-06-05 16:04:00,46.648,0.0549143644915,0.0,0,0.0
2014-06-05 16:09:00,52.844,0.0549143644915,0.0,0,0.0
2014-06-05 16:14:00,33.825,0.0549143644915,0.0250000003725,0,0.0
2014-06-05 16:19:00,31.299,0.0519223316877,0.0250000003725,0,0.0
2014-06-05 16:24:00,34.49,0.0462655825306,0.0500000007451,0,0.0
2014-06-05 16:29:00,32.053,0.0462655825306,0.0,0,0.0
2014-06-05 16:34:00,30.94,0.0462655825306,0.0250000003725,0,0.0
2014-06-05 16:39:00,31.5,0.0435979449468,0.0250000003725,0,0.0
2014-06-05 16:44:00,32.989,0.0462655825306,0.0250000003725,0,0.0
2014-06-05 16:49:00,32.166,0.0435979449468,0.0250000003725,0,0.0
2014-06-05 16:54:00,32.385,0.0435979449468,0.0,0,0.0
2014-06-05 16:59:00,34.686,0.0435979449468,0.0,0,0.0
2014-06-05 17:04:00,45.376,0.0462655825306,0.0,0,0.0
2014-06-05 17:09:00,59.543,0.0462655825306,0.0250000003725,0,0.0
2014-06-05 17:14:00,32.947,0.0519223316877,0.0,0,0.0
2014-06-05 17:19:00,32.04,0.0519223316877,0.0,0,0.0
2014-06-05 17:24:00,31.981,0.0549143644915,0.0,0,0.0
2014-06-05 17:29:00,33.327,0.0580173620226,0.0,0,0.0
2014-06-05 17:34:00,32.286,0.0612326544813,0.0,0,0.0
2014-06-05 17:39:00,31.001,0.0645615223263,0.0,0,0.0
2014-06-05 17:44:00,32.992,0.0645615223263,0.0,0,0.0
2014-06-05 17:49:00,31.837,0.0645615223263,0.0,0,0.0
2014-06-05 17:54:00,33.22,0.0645615223263,0.0,0,0.0
2014-06-05 17:59:00,34.278,0.0680051976973,0.0,0,0.0
2014-06-05 18:04:00,46.501,0.0645615223263,0.0250000003725,0,0.0
2014-06-05 18:09:00,53.332,0.0612326544813,0.0250000003725,0,0.0
2014-06-05 18:14:00,33.333,0.0612326544813,0.0,0,0.0
2014-06-05 18:19:00,31.72,0.0612326544813,0.0,0,0.0
2014-06-05 18:24:00,31.998,0.0612326544813,0.0,0,0.0
2014-06-05 18:29:00,33.65,0.0612326544813,0.0,0,0.0
2014-06-05 18:34:00,31.342,0.0612326544813,0.0,0,0.0
2014-06-05 18:39:00,31.812,0.0612326544813,0.0,0,0.0
2014-06-05 18:44:00,32.761,0.0612326544813,0.0,0,0.0
2014-06-05 18:49:00,32.167,0.0612326544813,0.0,0,0.0
2014-06-05 18:54:00,32.485,0.0645615223263,0.0,0,0.0
2014-06-05 18:59:00,34.484,0.0680051976973,0.0,0,0.0
2014-06-05 19:04:00,46.144,0.0680051976973,0.0,0,0.0
2014-06-05 19:09:00,59.051,0.0680051976973,0.0,0,0.0
2014-06-05 19:14:00,33.776,0.0680051976973,0.0,0,0.0
2014-06-05 19:19:00,33.121,0.0680051976973,0.0,0,0.0
2014-06-05 19:24:00,31.668,0.0680051976973,0.0,0,0.0
2014-06-05 19:29:00,34.313,0.0645615223263,0.0250000003725,0,0.0
2014-06-05 19:34:00,31.008,0.0645615223263,0.0,0,0.0
2014-06-05 19:39:00,32.317,0.0645615223263,0.0,0,0.0
2014-06-05 19:44:00,32.833,0.0645615223263,0.0,0,0.0
2014-06-05 19:49:00,31.988,0.0645615223263,0.0,0,0.0
2014-06-05 19:54:00,31.896,0.0645615223263,0.0,0,0.0
2014-06-05 19:59:00,34.949,0.0645615223263,0.0,0,0.0
2014-06-05 20:04:00,45.826,0.0645615223263,0.0,0,0.0
2014-06-05 20:09:00,59.666,0.0612326544813,0.0250000003725,0,0.0
2014-06-05 20:14:00,33.891,0.0549143644915,0.0500000007451,0,0.0
2014-06-05 20:19:00,33.762,0.0549143644915,0.0250000003725,0,0.0
2014-06-05 20:24:00,30.707,0.0549143644915,0.0,0,0.0
2014-06-05 20:29:00,33.919,0.0519223316877,0.0250000003725,0,0.0
2014-06-05 20:34:00,33.333,0.0490398822897,0.0250000003725,0,0.0
2014-06-05 20:39:00,32.172,0.0462655825306,0.0250000003725,0,0.0
2014-06-05 20:44:00,33.667,0.0462655825306,0.0,0,0.0
2014-06-05 20:49:00,31.334,0.0435979449468,0.0250000003725,0,0.0
2014-06-05 20:54:00,31.669,0.0435979449468,0.0,0,0.0
2014-06-05 20:59:00,35.313,0.0462655825306,0.0,0,0.0
2014-06-05 21:04:00,45.501,0.0519223316877,0.0,0,0.0
2014-06-05 21:09:00,59.996,0.0549143644915,0.0,0,0.0
2014-06-05 21:14:00,34.662,0.0519223316877,0.0250000003725,0,0.0
2014-06-05 21:19:00,32.0,0.0519223316877,0.0250000003725,0,0.0
2014-06-05 21:24:00,31.774,0.0519223316877,0.0250000003725,0,0.0
2014-06-05 21:29:00,32.99,0.0519223316877,0.0250000003725,0,0.0
2014-06-05 21:34:00,32.0,0.0490398822897,0.0250000003725,0,0.0
2014-06-05 21:39:00,32.667,0.0519223316877,0.0,0,0.0
2014-06-05 21:44:00,33.951,0.0519223316877,0.0,0,0.0
2014-06-05 21:49:00,31.334,0.0519223316877,0.0,0,0.0
2014-06-05 21:54:00,31.318,0.0519223316877,0.0,0,0.0
2014-06-05 21:59:00,34.673,0.0519223316877,0.0,0,0.0
2014-06-05 22:04:00,46.107,0.0549143644915,0.0,0,0.0
2014-06-05 22:09:00,60.166,0.0580173620226,0.0,0,0.0
2014-06-05 22:14:00,32.815,0.0549143644915,0.0500000007451,0,0.0
2014-06-05 22:19:00,32.499,0.0549143644915,0.0250000003725,0,0.0
2014-06-05 22:24:00,32.993,0.0580173620226,0.0,0,0.0
2014-06-05 22:29:00,33.218,0.0549143644915,0.0250000003725,0,0.0
2014-06-05 22:34:00,30.769,0.0549143644915,0.0,0,0.0
2014-06-05 22:39:00,33.051,0.0519223316877,0.0250000003725,0,0.0
2014-06-05 22:44:00,34.113,0.0519223316877,0.0,0,0.0
2014-06-05 22:49:00,30.053,0.0519223316877,0.0,0,0.0
2014-06-05 22:54:00,32.107,0.0519223316877,0.0,0,0.0
2014-06-05 22:59:00,36.332,0.0519223316877,0.0,0,0.0
2014-06-05 23:04:00,45.324,0.0580173620226,0.0,0,0.0
2014-06-05 23:09:00,60.0,0.0612326544813,0.0,0,0.0
2014-06-05 23:14:00,33.811,0.0609227362141,0.0,0,0.0
2014-06-05 23:19:00,34.6,0.0642587429224,0.0,0,0.0
2014-06-05 23:24:00,30.208,0.0642587429224,0.0,0,0.0
2014-06-05 23:29:00,33.052,0.0677106730819,0.0,0,0.0
2014-06-05 23:34:00,31.256,0.0677106730819,0.0,0,0.0
2014-06-05 23:39:00,32.262,0.0677106730819,0.0,0,0.0
2014-06-05 23:44:00,33.105,0.0677106730819,0.0,0,0.0
2014-06-05 23:49:00,32.11,0.0642587429224,0.0250000003725,0,0.0
2014-06-05 23:54:00,31.673,0.0642587429224,0.0,0,0.0
2014-06-05 23:59:00,33.461,0.0642587429224,0.0,0,0.0
2014-06-06 00:04:00,46.427,0.0609227362141,0.0250000003725,0,0.0
2014-06-06 00:09:00,59.167,0.0609227362141,0.0,0,0.0
2014-06-06 00:14:00,34.167,0.0609227362141,0.0,0,0.0
2014-06-06 00:19:00,31.999,0.0609227362141,0.0,0,0.0
2014-06-06 00:24:00,34.499,0.0609227362141,0.0,0,0.0
2014-06-06 00:29:00,33.149,0.0609227362141,0.0,0,0.0
2014-06-06 00:34:00,31.0,0.0609227362141,0.0,0,0.0
2014-06-06 00:39:00,32.394,0.0642587429224,0.0,0,0.0
2014-06-06 00:44:00,34.274,0.0609227362141,0.0250000003725,0,0.0
2014-06-06 00:49:00,32.36,0.0609227362141,0.0,0,0.0
2014-06-06 00:54:00,30.333,0.0642587429224,0.0,0,0.0
2014-06-06 00:59:00,35.753,0.0642587429224,0.0,0,0.0
2014-06-06 01:04:00,45.66,0.0642587429224,0.0,0,0.0
2014-06-06 01:09:00,59.882,0.0642587429224,0.0,0,0.0
2014-06-06 01:14:00,34.781,0.0642587429224,0.0,0,0.0
2014-06-06 01:19:00,33.667,0.0642587429224,0.0,0,0.0
2014-06-06 01:24:00,31.334,0.0642587429224,0.0,0,0.0
2014-06-06 01:29:00,34.0,0.0609227362141,0.0250000003725,0,0.0
2014-06-06 01:34:00,33.16,0.0609227362141,0.0250000003725,0,0.0
2014-06-06 01:39:00,30.833,0.0609227362141,0.0,0,0.0
2014-06-06 01:44:00,33.218,0.0609227362141,0.0,0,0.0
2014-06-06 01:49:00,31.995,0.0577013965676,0.0250000003725,0,0.0
2014-06-06 01:54:00,32.482,0.0577013965676,0.0,0,0.0
2014-06-06 01:59:00,34.578,0.0577013965676,0.0,0,0.0
2014-06-06 02:04:00,46.5,0.0515974439688,0.0500000007451,0,0.0
2014-06-06 02:09:00,60.321,0.0515974439688,0.0,0,0.0
2014-06-06 02:14:00,32.973,0.0515974439688,0.0,0,0.0
2014-06-06 02:19:00,32.496,0.0515974439688,0.0250000003725,0,0.0
2014-06-06 02:24:00,33.135,0.0545934180982,0.0,0,0.0
2014-06-06 02:29:00,34.666,0.0515974439688,0.0250000003725,0,0.0
2014-06-06 02:34:00,31.333,0.0487120649781,0.0250000003725,0,0.0
2014-06-06 02:39:00,31.65,0.0515974439688,0.0,0,0.0
2014-06-06 02:44:00,32.843,0.0515974439688,0.0,0,0.0
2014-06-06 02:49:00,32.156,0.0515974439688,0.0,0,0.0
2014-06-06 02:54:00,31.168,0.0545934180982,0.0250000003725,0,0.0
2014-06-06 02:59:00,34.665,0.0545934180982,0.0,0,0.0
2014-06-06 03:04:00,49.383,0.0515974439688,0.0250000003725,0,0.0
2014-06-06 03:09:00,73.833,0.0545934180982,0.0,0,0.0
2014-06-06 03:14:00,33.832,0.0545934180982,0.0,0,0.0
2014-06-06 03:19:00,32.829,0.0577013965676,0.0,0,0.0
2014-06-06 03:24:00,31.824,0.0609227362141,0.0,0,0.0
2014-06-06 03:29:00,33.453,0.0609227362141,0.0,0,0.0
2014-06-06 03:34:00,32.066,0.0609227362141,0.0,0,0.0
2014-06-06 03:39:00,31.257,0.0609227362141,0.0,0,0.0
2014-06-06 03:44:00,37.051,0.040704593517,0.20000000298,0,0.0
2014-06-06 03:49:00,31.668,0.040704593517,0.0,0,0.0
2014-06-06 03:54:00,32.501,0.0432671857495,0.0,0,0.0
2014-06-06 03:59:00,35.5,0.0432671857495,0.0,0,0.0
2014-06-06 04:04:00,45.5,0.0432671857495,0.0,0,0.0
2014-06-06 04:09:00,59.49,0.0382464101819,0.0500000007451,0,0.0
2014-06-06 04:14:00,32.491,0.0382464101819,0.0,0,0.0
2014-06-06 04:19:00,32.138,0.0358909462356,0.0250000003725,0,0.0
2014-06-06 04:24:00,32.322,0.0358909462356,0.0,0,0.0
2014-06-06 04:29:00,33.783,0.0358909462356,0.0,0,0.0
2014-06-06 04:34:00,32.105,0.0545934180982,0.0250000003725,0,0.0
2014-06-06 04:39:00,32.449,0.0545934180982,0.0,0,0.0
2014-06-06 04:44:00,32.32,0.0545934180982,0.0,0,0.0
2014-06-06 04:49:00,33.504,0.0545934180982,0.0,0,0.0
2014-06-06 04:54:00,31.001,0.0515974439688,0.0250000003725,0,0.0
2014-06-06 04:59:00,35.167,0.0577013965676,0.0,0,0.0
2014-06-06 05:04:00,46.002,0.0577013965676,0.0,0,0.0
2014-06-06 05:09:00,59.5,0.0609227362141,0.0,0,0.0
2014-06-06 05:14:00,33.318,0.0609227362141,0.0,0,0.0
2014-06-06 05:19:00,33.286,0.0577013965676,0.0250000003725,0,0.0
2014-06-06 05:24:00,31.324,0.0609227362141,0.0,0,0.0
2014-06-06 05:29:00,33.16,0.0609227362141,0.0,0,0.0
2014-06-06 05:34:00,32.0,0.0577013965676,0.0250000003725,0,0.0
2014-06-06 05:39:00,31.999,0.0577013965676,0.0,0,0.0
2014-06-06 05:44:00,33.235,0.0609227362141,0.0,0,0.0
2014-06-06 05:49:00,31.951,0.0609227362141,0.0,0,0.0
2014-06-06 05:54:00,31.335,0.0577013965676,0.0250000003725,0,0.0
2014-06-06 05:59:00,36.332,0.0545934180982,0.0250000003725,0,0.0
2014-06-06 06:04:00,47.424,0.0545934180982,0.0,0,0.0
2014-06-06 06:09:00,59.387,0.0577013965676,0.0,0,0.0
2014-06-06 06:14:00,33.606,0.0577013965676,0.0,0,0.0
2014-06-06 06:19:00,33.141,0.0577013965676,0.0,0,0.0
2014-06-06 06:24:00,31.001,0.0609227362141,0.0,0,0.0
2014-06-06 06:29:00,34.001,0.0609227362141,0.0,0,0.0
2014-06-06 06:34:00,31.836,0.0609227362141,0.0,0,0.0
2014-06-06 06:39:00,31.996,0.0609227362141,0.0,0,0.0
2014-06-06 06:44:00,33.33,0.0642587429224,0.0,0,0.0
2014-06-06 06:49:00,31.642,0.0677106730819,0.0,0,0.0
2014-06-06 06:54:00,32.001,0.0677106730819,0.0,0,0.0
2014-06-06 06:59:00,35.915,0.0677106730819,0.0,0,0.0
2014-06-06 07:04:00,45.266,0.0677106730819,0.0,0,0.0
2014-06-06 07:09:00,59.451,0.0677106730819,0.0,0,0.0
2014-06-06 07:14:00,34.312,0.0642587429224,0.0250000003725,0,0.0
2014-06-06 07:19:00,32.645,0.0642587429224,0.0,0,0.0
2014-06-06 07:24:00,31.72,0.0642587429224,0.0,0,0.0
2014-06-06 07:29:00,33.656,0.0642587429224,0.0,0,0.0
2014-06-06 07:34:00,31.644,0.0638919106306,0.0,0,0.0
2014-06-06 07:39:00,32.282,0.0638919106306,0.0,0,0.0
2014-06-06 07:44:00,33.818,0.0638919106306,0.0,0,0.0
2014-06-06 07:49:00,32.166,0.0638919106306,0.0,0,0.0
2014-06-06 07:54:00,31.813,0.0638919106306,0.0,0,0.0
2014-06-06 07:59:00,36.327,0.0605529510557,0.0250000003725,0,0.0
2014-06-06 08:04:00,45.496,0.0638919106306,0.0,0,0.0
2014-06-06 08:09:00,59.657,0.0638919106306,0.0,0,0.0
2014-06-06 08:14:00,34.483,0.0638919106306,0.0,0,0.0
2014-06-06 08:19:00,32.501,0.0638919106306,0.0,0,0.0
2014-06-06 08:24:00,31.0,0.0638919106306,0.0,0,0.0
2014-06-06 08:29:00,33.161,0.0638919106306,0.0,0,0.0
2014-06-06 08:34:00,31.978,0.0638919106306,0.0,0,0.0
2014-06-06 08:39:00,31.661,0.0638919106306,0.0,0,0.0
2014-06-06 08:44:00,32.334,0.0638919106306,0.0,0,0.0
2014-06-06 08:49:00,31.334,0.0673477567722,0.0,0,0.0
2014-06-06 08:54:00,34.16,0.0673477567722,0.0,0,0.0
2014-06-06 08:59:00,33.141,0.0673477567722,0.0,0,0.0
2014-06-06 09:04:00,46.999,0.0673477567722,0.0,0,0.0
2014-06-06 09:09:00,58.833,0.0673477567722,0.0,0,0.0
2014-06-06 09:14:00,33.344,0.0673477567722,0.0,0,0.0
2014-06-06 09:19:00,33.499,0.0673477567722,0.0,0,0.0
2014-06-06 09:24:00,31.833,0.0673477567722,0.0,0,0.0
2014-06-06 09:29:00,33.833,0.0673477567722,0.0,0,0.0
2014-06-06 09:34:00,32.385,0.0673477567722,0.0,0,0.0
2014-06-06 09:39:00,33.767,0.0673477567722,0.0,0,0.0
2014-06-06 09:44:00,32.281,0.0673477567722,0.0,0,0.0
2014-06-06 09:49:00,31.885,0.0673477567722,0.0,0,0.0
2014-06-06 09:54:00,31.619,0.0673477567722,0.0,0,0.0
2014-06-06 09:59:00,35.497,0.0673477567722,0.0,0,0.0
2014-06-06 10:04:00,46.308,0.0673477567722,0.0,0,0.0
2014-06-06 10:09:00,60.332,0.0673477567722,0.0,0,0.0
2014-06-06 10:14:00,33.166,0.0673477567722,0.0,0,0.0
2014-06-06 10:19:00,33.501,0.0673477567722,0.0,0,0.0
2014-06-06 10:24:00,33.166,0.0673477567722,0.0,0,0.0
2014-06-06 10:29:00,33.0,0.0673477567722,0.0,0,0.0
2014-06-06 10:34:00,32.376,0.0673477567722,0.0,0,0.0
2014-06-06 10:39:00,32.278,0.0673477567722,0.0,0,0.0
2014-06-06 10:44:00,32.667,0.0673477567722,0.0,0,0.0
2014-06-06 10:49:00,31.717,0.0673477567722,0.0,0,0.0
2014-06-06 10:54:00,31.27,0.0673477567722,0.0,0,0.0
2014-06-06 10:59:00,35.689,0.0673477567722,0.0,0,0.0
2014-06-06 11:04:00,44.539,0.0673477567722,0.0,0,0.0
2014-06-06 11:09:00,60.5,0.0673477567722,0.0,0,0.0
2014-06-06 11:14:00,33.157,0.0638919106306,0.0250000003725,0,0.0
2014-06-06 11:19:00,32.98,0.0638919106306,0.0,0,0.0
2014-06-06 11:24:00,34.463,0.0638919106306,0.0,0,0.0
2014-06-06 11:29:00,31.998,0.0638919106306,0.0,0,0.0
2014-06-06 11:34:00,33.824,0.0605529510557,0.0250000003725,0,0.0
2014-06-06 11:39:00,30.832,0.0605529510557,0.0,0,0.0
2014-06-06 11:44:00,33.315,0.0605529510557,0.0,0,0.0
2014-06-06 11:49:00,31.228,0.0605529510557,0.0,0,0.0
2014-06-06 11:54:00,31.442,0.0605529510557,0.0,0,0.0
2014-06-06 11:59:00,37.889,0.0403389987816,0.17499999702,0,0.0
2014-06-06 12:04:00,45.361,0.0403389987816,0.0250000003725,0,0.0
2014-06-06 12:09:00,60.098,0.0639117865339,0.425000011921,0,0.0
2014-06-06 12:14:00,33.546,0.0639117865339,0.0,0,0.0
2014-06-06 12:19:00,33.0,0.0639117865339,0.0,0,0.0
2014-06-06 12:24:00,32.331,0.0605721468345,0.0,0,0.0
2014-06-06 12:29:00,32.798,0.0605721468345,0.0,0,0.0
2014-06-06 12:34:00,32.256,0.0605721468345,0.0,0,0.0
2014-06-06 12:39:00,31.898,0.0605721468345,0.0,0,0.0
2014-06-06 12:44:00,33.179,0.0605721468345,0.0,0,0.0
2014-06-06 12:49:00,31.677,0.0403536648002,0.0,0,0.0
2014-06-06 12:54:00,32.49,0.0378986849632,0.0,0,0.0
2014-06-06 12:59:00,34.352,0.0673477567722,0.0,0,0.0
2014-06-06 13:04:00,46.501,0.0673477567722,0.0,0,0.0
2014-06-06 13:09:00,60.167,0.0673477567722,0.0,0,0.0
2014-06-06 13:14:00,35.436,0.0638919106306,0.0250000003725,0,0.0
2014-06-06 13:19:00,32.699,0.0638919106306,0.0,0,0.0
2014-06-06 13:24:00,32.486,0.0638919106306,0.0,0,0.0
2014-06-06 13:29:00,32.833,0.0638919106306,0.0,0,0.0
2014-06-06 13:34:00,31.658,0.0638919106306,0.0,0,0.0
2014-06-06 13:39:00,31.167,0.0638919106306,0.0,0,0.0
2014-06-06 13:44:00,32.999,0.0638919106306,0.0,0,0.0
2014-06-06 13:49:00,32.489,0.0638919106306,0.0,0,0.0
2014-06-06 13:54:00,33.833,0.0638919106306,0.0,0,0.0
2014-06-06 13:59:00,34.291,0.0638919106306,0.0,0,0.0
2014-06-06 14:04:00,46.166,0.0673477567722,0.0,0,0.0
2014-06-06 14:09:00,65.668,0.0638919106306,0.0250000003725,0,0.0
2014-06-06 14:14:00,33.488,0.0605529510557,0.0250000003725,0,0.0
2014-06-06 14:19:00,31.999,0.0605529510557,0.0,0,0.0
2014-06-06 14:24:00,32.833,0.0605529510557,0.0,0,0.0
2014-06-06 14:29:00,33.5,0.0605529510557,0.0,0,0.0
2014-06-06 14:34:00,32.503,0.0605529510557,0.0,0,0.0
2014-06-06 14:39:00,31.667,0.0605529510557,0.0,0,0.0
2014-06-06 14:44:00,33.663,0.0605529510557,0.0,0,0.0
2014-06-06 14:49:00,32.335,0.0605529510557,0.0,0,0.0
2014-06-06 14:54:00,31.991,0.0605529510557,0.0,0,0.0
2014-06-06 14:59:00,34.317,0.0638919106306,0.0,0,0.0
2014-06-06 15:04:00,46.053,0.0638919106306,0.0250000003725,0,0.0
2014-06-06 15:09:00,60.332,0.0638919106306,0.0,0,0.0
2014-06-06 15:14:00,34.605,0.0638919106306,0.0,0,0.0
2014-06-06 15:19:00,31.666,0.0638919106306,0.0,0,0.0
2014-06-06 15:24:00,31.835,0.0638919106306,0.0,0,0.0
2014-06-06 15:29:00,34.666,0.0638919106306,0.0,0,0.0
2014-06-06 15:34:00,31.667,0.0638919106306,0.0,0,0.0
2014-06-06 15:39:00,32.329,0.0638919106306,0.0,0,0.0
2014-06-06 15:44:00,32.496,0.0638919106306,0.0,0,0.0
2014-06-06 15:49:00,32.555,0.0638919106306,0.0,0,0.0
2014-06-06 15:54:00,32.334,0.0669587542222,0.0,0,0.0
2014-06-06 15:59:00,72.936,0.109780074815,0.925000011921,0,0.0
2014-06-06 16:04:00,100.0,0.109780074815,0.0,0,0.0
2014-06-06 16:09:00,79.0,0.15236636053,0.20000000298,0,0.0
2014-06-06 16:14:00,33.761,0.15236636053,0.0,0,0.0
2014-06-06 16:19:00,32.553,0.15236636053,0.0,0,0.0
2014-06-06 16:24:00,32.993,0.15236636053,0.0,0,0.0
2014-06-06 16:29:00,34.0,0.15236636053,0.0,0,0.0
2014-06-06 16:34:00,32.218,0.15236636053,0.0,0,0.0
2014-06-06 16:39:00,32.115,0.15236636053,0.0,0,0.0
2014-06-06 16:44:00,33.318,0.15236636053,0.0,0,0.0
2014-06-06 16:49:00,31.717,0.0425339408283,0.0,0,0.0
2014-06-06 16:54:00,31.613,0.0425339408283,0.0,0,0.0
2014-06-06 16:59:00,35.037,0.0669587542222,0.0,0,0.0
2014-06-06 17:04:00,46.103,0.0601661154905,0.0500000007451,0,0.0
2014-06-06 17:09:00,65.834,0.0601661154905,0.0,0,0.0
2014-06-06 17:14:00,34.16,0.0601661154905,0.0,0,0.0
2014-06-06 17:19:00,31.895,0.0601661154905,0.0,0,0.0
2014-06-06 17:24:00,32.115,0.0601661154905,0.0,0,0.0
2014-06-06 17:29:00,33.146,0.0601661154905,0.0,0,0.0
2014-06-06 17:34:00,32.325,0.0601661154905,0.0,0,0.0
2014-06-06 17:39:00,32.167,0.0601661154905,0.0,0,0.0
2014-06-06 17:44:00,33.048,0.0601661154905,0.0,0,0.0
2014-06-06 17:49:00,32.472,0.0601661154905,0.0,0,0.0
2014-06-06 17:54:00,31.666,0.0669587542222,0.0,0,0.0
2014-06-06 17:59:00,35.614,0.0669587542222,0.0,0,0.0
2014-06-06 18:04:00,46.332,0.0669587542222,0.0,0,0.0
2014-06-06 18:09:00,65.828,0.0669587542222,0.0,0,0.0
2014-06-06 18:14:00,33.176,0.0669587542222,0.0,0,0.0
2014-06-06 18:19:00,31.5,0.0669587542222,0.0,0,0.0
2014-06-06 18:24:00,32.608,0.0669587542222,0.0,0,0.0
2014-06-06 18:29:00,32.544,0.0669587542222,0.0,0,0.0
2014-06-06 18:34:00,31.821,0.0669587542222,0.0,0,0.0
2014-06-06 18:39:00,32.107,0.0669587542222,0.0,0,0.0
2014-06-06 18:44:00,33.344,0.0669587542222,0.0,0,0.0
2014-06-06 18:49:00,32.999,0.0669587542222,0.0,0,0.0
2014-06-06 18:54:00,32.667,0.0669587542222,0.0,0,0.0
2014-06-06 18:59:00,33.499,0.0669587542222,0.0,0,0.0
2014-06-06 19:04:00,46.218,0.0669587542222,0.0,0,0.0
2014-06-06 19:09:00,65.949,0.047965168483,0.15000000596,0,0.0
2014-06-06 19:14:00,33.336,0.047965168483,0.0,0,0.0
2014-06-06 19:19:00,31.988,0.047965168483,0.0,0,0.0
2014-06-06 19:24:00,32.0,0.047965168483,0.0,0,0.0
2014-06-06 19:29:00,34.394,0.047965168483,0.0,0,0.0
2014-06-06 19:34:00,32.669,0.047965168483,0.0,0,0.0
2014-06-06 19:39:00,32.108,0.047965168483,0.0,0,0.0
2014-06-06 19:44:00,33.832,0.047965168483,0.0,0,0.0
2014-06-06 19:49:00,32.672,0.047965168483,0.0,0,0.0
2014-06-06 19:54:00,30.539,0.047965168483,0.0,0,0.0
2014-06-06 19:59:00,34.489,0.0669587542222,0.0,0,0.0
2014-06-06 20:04:00,46.102,0.0669587542222,0.0,0,0.0
2014-06-06 20:09:00,66.837,0.0669587542222,0.0,0,0.0
2014-06-06 20:14:00,33.78,0.0669587542222,0.0,0,0.0
2014-06-06 20:19:00,32.353,0.0669587542222,0.0,0,0.0
2014-06-06 20:24:00,31.449,0.0669587542222,0.0,0,0.0
2014-06-06 20:29:00,34.321,0.0669587542222,0.0,0,0.0
2014-06-06 20:34:00,32.672,0.0669587542222,0.0,0,0.0
2014-06-06 20:39:00,31.502,0.0669587542222,0.0,0,0.0
2014-06-06 20:44:00,34.004,0.0669587542222,0.0,0,0.0
2014-06-06 20:49:00,32.668,0.0669587542222,0.0,0,0.0
2014-06-06 20:54:00,33.557,0.0669587542222,0.0,0,0.0
2014-06-06 20:59:00,34.928,0.0669587542222,0.0,0,0.0
2014-06-06 21:04:00,45.692,0.0669587542222,0.0,0,0.0
2014-06-06 21:09:00,66.008,0.0508458430518,0.125,0,0.0
2014-06-06 21:14:00,33.826,0.0508458430518,0.0,0,0.0
2014-06-06 21:19:00,32.335,0.0508458430518,0.0,0,0.0
2014-06-06 21:24:00,32.666,0.0508458430518,0.0,0,0.0
2014-06-06 21:29:00,33.384,0.0508458430518,0.0,0,0.0
2014-06-06 21:34:00,31.773,0.0508458430518,0.0,0,0.0
2014-06-06 21:39:00,31.163,0.0508458430518,0.0,0,0.0
2014-06-06 21:44:00,34.167,0.0508458430518,0.0,0,0.0
2014-06-06 21:49:00,31.327,0.0508458430518,0.0,0,0.0
2014-06-06 21:54:00,31.841,0.0508458430518,0.0,0,0.0
2014-06-06 21:59:00,35.333,0.0669587542222,0.0,0,0.0
2014-06-06 22:04:00,47.167,0.0635036387924,0.0250000003725,0,0.0
2014-06-06 22:09:00,73.111,0.0635036387924,0.0,0,0.0
2014-06-06 22:14:00,33.502,0.0635036387924,0.0,0,0.0
2014-06-06 22:19:00,32.059,0.0635036387924,0.0,0,0.0
2014-06-06 22:24:00,31.441,0.0635036387924,0.0,0,0.0
2014-06-06 22:29:00,33.82,0.0635036387924,0.0,0,0.0
2014-06-06 22:34:00,31.835,0.0635036387924,0.0,0,0.0
2014-06-06 22:39:00,31.667,0.0635036387924,0.0,0,0.0
2014-06-06 22:44:00,33.17,0.0635036387924,0.0,0,0.0
2014-06-06 22:49:00,32.153,0.0635036387924,0.0,0,0.0
2014-06-06 22:54:00,31.861,0.0669587542222,0.0,0,0.0
2014-06-06 22:59:00,34.762,0.0669587542222,0.0,0,0.0
2014-06-06 23:04:00,46.0,0.0669587542222,0.0,0,0.0
2014-06-06 23:09:00,66.667,0.0669587542222,0.0,0,0.0
2014-06-06 23:14:00,32.993,0.0669587542222,0.0,0,0.0
2014-06-06 23:19:00,32.985,0.0669587542222,0.0,0,0.0
2014-06-06 23:24:00,31.721,0.0669587542222,0.0,0,0.0
2014-06-06 23:29:00,33.654,0.0669587542222,0.0,0,0.0
2014-06-06 23:34:00,31.617,0.0669587542222,0.0,0,0.0
2014-06-06 23:39:00,32.541,0.0669587542222,0.0,0,0.0
2014-06-06 23:44:00,33.335,0.0669587542222,0.0,0,0.0
2014-06-06 23:49:00,33.28,0.0669587542222,0.0,0,0.0
2014-06-06 23:54:00,31.339,0.0669587542222,0.0,0,0.0
2014-06-06 23:59:00,33.399,0.0669587542222,0.0,0,0.0
2014-06-07 00:04:00,47.598,0.0635036387924,0.0250000003725,0,0.0
2014-06-07 00:09:00,73.005,0.0635036387924,0.0,0,0.0
2014-06-07 00:14:00,33.501,0.0631932516836,0.0,0,0.0
2014-06-07 00:19:00,32.166,0.0631932516836,0.0,0,0.0
2014-06-07 00:24:00,31.887,0.0631932516836,0.0,0,0.0
2014-06-07 00:29:00,34.616,0.0631932516836,0.0,0,0.0
2014-06-07 00:34:00,32.496,0.0631932516836,0.0,0,0.0
2014-06-07 00:39:00,31.506,0.0631932516836,0.0,0,0.0
2014-06-07 00:44:00,33.341,0.0631932516836,0.0,0,0.0
2014-06-07 00:49:00,32.334,0.0631932516836,0.0,0,0.0
2014-06-07 00:54:00,31.834,0.0666438961578,0.0,0,0.0
2014-06-07 00:59:00,36.166,0.056644354678,0.0750000029802,0,0.0
2014-06-07 01:04:00,46.165,0.056644354678,0.0,0,0.0
2014-06-07 01:09:00,73.165,0.056644354678,0.0,0,0.0
2014-06-07 01:14:00,33.834,0.056644354678,0.0,0,0.0
2014-06-07 01:19:00,31.5,0.056644354678,0.0,0,0.0
2014-06-07 01:24:00,32.0,0.056644354678,0.0,0,0.0
2014-06-07 01:29:00,34.33,0.0535434274698,0.0250000003725,0,0.0
2014-06-07 01:34:00,30.997,0.0535434274698,0.0,0,0.0
2014-06-07 01:39:00,33.002,0.0535434274698,0.0,0,0.0
2014-06-07 01:44:00,32.476,0.0535434274698,0.0,0,0.0
2014-06-07 01:49:00,33.509,0.0631932516836,0.0,0,0.0
2014-06-07 01:54:00,31.67,0.0631932516836,0.0,0,0.0
2014-06-07 01:59:00,34.304,0.0631932516836,0.0,0,0.0
2014-06-07 02:04:00,46.834,0.0598605084147,0.0250000003725,0,0.0
2014-06-07 02:09:00,71.01,0.0598605084147,0.0,0,0.0
2014-06-07 02:14:00,34.839,0.0598605084147,0.0,0,0.0
2014-06-07 02:19:00,32.499,0.0631932516836,0.0,0,0.0
2014-06-07 02:24:00,32.0,0.0631932516836,0.0,0,0.0
2014-06-07 02:29:00,33.833,0.0631932516836,0.0,0,0.0
2014-06-07 02:34:00,31.66,0.0631932516836,0.0,0,0.0
2014-06-07 02:39:00,32.211,0.0631932516836,0.0,0,0.0
2014-06-07 02:44:00,33.106,0.0631932516836,0.0,0,0.0
2014-06-07 02:49:00,32.002,0.0631932516836,0.0,0,0.0
2014-06-07 02:54:00,32.002,0.0666438961578,0.0,0,0.0
2014-06-07 02:59:00,36.435,0.0666438961578,0.0,0,0.0
2014-06-07 03:04:00,44.997,0.0666438961578,0.0,0,0.0
2014-06-07 03:09:00,73.06,0.0666438961578,0.0,0,0.0
2014-06-07 03:14:00,33.496,0.0631932516836,0.0250000003725,0,0.0
2014-06-07 03:19:00,32.437,0.0631932516836,0.0,0,0.0
2014-06-07 03:24:00,31.501,0.0631932516836,0.0,0,0.0
2014-06-07 03:29:00,33.221,0.0631932516836,0.0,0,0.0
2014-06-07 03:34:00,31.449,0.0631932516836,0.0,0,0.0
2014-06-07 03:39:00,35.544,0.0631932516836,0.0,0,0.0
2014-06-07 03:44:00,33.708,0.0631932516836,0.0,0,0.0
2014-06-07 03:49:00,35.502,0.0631932516836,0.0,0,0.0
2014-06-07 03:54:00,32.166,0.0631932516836,0.0,0,0.0
2014-06-07 03:59:00,35.109,0.0631932516836,0.0,0,0.0
2014-06-07 04:04:00,45.833,0.0666438961578,0.0,0,0.0
2014-06-07 04:09:00,73.833,0.0666438961578,0.0,0,0.0
2014-06-07 04:14:00,33.667,0.0666438961578,0.0,0,0.0
2014-06-07 04:19:00,32.265,0.0666438961578,0.0,0,0.0
2014-06-07 04:24:00,32.272,0.0666438961578,0.0,0,0.0
2014-06-07 04:29:00,33.001,0.0666438961578,0.0,0,0.0
2014-06-07 04:34:00,31.453,0.0666438961578,0.0,0,0.0
2014-06-07 04:39:00,32.171,0.0666438961578,0.0,0,0.0
2014-06-07 04:44:00,32.543,0.0666438961578,0.0,0,0.0
2014-06-07 04:49:00,32.414,0.0666438961578,0.0,0,0.0
2014-06-07 04:54:00,32.001,0.0666438961578,0.0,0,0.0
2014-06-07 04:59:00,34.511,0.0666438961578,0.0,0,0.0
2014-06-07 05:04:00,45.654,0.0631932516836,0.0250000003725,0,0.0
2014-06-07 05:09:00,73.053,0.0631932516836,0.0,0,0.0
2014-06-07 05:14:00,35.282,0.0631932516836,0.0,0,0.0
2014-06-07 05:19:00,31.17,0.0631932516836,0.0,0,0.0
2014-06-07 05:24:00,33.334,0.0631932516836,0.0,0,0.0
2014-06-07 05:29:00,32.368,0.0631932516836,0.0,0,0.0
2014-06-07 05:34:00,31.993,0.0631932516836,0.0,0,0.0
2014-06-07 05:39:00,33.6,0.0631932516836,0.0,0,0.0
2014-06-07 05:44:00,32.001,0.0631932516836,0.0,0,0.0
2014-06-07 05:49:00,32.832,0.0631932516836,0.0,0,0.0
2014-06-07 05:54:00,30.667,0.0666438961578,0.0,0,0.0
2014-06-07 05:59:00,35.359,0.0666438961578,0.0,0,0.0
2014-06-07 06:04:00,46.772,0.0666438961578,0.0,0,0.0
2014-06-07 06:09:00,72.668,0.0666438961578,0.0,0,0.0
2014-06-07 06:14:00,35.221,0.0666438961578,0.0,0,0.0
2014-06-07 06:19:00,31.152,0.0666438961578,0.0,0,0.0
2014-06-07 06:24:00,32.934,0.0666438961578,0.0,0,0.0
2014-06-07 06:29:00,33.556,0.0666438961578,0.0,0,0.0
2014-06-07 06:34:00,32.317,0.0666438961578,0.0,0,0.0
2014-06-07 06:39:00,31.614,0.0666438961578,0.0,0,0.0
2014-06-07 06:44:00,33.152,0.0666438961578,0.0,0,0.0
2014-06-07 06:49:00,31.819,0.0666438961578,0.0,0,0.0
2014-06-07 06:54:00,31.657,0.0666438961578,0.0,0,0.0
2014-06-07 06:59:00,34.999,0.0666438961578,0.0,0,0.0
2014-06-07 07:04:00,46.129,0.0666438961578,0.0,0,0.0
2014-06-07 07:09:00,74.434,0.0666438961578,0.0,0,0.0
2014-06-07 07:14:00,32.725,0.0666438961578,0.0,0,0.0
2014-06-07 07:19:00,32.113,0.0666438961578,0.0,0,0.0
2014-06-07 07:24:00,31.506,0.0666438961578,0.0,0,0.0
2014-06-07 07:29:00,33.834,0.0666438961578,0.0,0,0.0
2014-06-07 07:34:00,30.509,0.0666438961578,0.0,0,0.0
2014-06-07 07:39:00,31.335,0.0666438961578,0.0,0,0.0
2014-06-07 07:44:00,33.499,0.0666438961578,0.0,0,0.0
2014-06-07 07:49:00,31.385,0.0666438961578,0.0,0,0.0
2014-06-07 07:54:00,31.94,0.0666438961578,0.0,0,0.0
2014-06-07 07:59:00,34.832,0.0666438961578,0.0,0,0.0
2014-06-07 08:04:00,46.391,0.0666438961578,0.0,0,0.0
2014-06-07 08:09:00,72.655,0.0666438961578,0.0,0,0.0
2014-06-07 08:14:00,34.448,0.0666438961578,0.0,0,0.0
2014-06-07 08:19:00,31.0,0.0666438961578,0.0,0,0.0
2014-06-07 08:24:00,32.333,0.0666438961578,0.0,0,0.0
2014-06-07 08:29:00,34.332,0.0666438961578,0.0,0,0.0
2014-06-07 08:34:00,31.001,0.0661439710889,0.0,0,0.0
2014-06-07 08:39:00,32.332,0.0661439710889,0.0,0,0.0
2014-06-07 08:44:00,33.335,0.0661439710889,0.0,0,0.0
2014-06-07 08:49:00,31.874,0.0661439710889,0.0,0,0.0
2014-06-07 08:54:00,33.612,0.0661439710889,0.0,0,0.0
2014-06-07 08:59:00,33.906,0.0661439710889,0.0,0,0.0
2014-06-07 09:04:00,45.496,0.0626985740039,0.0250000003725,0,0.0
2014-06-07 09:09:00,72.946,0.0626985740039,0.0,0,0.0
2014-06-07 09:14:00,33.333,0.0626985740039,0.0,0,0.0
2014-06-07 09:19:00,31.869,0.0626985740039,0.0,0,0.0
2014-06-07 09:24:00,31.449,0.0626985740039,0.0,0,0.0
2014-06-07 09:29:00,33.327,0.0626985740039,0.0,0,0.0
2014-06-07 09:34:00,31.056,0.0626985740039,0.0,0,0.0
2014-06-07 09:39:00,32.448,0.0626985740039,0.0,0,0.0
2014-06-07 09:44:00,32.552,0.0626985740039,0.0,0,0.0
2014-06-07 09:49:00,32.609,0.0626985740039,0.0,0,0.0
2014-06-07 09:54:00,30.558,0.0661439710889,0.0,0,0.0
2014-06-07 09:59:00,35.6,0.0661439710889,0.0,0,0.0
2014-06-07 10:04:00,45.667,0.0661439710889,0.0,0,0.0
2014-06-07 10:09:00,73.167,0.0661439710889,0.0,0,0.0
2014-06-07 10:14:00,33.668,0.0661439710889,0.0,0,0.0
2014-06-07 10:19:00,31.816,0.0661439710889,0.0,0,0.0
2014-06-07 10:24:00,32.165,0.0661439710889,0.0,0,0.0
2014-06-07 10:29:00,32.379,0.0661439710889,0.0,0,0.0
2014-06-07 10:34:00,31.787,0.0661439710889,0.0,0,0.0
2014-06-07 10:39:00,31.496,0.0661439710889,0.0,0,0.0
2014-06-07 10:44:00,32.725,0.0661439710889,0.0,0,0.0
2014-06-07 10:49:00,32.164,0.0661439710889,0.0,0,0.0
2014-06-07 10:54:00,32.444,0.0661439710889,0.0,0,0.0
2014-06-07 10:59:00,34.054,0.0661439710889,0.0,0,0.0
2014-06-07 11:04:00,45.946,0.0626985740039,0.0250000003725,0,0.0
2014-06-07 11:09:00,73.167,0.0626985740039,0.0,0,0.0
2014-06-07 11:14:00,33.16,0.0626985740039,0.0,0,0.0
2014-06-07 11:19:00,32.333,0.0626985740039,0.0,0,0.0
2014-06-07 11:24:00,32.486,0.0626985740039,0.0,0,0.0
2014-06-07 11:29:00,34.381,0.0626985740039,0.0,0,0.0
2014-06-07 11:34:00,31.11,0.0626985740039,0.0,0,0.0
2014-06-07 11:39:00,31.896,0.0626985740039,0.0,0,0.0
2014-06-07 11:44:00,33.325,0.0593717046892,0.0250000003725,0,0.0
2014-06-07 11:49:00,31.443,0.0593717046892,0.0,0,0.0
2014-06-07 11:54:00,31.827,0.0626985740039,0.0,0,0.0
2014-06-07 11:59:00,35.321,0.0593717046892,0.0250000003725,0,0.0
2014-06-07 12:04:00,45.219,0.0593717046892,0.0,0,0.0
2014-06-07 12:09:00,72.94,0.0593717046892,0.0,0,0.0
2014-06-07 12:14:00,34.166,0.0593717046892,0.0,0,0.0
2014-06-07 12:19:00,32.553,0.0593717046892,0.0,0,0.0
2014-06-07 12:24:00,32.934,0.0593717046892,0.0,0,0.0
2014-06-07 12:29:00,34.001,0.0593717046892,0.0,0,0.0
2014-06-07 12:34:00,31.488,0.0626985740039,0.0,0,0.0
2014-06-07 12:39:00,32.324,0.0626985740039,0.0,0,0.0
2014-06-07 12:44:00,33.221,0.0626985740039,0.0,0,0.0
2014-06-07 12:49:00,31.951,0.0661439710889,0.0,0,0.0
2014-06-07 12:54:00,33.333,0.0661439710889,0.0,0,0.0
2014-06-07 12:59:00,34.159,0.0661439710889,0.0,0,0.0
2014-06-07 13:04:00,47.062,0.0661439710889,0.0,0,0.0
2014-06-07 13:09:00,71.304,0.0661439710889,0.0,0,0.0
2014-06-07 13:14:00,33.486,0.0661439710889,0.0,0,0.0
2014-06-07 13:19:00,32.822,0.0661439710889,0.0,0,0.0
2014-06-07 13:24:00,32.888,0.0661439710889,0.0,0,0.0
2014-06-07 13:29:00,32.946,0.0661439710889,0.0,0,0.0
2014-06-07 13:34:00,31.319,0.0661439710889,0.0,0,0.0
2014-06-07 13:39:00,32.037,0.0661439710889,0.0,0,0.0
2014-06-07 13:44:00,33.171,0.0661439710889,0.0,0,0.0
2014-06-07 13:49:00,32.939,0.0661439710889,0.0,0,0.0
2014-06-07 13:54:00,31.657,0.0661439710889,0.0,0,0.0
2014-06-07 13:59:00,35.708,0.0661439710889,0.0,0,0.0
2014-06-07 14:04:00,45.499,0.0661439710889,0.0,0,0.0
2014-06-07 14:09:00,72.835,0.0661439710889,0.0,0,0.0
2014-06-07 14:14:00,34.169,0.0661439710889,0.0,0,0.0
2014-06-07 14:19:00,32.491,0.0661439710889,0.0,0,0.0
2014-06-07 14:24:00,32.321,0.0661439710889,0.0,0,0.0
2014-06-07 14:29:00,33.997,0.0661439710889,0.0,0,0.0
2014-06-07 14:34:00,31.885,0.0661439710889,0.0,0,0.0
2014-06-07 14:39:00,32.329,0.0661439710889,0.0,0,0.0
2014-06-07 14:44:00,34.282,0.0661439710889,0.0,0,0.0
2014-06-07 14:49:00,32.592,0.0661439710889,0.0,0,0.0
2014-06-07 14:54:00,30.202,0.0661439710889,0.0,0,0.0
2014-06-07 14:59:00,35.831,0.0661439710889,0.0,0,0.0
2014-06-07 15:04:00,45.66,0.0593717046892,0.0500000007451,0,0.0
2014-06-07 15:09:00,72.951,0.0593717046892,0.0,0,0.0
2014-06-07 15:14:00,34.001,0.0593717046892,0.0,0,0.0
2014-06-07 15:19:00,32.167,0.0593717046892,0.0,0,0.0
2014-06-07 15:24:00,33.5,0.0593717046892,0.0,0,0.0
2014-06-07 15:29:00,33.495,0.0593717046892,0.0,0,0.0
2014-06-07 15:34:00,32.833,0.0593717046892,0.0,0,0.0
2014-06-07 15:39:00,31.819,0.0593717046892,0.0,0,0.0
2014-06-07 15:44:00,34.884,0.0561620303768,0.0250000003725,0,0.0
2014-06-07 15:49:00,32.448,0.0561620303768,0.0,0,0.0
2014-06-07 15:54:00,32.999,0.0626985740039,0.0,0,0.0
2014-06-07 15:59:00,35.473,0.0626985740039,0.0,0,0.0
2014-06-07 16:04:00,47.334,0.0626985740039,0.0,0,0.0
2014-06-07 16:09:00,72.667,0.0626985740039,0.0,0,0.0
2014-06-07 16:14:00,35.659,0.0593717046892,0.0250000003725,0,0.0
2014-06-07 16:19:00,31.999,0.0593717046892,0.0,0,0.0
2014-06-07 16:24:00,32.385,0.0593717046892,0.0,0,0.0
2014-06-07 16:29:00,33.943,0.0593717046892,0.0,0,0.0
2014-06-07 16:34:00,31.556,0.0626985740039,0.0,0,0.0
2014-06-07 16:39:00,31.67,0.0626985740039,0.0,0,0.0
2014-06-07 16:44:00,32.615,0.0626985740039,0.0,0,0.0
2014-06-07 16:49:00,32.493,0.0626985740039,0.0,0,0.0
2014-06-07 16:54:00,31.496,0.0622234614773,0.0,0,0.0
2014-06-07 16:59:00,34.537,0.0622234614773,0.0,0,0.0
2014-06-07 17:04:00,46.176,0.0656643441664,0.0,0,0.0
2014-06-07 17:09:00,81.252,0.0589017539215,0.0500000007451,0,0.0
2014-06-07 17:14:00,32.678,0.0526103927304,0.0500000007451,0,0.0
2014-06-07 17:19:00,31.448,0.0526103927304,0.0,0,0.0
2014-06-07 17:24:00,33.163,0.0526103927304,0.0,0,0.0
2014-06-07 17:29:00,33.857,0.0526103927304,0.0,0,0.0
2014-06-07 17:34:00,31.109,0.0526103927304,0.0,0,0.0
2014-06-07 17:39:00,32.714,0.0526103927304,0.0,0,0.0
2014-06-07 17:44:00,31.949,0.0526103927304,0.0,0,0.0
2014-06-07 17:49:00,31.996,0.0526103927304,0.0,0,0.0
2014-06-07 17:54:00,31.489,0.0526103927304,0.0,0,0.0
2014-06-07 17:59:00,34.675,0.0589017539215,0.0,0,0.0
2014-06-07 18:04:00,45.294,0.0656643441664,0.0,0,0.0
2014-06-07 18:09:00,73.003,0.0656643441664,0.0,0,0.0
2014-06-07 18:14:00,34.159,0.0656643441664,0.0,0,0.0
2014-06-07 18:19:00,32.005,0.0656643441664,0.0,0,0.0
2014-06-07 18:24:00,32.991,0.0656643441664,0.0,0,0.0
2014-06-07 18:29:00,34.329,0.0656643441664,0.0,0,0.0
2014-06-07 18:34:00,31.986,0.0656643441664,0.0,0,0.0
2014-06-07 18:39:00,32.383,0.0656643441664,0.0,0,0.0
2014-06-07 18:44:00,33.987,0.0656643441664,0.0,0,0.0
2014-06-07 18:49:00,33.603,0.0656643441664,0.0,0,0.0
2014-06-07 18:54:00,30.494,0.0656643441664,0.0,0,0.0
2014-06-07 18:59:00,35.96,0.0622234614773,0.0250000003725,0,0.0
2014-06-07 19:04:00,44.826,0.0622234614773,0.0,0,0.0
2014-06-07 19:09:00,79.0,0.0556978671233,0.0500000007451,0,0.0
2014-06-07 19:14:00,33.604,0.0556978671233,0.0,0,0.0
2014-06-07 19:19:00,33.383,0.0556978671233,0.0,0,0.0
2014-06-07 19:24:00,30.946,0.0556978671233,0.0,0,0.0
2014-06-07 19:29:00,34.138,0.0556978671233,0.0,0,0.0
2014-06-07 19:34:00,33.17,0.0556978671233,0.0,0,0.0
2014-06-07 19:39:00,33.372,0.0556978671233,0.0,0,0.0
2014-06-07 19:44:00,33.169,0.0556978671233,0.0,0,0.0
2014-06-07 19:49:00,32.328,0.0589017539215,0.0,0,0.0
2014-06-07 19:54:00,31.558,0.0589017539215,0.0,0,0.0
2014-06-07 19:59:00,35.105,0.0656643441664,0.0,0,0.0
2014-06-07 20:04:00,45.789,0.0656643441664,0.0,0,0.0
2014-06-07 20:09:00,78.782,0.0656643441664,0.0,0,0.0
2014-06-07 20:14:00,34.677,0.0656643441664,0.0,0,0.0
2014-06-07 20:19:00,33.391,0.0656643441664,0.0,0,0.0
2014-06-07 20:24:00,33.096,0.0656643441664,0.0,0,0.0
2014-06-07 20:29:00,34.557,0.0656643441664,0.0,0,0.0
2014-06-07 20:34:00,33.313,0.0656643441664,0.0,0,0.0
2014-06-07 20:39:00,31.319,0.0656643441664,0.0,0,0.0
2014-06-07 20:44:00,32.993,0.0656643441664,0.0,0,0.0
2014-06-07 20:49:00,31.782,0.0656643441664,0.0,0,0.0
2014-06-07 20:54:00,32.38,0.0656643441664,0.0,0,0.0
2014-06-07 20:59:00,34.759,0.0656643441664,0.0,0,0.0
2014-06-07 21:04:00,46.054,0.0656643441664,0.0,0,0.0
2014-06-07 21:09:00,73.333,0.0656643441664,0.0,0,0.0
2014-06-07 21:14:00,34.386,0.0656643441664,0.0,0,0.0
2014-06-07 21:19:00,33.83,0.0656643441664,0.0,0,0.0
2014-06-07 21:24:00,31.598,0.0656643441664,0.0,0,0.0
2014-06-07 21:29:00,34.5,0.0622234614773,0.0250000003725,0,0.0
2014-06-07 21:34:00,31.501,0.0622234614773,0.0,0,0.0
2014-06-07 21:39:00,31.508,0.0622234614773,0.0,0,0.0
2014-06-07 21:44:00,32.706,0.0589017539215,0.0250000003725,0,0.0
2014-06-07 21:49:00,31.893,0.0589017539215,0.0,0,0.0
2014-06-07 21:54:00,31.54,0.0589017539215,0.0,0,0.0
2014-06-07 21:59:00,34.516,0.0589017539215,0.0,0,0.0
2014-06-07 22:04:00,47.154,0.0589017539215,0.0,0,0.0
2014-06-07 22:09:00,79.5,0.0556978671233,0.0250000003725,0,0.0
2014-06-07 22:14:00,33.342,0.0556978671233,0.0,0,0.0
2014-06-07 22:19:00,32.494,0.0589017539215,0.0,0,0.0
2014-06-07 22:24:00,32.834,0.0589017539215,0.0,0,0.0
2014-06-07 22:29:00,32.829,0.0589017539215,0.0,0,0.0
2014-06-07 22:34:00,31.001,0.0622234614773,0.0,0,0.0
2014-06-07 22:39:00,32.502,0.0622234614773,0.0,0,0.0
2014-06-07 22:44:00,32.817,0.0589017539215,0.0250000003725,0,0.0
2014-06-07 22:49:00,31.835,0.0589017539215,0.0,0,0.0
2014-06-07 22:54:00,31.173,0.0589017539215,0.0,0,0.0
2014-06-07 22:59:00,34.555,0.0622234614773,0.0,0,0.0
2014-06-07 23:04:00,45.279,0.0622234614773,0.0,0,0.0
2014-06-07 23:09:00,72.615,0.0622234614773,0.0,0,0.0
2014-06-07 23:14:00,33.001,0.0622234614773,0.0,0,0.0
2014-06-07 23:19:00,32.381,0.0622234614773,0.0,0,0.0
2014-06-07 23:24:00,31.945,0.0622234614773,0.0,0,0.0
2014-06-07 23:29:00,33.999,0.0622234614773,0.0,0,0.0
2014-06-07 23:34:00,33.665,0.0656643441664,0.0,0,0.0
2014-06-07 23:39:00,32.334,0.0656643441664,0.0,0,0.0
2014-06-07 23:44:00,33.888,0.0656643441664,0.0,0,0.0
2014-06-07 23:49:00,33.299,0.0656643441664,0.0,0,0.0
2014-06-07 23:54:00,30.644,0.0656643441664,0.0,0,0.0
2014-06-07 23:59:00,33.196,0.0656643441664,0.0,0,0.0
2014-06-08 00:04:00,46.489,0.0622234614773,0.0250000003725,0,0.0
2014-06-08 00:09:00,79.615,0.0589017539215,0.0250000003725,0,0.0
2014-06-08 00:14:00,33.0,0.0589017539215,0.0,0,0.0
2014-06-08 00:19:00,32.668,0.0589017539215,0.0,0,0.0
2014-06-08 00:24:00,31.336,0.0589017539215,0.0,0,0.0
2014-06-08 00:29:00,34.331,0.0589017539215,0.0,0,0.0
2014-06-08 00:34:00,32.505,0.0589017539215,0.0,0,0.0
2014-06-08 00:39:00,32.503,0.0589017539215,0.0,0,0.0
2014-06-08 00:44:00,33.485,0.0589017539215,0.0,0,0.0
2014-06-08 00:49:00,32.0,0.0589017539215,0.0,0,0.0
2014-06-08 00:54:00,31.498,0.0622234614773,0.0,0,0.0
2014-06-08 00:59:00,35.196,0.0656643441664,0.0,0,0.0
2014-06-08 01:04:00,46.096,0.0656643441664,0.0,0,0.0
2014-06-08 01:09:00,73.333,0.0656643441664,0.0,0,0.0
2014-06-08 01:14:00,34.334,0.065244596301,0.0,0,0.0
2014-06-08 01:19:00,32.334,0.065244596301,0.0,0,0.0
2014-06-08 01:24:00,33.8,0.065244596301,0.0,0,0.0
2014-06-08 01:29:00,33.846,0.065244596301,0.0,0,0.0
2014-06-08 01:34:00,32.667,0.065244596301,0.0,0,0.0
2014-06-08 01:39:00,31.312,0.065244596301,0.0,0,0.0
2014-06-08 01:44:00,33.494,0.065244596301,0.0,0,0.0
2014-06-08 01:49:00,31.822,0.065244596301,0.0,0,0.0
2014-06-08 01:54:00,31.999,0.065244596301,0.0,0,0.0
2014-06-08 01:59:00,35.821,0.065244596301,0.0,0,0.0
2014-06-08 02:04:00,45.997,0.065244596301,0.0,0,0.0
2014-06-08 02:09:00,80.167,0.0618051369572,0.0250000003725,0,0.0
2014-06-08 02:14:00,33.508,0.0618051369572,0.0,0,0.0
2014-06-08 02:19:00,32.664,0.0618051369572,0.0,0,0.0
2014-06-08 02:24:00,33.332,0.0618051369572,0.0,0,0.0
2014-06-08 02:29:00,34.72,0.0618051369572,0.0,0,0.0
2014-06-08 02:34:00,33.28,0.0618051369572,0.0,0,0.0
2014-06-08 02:39:00,32.996,0.0618051369572,0.0,0,0.0
2014-06-08 02:44:00,32.33,0.0618051369572,0.0,0,0.0
2014-06-08 02:49:00,31.554,0.0618051369572,0.0,0,0.0
2014-06-08 02:54:00,32.67,0.0618051369572,0.0,0,0.0
2014-06-08 02:59:00,34.826,0.065244596301,0.0,0,0.0
2014-06-08 03:04:00,46.776,0.0618051369572,0.0250000003725,0,0.0
2014-06-08 03:09:00,79.107,0.0618051369572,0.0,0,0.0
2014-06-08 03:14:00,34.047,0.0618051369572,0.0,0,0.0
2014-06-08 03:19:00,33.332,0.0618051369572,0.0,0,0.0
2014-06-08 03:24:00,35.882,0.0584856060527,0.0250000003725,0,0.0
2014-06-08 03:29:00,33.334,0.0584856060527,0.0,0,0.0
2014-06-08 03:34:00,31.864,0.0584856060527,0.0,0,0.0
2014-06-08 03:39:00,36.947,0.0360696215073,0.20000000298,0,0.0
2014-06-08 03:44:00,31.892,0.0360696215073,0.0,0,0.0
2014-06-08 03:49:00,31.951,0.0360696215073,0.0,0,0.0
2014-06-08 03:54:00,30.658,0.0384841033369,0.0,0,0.0
2014-06-08 03:59:00,35.001,0.0384841033369,0.0,0,0.0
2014-06-08 04:04:00,46.546,0.0384841033369,0.0,0,0.0
2014-06-08 04:09:00,86.333,0.0337605733488,0.0500000007451,0,0.0
2014-06-08 04:14:00,33.774,0.0360696215073,0.0,0,0.0
2014-06-08 04:19:00,31.332,0.0360696215073,0.0,0,0.0
2014-06-08 04:24:00,33.15,0.0360696215073,0.0,0,0.0
2014-06-08 04:29:00,32.425,0.0584856060527,0.0,0,0.0
2014-06-08 04:34:00,32.394,0.0584856060527,0.0,0,0.0
2014-06-08 04:39:00,33.334,0.0584856060527,0.0,0,0.0
2014-06-08 04:44:00,32.001,0.0584856060527,0.0,0,0.0
2014-06-08 04:49:00,31.666,0.0584856060527,0.0,0,0.0
2014-06-08 04:54:00,31.262,0.0584856060527,0.0,0,0.0
2014-06-08 04:59:00,34.88,0.065244596301,0.0,0,0.0
2014-06-08 05:04:00,46.391,0.065244596301,0.0,0,0.0
2014-06-08 05:09:00,79.615,0.065244596301,0.0,0,0.0
2014-06-08 05:14:00,33.493,0.065244596301,0.0,0,0.0
2014-06-08 05:19:00,33.336,0.065244596301,0.0,0,0.0
2014-06-08 05:24:00,32.168,0.065244596301,0.0,0,0.0
2014-06-08 05:29:00,33.052,0.065244596301,0.0,0,0.0
2014-06-08 05:34:00,33.504,0.065244596301,0.0,0,0.0
2014-06-08 05:39:00,31.834,0.065244596301,0.0,0,0.0
2014-06-08 05:44:00,33.629,0.065244596301,0.0,0,0.0
2014-06-08 05:49:00,32.001,0.065244596301,0.0,0,0.0
2014-06-08 05:54:00,31.836,0.065244596301,0.0,0,0.0
2014-06-08 05:59:00,33.75,0.065244596301,0.0,0,0.0
2014-06-08 06:04:00,46.049,0.065244596301,0.0,0,0.0
2014-06-08 06:09:00,85.833,0.0618051369572,0.0250000003725,0,0.0
2014-06-08 06:14:00,34.168,0.0492325385801,0.10000000149,0,0.0
2014-06-08 06:19:00,31.887,0.0492325385801,0.0,0,0.0
2014-06-08 06:24:00,32.157,0.0492325385801,0.0,0,0.0
2014-06-08 06:29:00,34.0,0.0492325385801,0.0,0,0.0
2014-06-08 06:34:00,32.271,0.0492325385801,0.0,0,0.0
2014-06-08 06:39:00,32.656,0.0492325385801,0.0,0,0.0
2014-06-08 06:44:00,33.166,0.0492325385801,0.0,0,0.0
2014-06-08 06:49:00,32.166,0.0492325385801,0.0,0,0.0
2014-06-08 06:54:00,31.825,0.0492325385801,0.0,0,0.0
2014-06-08 06:59:00,35.22,0.0522007670538,0.0,0,0.0
2014-06-08 07:04:00,45.772,0.0522007670538,0.10000000149,0,0.0
2014-06-08 07:09:00,79.666,0.0463783946888,0.0500000007451,0,0.0
2014-06-08 07:14:00,34.121,0.0463783946888,0.0,0,0.0
2014-06-08 07:19:00,33.17,0.0463783946888,0.0,0,0.0
2014-06-08 07:24:00,31.501,0.0463783946888,0.0,0,0.0
2014-06-08 07:29:00,34.5,0.0463783946888,0.0,0,0.0
2014-06-08 07:34:00,32.054,0.0463783946888,0.0,0,0.0
2014-06-08 07:39:00,32.33,0.0463783946888,0.0,0,0.0
2014-06-08 07:44:00,33.111,0.0463783946888,0.0,0,0.0
2014-06-08 07:49:00,32.978,0.0463783946888,0.0,0,0.0
2014-06-08 07:54:00,32.001,0.0584856060527,0.0,0,0.0
2014-06-08 07:59:00,36.519,0.065244596301,0.0,0,0.0
2014-06-08 08:04:00,44.667,0.065244596301,0.0,0,0.0
2014-06-08 08:09:00,86.048,0.065244596301,0.0,0,0.0
2014-06-08 08:14:00,34.123,0.0552846264808,0.0750000029802,0,0.0
2014-06-08 08:19:00,32.001,0.0552846264808,0.0,0,0.0
2014-06-08 08:24:00,31.0,0.0552846264808,0.0,0,0.0
2014-06-08 08:29:00,33.33,0.0552846264808,0.0,0,0.0
2014-06-08 08:34:00,32.033,0.0552846264808,0.0,0,0.0
2014-06-08 08:39:00,31.67,0.0552846264808,0.0,0,0.0
2014-06-08 08:44:00,33.335,0.0552846264808,0.0,0,0.0
2014-06-08 08:49:00,31.616,0.0552846264808,0.0,0,0.0
2014-06-08 08:54:00,32.201,0.0552846264808,0.0,0,0.0
2014-06-08 08:59:00,35.616,0.0522007668284,0.0250000003725,0,0.0
2014-06-08 09:04:00,45.641,0.0463783948973,0.125,0,0.0
2014-06-08 09:09:00,87.053,0.0463783948973,0.0,0,0.0
2014-06-08 09:14:00,33.439,0.0463783948973,0.0,0,0.0
2014-06-08 09:19:00,31.871,0.0463783948973,0.0,0,0.0
2014-06-08 09:24:00,32.457,0.0463783948973,0.0,0,0.0
2014-06-08 09:29:00,33.334,0.0463783948973,0.0,0,0.0
2014-06-08 09:34:00,31.322,0.0460751523951,0.0,0,0.0
2014-06-08 09:39:00,31.507,0.0460751523951,0.0,0,0.0
2014-06-08 09:44:00,33.166,0.0460751523951,0.0,0,0.0
2014-06-08 09:49:00,31.596,0.0489303788857,0.0,0,0.0
2014-06-08 09:54:00,31.061,0.0649617292409,0.0,0,0.0
2014-06-08 09:59:00,34.647,0.0649617292409,0.0,0,0.0
2014-06-08 10:04:00,46.499,0.0649617292409,0.0,0,0.0
2014-06-08 10:09:00,86.666,0.0649617292409,0.0,0,0.0
2014-06-08 10:14:00,33.847,0.0649617292409,0.0,0,0.0
2014-06-08 10:19:00,32.216,0.0649617292409,0.0,0,0.0
2014-06-08 10:24:00,32.618,0.0649617292409,0.0,0,0.0
2014-06-08 10:29:00,32.907,0.0649617292409,0.0,0,0.0
2014-06-08 10:34:00,31.777,0.0649617292409,0.0,0,0.0
2014-06-08 10:39:00,32.057,0.0649617292409,0.0,0,0.0
2014-06-08 10:44:00,32.776,0.0649617292409,0.0,0,0.0
2014-06-08 10:49:00,33.486,0.0649617292409,0.0,0,0.0
2014-06-08 10:54:00,31.159,0.0649617292409,0.0,0,0.0
2014-06-08 10:59:00,34.343,0.0649617292409,0.0,0,0.0
2014-06-08 11:04:00,45.506,0.0649617292409,0.0,0,0.0
2014-06-08 11:09:00,86.334,0.0649617292409,0.0,0,0.0
2014-06-08 11:14:00,32.82,0.0649617292409,0.0,0,0.0
2014-06-08 11:19:00,32.053,0.0649617292409,0.0,0,0.0
2014-06-08 11:24:00,32.604,0.0649617292409,0.0,0,0.0
2014-06-08 11:29:00,32.546,0.0649617292409,0.0,0,0.0
2014-06-08 11:34:00,32.096,0.0649617292409,0.0,0,0.0
2014-06-08 11:39:00,32.167,0.0649617292409,0.0,0,0.0
2014-06-08 11:44:00,31.997,0.0649617292409,0.0,0,0.0
2014-06-08 11:49:00,31.666,0.0649617292409,0.0,0,0.0
2014-06-08 11:54:00,31.669,0.0649617292409,0.0,0,0.0
2014-06-08 11:59:00,34.23,0.0649617292409,0.0,0,0.0
2014-06-08 12:04:00,45.496,0.0649617292409,0.0,0,0.0
2014-06-08 12:09:00,87.107,0.0519005794878,0.10000000149,0,0.0
2014-06-08 12:14:00,33.043,0.0519005794878,0.0,0,0.0
2014-06-08 12:19:00,31.589,0.0519005794878,0.0,0,0.0
2014-06-08 12:24:00,32.003,0.0519005794878,0.0,0,0.0
2014-06-08 12:29:00,33.5,0.0519005794878,0.0,0,0.0
2014-06-08 12:34:00,31.5,0.0519005794878,0.0,0,0.0
2014-06-08 12:39:00,32.002,0.0519005794878,0.0,0,0.0
2014-06-08 12:44:00,33.666,0.0519005794878,0.0,0,0.0
2014-06-08 12:49:00,31.827,0.0519005794878,0.0,0,0.0
2014-06-08 12:54:00,32.334,0.0519005794878,0.0,0,0.0
2014-06-08 12:59:00,34.946,0.0649617292409,0.0,0,0.0
2014-06-08 13:04:00,46.377,0.0649617292409,0.0,0,0.0
2014-06-08 13:09:00,86.115,0.0649617292409,0.0,0,0.0
2014-06-08 13:14:00,32.388,0.0649617292409,0.0,0,0.0
2014-06-08 13:19:00,32.608,0.0649617292409,0.0,0,0.0
2014-06-08 13:24:00,32.492,0.0649617292409,0.0,0,0.0
2014-06-08 13:29:00,32.551,0.0649617292409,0.0,0,0.0
2014-06-08 13:34:00,32.27,0.0649617292409,0.0,0,0.0
2014-06-08 13:39:00,30.825,0.0649617292409,0.0,0,0.0
2014-06-08 13:44:00,32.99,0.0649617292409,0.0,0,0.0
2014-06-08 13:49:00,31.984,0.0649617292409,0.0,0,0.0
2014-06-08 13:54:00,32.213,0.0649617292409,0.0,0,0.0
2014-06-08 13:59:00,34.66,0.0649617292409,0.0,0,0.0
2014-06-08 14:04:00,45.654,0.0649617292409,0.0,0,0.0
2014-06-08 14:09:00,85.834,0.0649617292409,0.0,0,0.0
2014-06-08 14:14:00,33.334,0.0649617292409,0.0,0,0.0
2014-06-08 14:19:00,31.724,0.0649617292409,0.0,0,0.0
2014-06-08 14:24:00,31.782,0.0649617292409,0.0,0,0.0
2014-06-08 14:29:00,33.809,0.0649617292409,0.0,0,0.0
2014-06-08 14:34:00,30.984,0.0649617292409,0.0,0,0.0
2014-06-08 14:39:00,32.503,0.0649617292409,0.0,0,0.0
2014-06-08 14:44:00,33.346,0.0649617292409,0.0,0,0.0
2014-06-08 14:49:00,31.278,0.0649617292409,0.0,0,0.0
2014-06-08 14:54:00,31.333,0.0649617292409,0.0,0,0.0
2014-06-08 14:59:00,35.024,0.0649617292409,0.0,0,0.0
2014-06-08 15:04:00,46.502,0.0649617292409,0.0,0,0.0
2014-06-08 15:09:00,86.5,0.0649617292409,0.0,0,0.0
2014-06-08 15:14:00,34.01,0.0649617292409,0.0,0,0.0
2014-06-08 15:19:00,31.223,0.0649617292409,0.0,0,0.0
2014-06-08 15:24:00,32.435,0.0649617292409,0.0,0,0.0
2014-06-08 15:29:00,34.861,0.0649617292409,0.0,0,0.0
2014-06-08 15:34:00,31.114,0.0649617292409,0.0,0,0.0
2014-06-08 15:39:00,31.166,0.0649617292409,0.0,0,0.0
2014-06-08 15:44:00,33.665,0.0649617292409,0.0,0,0.0
2014-06-08 15:49:00,32.385,0.0649617292409,0.0,0,0.0
2014-06-08 15:54:00,32.283,0.0649617292409,0.0,0,0.0
2014-06-08 15:59:00,34.649,0.0649617292409,0.0,0,0.0
2014-06-08 16:04:00,45.494,0.0649617292409,0.0,0,0.0
2014-06-08 16:09:00,86.115,0.0615164747606,0.0250000003725,0,0.0
2014-06-08 16:14:00,35.167,0.0581921415819,0.0250000003725,0,0.0
2014-06-08 16:19:00,31.662,0.0581921415819,0.0,0,0.0
2014-06-08 16:24:00,32.839,0.0581921415819,0.0,0,0.0
2014-06-08 16:29:00,33.313,0.0581921415819,0.0,0,0.0
2014-06-08 16:34:00,31.057,0.0581921415819,0.0,0,0.0
2014-06-08 16:39:00,31.827,0.0581921415819,0.0,0,0.0
2014-06-08 16:44:00,32.616,0.0581921415819,0.0,0,0.0
2014-06-08 16:49:00,32.142,0.0581921415819,0.0,0,0.0
2014-06-08 16:54:00,32.165,0.0581921415819,0.0,0,0.0
2014-06-08 16:59:00,34.832,0.0615164747606,0.0,0,0.0
2014-06-08 17:04:00,45.224,0.0649617292409,0.0,0,0.0
2014-06-08 17:09:00,86.448,0.0649617292409,0.0,0,0.0
2014-06-08 17:14:00,33.501,0.0649617292409,0.0,0,0.0
2014-06-08 17:19:00,32.499,0.0649617292409,0.0,0,0.0
2014-06-08 17:24:00,31.661,0.0649617292409,0.0,0,0.0
2014-06-08 17:29:00,33.038,0.0649617292409,0.0,0,0.0
2014-06-08 17:34:00,30.95,0.0649617292409,0.0,0,0.0
2014-06-08 17:39:00,31.5,0.0649617292409,0.0,0,0.0
2014-06-08 17:44:00,32.884,0.0649617292409,0.0,0,0.0
2014-06-08 17:49:00,32.289,0.0649617292409,0.0,0,0.0
2014-06-08 17:54:00,30.712,0.0645318895601,0.0,0,0.0
2014-06-08 17:59:00,35.269,0.0645318895601,0.0,0,0.0
2014-06-08 18:04:00,45.502,0.0645318895601,0.0,0,0.0
2014-06-08 18:09:00,85.37,0.0645318895601,0.0,0,0.0
2014-06-08 18:14:00,32.771,0.0645318895601,0.0,0,0.0
2014-06-08 18:19:00,31.329,0.0645318895601,0.0,0,0.0
2014-06-08 18:24:00,30.889,0.0645318895601,0.0,0,0.0
2014-06-08 18:29:00,34.13,0.0645318895601,0.0,0,0.0
2014-06-08 18:34:00,31.035,0.0645318895601,0.0,0,0.0
2014-06-08 18:39:00,31.436,0.0645318895601,0.0,0,0.0
2014-06-08 18:44:00,32.72,0.0645318895601,0.0,0,0.0
2014-06-08 18:49:00,32.105,0.0645318895601,0.0,0,0.0
2014-06-08 18:54:00,31.329,0.0645318895601,0.0,0,0.0
2014-06-08 18:59:00,35.646,0.0645318895601,0.0,0,0.0
2014-06-08 19:04:00,44.979,0.0645318895601,0.0,0,0.0
2014-06-08 19:09:00,86.0,0.0645318895601,0.0,0,0.0
2014-06-08 19:14:00,33.543,0.0645318895601,0.0,0,0.0
2014-06-08 19:19:00,32.271,0.0645318895601,0.0,0,0.0
2014-06-08 19:24:00,32.999,0.0645318895601,0.0,0,0.0
2014-06-08 19:29:00,32.832,0.0645318895601,0.0,0,0.0
2014-06-08 19:34:00,32.056,0.0645318895601,0.0,0,0.0
2014-06-08 19:39:00,32.169,0.0645318895601,0.0,0,0.0
2014-06-08 19:44:00,33.605,0.0645318895601,0.0,0,0.0
2014-06-08 19:49:00,31.007,0.0645318895601,0.0,0,0.0
2014-06-08 19:54:00,31.506,0.0645318895601,0.0,0,0.0
2014-06-08 19:59:00,35.678,0.0645318895601,0.0,0,0.0
2014-06-08 20:04:00,44.721,0.0645318895601,0.0,0,0.0
2014-06-08 20:09:00,87.0,0.0645318895601,0.0,0,0.0
2014-06-08 20:14:00,34.039,0.0645318895601,0.0,0,0.0
2014-06-08 20:19:00,32.612,0.0645318895601,0.0,0,0.0
2014-06-08 20:24:00,32.334,0.0645318895601,0.0,0,0.0
2014-06-08 20:29:00,33.669,0.0645318895601,0.0,0,0.0
2014-06-08 20:34:00,32.163,0.0645318895601,0.0,0,0.0
2014-06-08 20:39:00,32.834,0.0645318895601,0.0,0,0.0
2014-06-08 20:44:00,33.324,0.0645318895601,0.0,0,0.0
2014-06-08 20:49:00,31.108,0.0645318895601,0.0,0,0.0
2014-06-08 20:54:00,32.118,0.0645318895601,0.0,0,0.0
2014-06-08 20:59:00,34.285,0.0645318895601,0.0,0,0.0
2014-06-08 21:04:00,46.808,0.0645318895601,0.0,0,0.0
2014-06-08 21:09:00,85.667,0.0610896105963,0.0250000003725,0,0.0
2014-06-08 21:14:00,33.844,0.0610896105963,0.0,0,0.0
2014-06-08 21:19:00,31.823,0.0610896105963,0.0,0,0.0
2014-06-08 21:24:00,31.482,0.0610896105963,0.0,0,0.0
2014-06-08 21:29:00,33.001,0.0610896105963,0.0,0,0.0
2014-06-08 21:34:00,31.494,0.0610896105963,0.0,0,0.0
2014-06-08 21:39:00,31.539,0.0610896105963,0.0,0,0.0
2014-06-08 21:44:00,32.88,0.0610896105963,0.0,0,0.0
2014-06-08 21:49:00,31.207,0.0610896105963,0.0,0,0.0
2014-06-08 21:54:00,31.478,0.0610896105963,0.0,0,0.0
2014-06-08 21:59:00,34.165,0.0645318895601,0.0,0,0.0
2014-06-08 22:04:00,46.051,0.0645318895601,0.0,0,0.0
2014-06-08 22:09:00,93.167,0.0645318895601,0.0,0,0.0
2014-06-08 22:14:00,33.12,0.0610896105963,0.0250000003725,0,0.0
2014-06-08 22:19:00,32.39,0.0610896105963,0.0,0,0.0
2014-06-08 22:24:00,32.782,0.0610896105963,0.0,0,0.0
2014-06-08 22:29:00,32.343,0.0610896105963,0.0,0,0.0
2014-06-08 22:34:00,31.499,0.0610896105963,0.0,0,0.0
2014-06-08 22:39:00,31.833,0.0610896105963,0.0,0,0.0
2014-06-08 22:44:00,33.989,0.0610896105963,0.0,0,0.0
2014-06-08 22:49:00,30.002,0.0610896105963,0.0,0,0.0
2014-06-08 22:54:00,31.5,0.0610896105963,0.0,0,0.0
2014-06-08 22:59:00,35.33,0.0545684462419,0.0500000007451,0,0.0
2014-06-08 23:04:00,45.025,0.0577689371615,0.0,0,0.0
2014-06-08 23:09:00,86.057,0.0577689371615,0.0,0,0.0
2014-06-08 23:14:00,34.455,0.0577689371615,0.0,0,0.0
2014-06-08 23:19:00,32.14,0.0577689371615,0.0,0,0.0
2014-06-08 23:24:00,31.645,0.0577689371615,0.0,0,0.0
2014-06-08 23:29:00,34.318,0.0577689371615,0.0,0,0.0
2014-06-08 23:34:00,30.363,0.0577689371615,0.0,0,0.0
2014-06-08 23:39:00,32.106,0.0577689371615,0.0,0,0.0
2014-06-08 23:44:00,32.834,0.0577689371615,0.0,0,0.0
2014-06-08 23:49:00,32.44,0.0645318895601,0.0,0,0.0
2014-06-08 23:54:00,32.047,0.0645318895601,0.0,0,0.0
2014-06-08 23:59:00,32.663,0.0645318895601,0.0,0,0.0
2014-06-09 00:04:00,46.001,0.0645318895601,0.0,0,0.0
2014-06-09 00:09:00,86.666,0.0645318895601,0.0,0,0.0
2014-06-09 00:14:00,34.18,0.0645318895601,0.0,0,0.0
2014-06-09 00:19:00,31.877,0.0645318895601,0.0,0,0.0
2014-06-09 00:24:00,31.601,0.0645318895601,0.0,0,0.0
2014-06-09 00:29:00,33.494,0.0645318895601,0.0,0,0.0
2014-06-09 00:34:00,32.61,0.0645318895601,0.0,0,0.0
2014-06-09 00:39:00,31.732,0.0645318895601,0.0,0,0.0
2014-06-09 00:44:00,33.372,0.0645318895601,0.0,0,0.0
2014-06-09 00:49:00,31.831,0.0645318895601,0.0,0,0.0
2014-06-09 00:54:00,32.437,0.0645318895601,0.0,0,0.0
2014-06-09 00:59:00,35.064,0.0645318895601,0.0,0,0.0
2014-06-09 01:04:00,46.159,0.0645318895601,0.0,0,0.0
2014-06-09 01:09:00,86.167,0.0645318895601,0.0,0,0.0
2014-06-09 01:14:00,33.724,0.0645318895601,0.0,0,0.0
2014-06-09 01:19:00,32.711,0.0645318895601,0.0,0,0.0
2014-06-09 01:24:00,32.38,0.0645318895601,0.0,0,0.0
2014-06-09 01:29:00,34.498,0.0610896105963,0.0250000003725,0,0.0
2014-06-09 01:34:00,33.5,0.0610896105963,0.0,0,0.0
2014-06-09 01:39:00,31.667,0.0610896105963,0.0,0,0.0
2014-06-09 01:44:00,33.666,0.0610896105963,0.0,0,0.0
2014-06-09 01:49:00,31.713,0.0610896105963,0.0,0,0.0
2014-06-09 01:54:00,31.61,0.0610896105963,0.0,0,0.0
2014-06-09 01:59:00,35.802,0.0610896105963,0.0,0,0.0
2014-06-09 02:04:00,45.998,0.0577689371615,0.0250000003725,0,0.0
2014-06-09 02:09:00,93.167,0.0429378116677,0.125,0,0.0
2014-06-09 02:14:00,34.506,0.0425428945771,0.0,0,0.0
2014-06-09 02:19:00,32.83,0.0452709381108,0.0,0,0.0
2014-06-09 02:24:00,31.001,0.0452709381108,0.0,0,0.0
2014-06-09 02:29:00,32.886,0.0452709381108,0.0,0,0.0
2014-06-09 02:34:00,31.597,0.0452709381108,0.0,0,0.0
2014-06-09 02:39:00,31.835,0.0452709381108,0.0,0,0.0
2014-06-09 02:44:00,33.175,0.0452709381108,0.0,0,0.0
2014-06-09 02:49:00,31.495,0.0452709381108,0.0,0,0.0
2014-06-09 02:54:00,31.542,0.0481134252655,0.0,0,0.0
2014-06-09 02:59:00,36.947,0.0452709374883,0.15000000596,0,0.0
2014-06-09 03:04:00,44.67,0.0452709374883,0.0,0,0.0
2014-06-09 03:09:00,94.667,0.0374230644082,0.0750000029802,0,0.0
2014-06-09 03:14:00,31.627,0.0350275770863,0.0250000003725,0,0.0
2014-06-09 03:19:00,36.006,0.032739128588,0.0250000003725,0,0.0
2014-06-09 03:24:00,32.51,0.032739128588,0.0,0,0.0
2014-06-09 03:29:00,32.314,0.032739128588,0.0,0,0.0
2014-06-09 03:34:00,32.163,0.032739128588,0.0,0,0.0
2014-06-09 03:39:00,30.984,0.032739128588,0.0,0,0.0
2014-06-09 03:44:00,32.669,0.032739128588,0.0,0,0.0
2014-06-09 03:49:00,31.06,0.0481134248333,0.0,0,0.0
2014-06-09 03:54:00,32.11,0.0481134248333,0.0,0,0.0
2014-06-09 03:59:00,35.683,0.057344111405,0.0,0,0.0
2014-06-09 04:04:00,45.04,0.057344111405,0.0250000003725,0,0.0
2014-06-09 04:09:00,86.448,0.0606606275926,0.0,0,0.0
2014-06-09 04:14:00,33.36,0.0606606275926,0.0,0,0.0
2014-06-09 04:19:00,31.171,0.0606606275926,0.0,0,0.0
2014-06-09 04:24:00,31.669,0.0606606275926,0.0,0,0.0
2014-06-09 04:29:00,32.62,0.0606606275926,0.0,0,0.0
2014-06-09 04:34:00,31.668,0.0606606275926,0.0,0,0.0
2014-06-09 04:39:00,32.169,0.0606606275926,0.0,0,0.0
2014-06-09 04:44:00,32.998,0.0606606275926,0.0,0,0.0
2014-06-09 04:49:00,31.164,0.0606606275926,0.0,0,0.0
2014-06-09 04:54:00,32.387,0.064099411546,0.0,0,0.0
2014-06-09 04:59:00,34.27,0.064099411546,0.0,0,0.0
2014-06-09 05:04:00,45.833,0.0606606275926,0.0250000003725,0,0.0
2014-06-09 05:09:00,93.22,0.0481134250494,0.10000000149,0,0.0
2014-06-09 05:14:00,33.948,0.0481134250494,0.0,0,0.0
2014-06-09 05:19:00,33.163,0.0481134250494,0.0,0,0.0
2014-06-09 05:24:00,30.834,0.0481134250494,0.0,0,0.0
2014-06-09 05:29:00,34.334,0.0481134250494,0.0,0,0.0
2014-06-09 05:34:00,32.554,0.0481134250494,0.0,0,0.0
2014-06-09 05:39:00,32.283,0.0481134250494,0.0,0,0.0
2014-06-09 05:44:00,31.711,0.0481134250494,0.0,0,0.0
2014-06-09 05:49:00,31.672,0.0481134250494,0.0,0,0.0
2014-06-09 05:54:00,31.269,0.0510720434529,0.0,0,0.0
2014-06-09 05:59:00,34.557,0.064099411546,0.0,0,0.0
2014-06-09 06:04:00,45.449,0.057344111405,0.0500000007451,0,0.0
2014-06-09 06:09:00,86.115,0.057344111405,0.0,0,0.0
2014-06-09 06:14:00,34.177,0.057344111405,0.0,0,0.0
2014-06-09 06:19:00,32.333,0.057344111405,0.0,0,0.0
2014-06-09 06:24:00,32.335,0.057344111405,0.0,0,0.0
2014-06-09 06:29:00,32.366,0.057344111405,0.0,0,0.0
2014-06-09 06:34:00,32.269,0.057344111405,0.0,0,0.0
2014-06-09 06:39:00,30.972,0.057344111405,0.0,0,0.0
2014-06-09 06:44:00,34.047,0.057344111405,0.0,0,0.0
2014-06-09 06:49:00,30.776,0.057344111405,0.0,0,0.0
2014-06-09 06:54:00,31.515,0.064099411546,0.0,0,0.0
2014-06-09 06:59:00,35.594,0.064099411546,0.0,0,0.0
2014-06-09 07:04:00,44.504,0.0541484175859,0.0750000029802,0,0.0
2014-06-09 07:09:00,93.167,0.0374230644082,0.15000000596,0,0.0
2014-06-09 07:14:00,33.501,0.032739128588,0.0500000007451,0,0.0
2014-06-09 07:19:00,32.101,0.032739128588,0.0,0,0.0
2014-06-09 07:24:00,31.556,0.032739128588,0.0,0,0.0
2014-06-09 07:29:00,33.055,0.032739128588,0.0,0,0.0
2014-06-09 07:34:00,31.503,0.032739128588,0.0,0,0.0
2014-06-09 07:39:00,31.278,0.032739128588,0.0,0,0.0
2014-06-09 07:44:00,33.305,0.032739128588,0.0,0,0.0
2014-06-09 07:49:00,31.166,0.032739128588,0.0,0,0.0
2014-06-09 07:54:00,32.153,0.0399275421619,0.0,0,0.0
2014-06-09 07:59:00,34.502,0.057344111405,0.0,0,0.0
2014-06-09 08:04:00,46.45,0.0510720434529,0.10000000149,0,0.0
2014-06-09 08:09:00,93.833,0.0510720434529,0.0,0,0.0
2014-06-09 08:14:00,33.0,0.0481134250494,0.0250000003725,0,0.0
2014-06-09 08:19:00,32.495,0.0481134250494,0.0,0,0.0
2014-06-09 08:24:00,31.5,0.0481134250494,0.0,0,0.0
2014-06-09 08:29:00,34.334,0.0481134250494,0.0,0,0.0
2014-06-09 08:34:00,32.172,0.0481134250494,0.0,0,0.0
2014-06-09 08:39:00,31.833,0.0481134250494,0.0,0,0.0
2014-06-09 08:44:00,33.487,0.0481134250494,0.0,0,0.0
2014-06-09 08:49:00,30.884,0.0481134250494,0.0,0,0.0
2014-06-09 08:54:00,32.282,0.0606606275926,0.0,0,0.0
2014-06-09 08:59:00,35.438,0.057344111405,0.0250000003725,0,0.0
2014-06-09 09:04:00,46.877,0.0452709381108,0.125,0,0.0
2014-06-09 09:09:00,93.167,0.0452709381108,0.0,0,0.0
2014-06-09 09:14:00,34.501,0.0452709381108,0.0,0,0.0
2014-06-09 09:19:00,32.167,0.0452709381108,0.0,0,0.0
2014-06-09 09:24:00,33.166,0.0452709381108,0.0,0,0.0
2014-06-09 09:29:00,31.508,0.0452709381108,0.0,0,0.0
2014-06-09 09:34:00,31.694,0.0452709381108,0.0,0,0.0
2014-06-09 09:39:00,31.947,0.0452709381108,0.0,0,0.0
2014-06-09 09:44:00,33.402,0.0452709381108,0.0,0,0.0
2014-06-09 09:49:00,32.66,0.0481134252655,0.0,0,0.0
2014-06-09 09:54:00,31.33,0.064099411546,0.0,0,0.0
2014-06-09 09:59:00,34.648,0.0606606275926,0.0250000003725,0,0.0
2014-06-09 10:04:00,45.784,0.0481134250494,0.10000000149,0,0.0
2014-06-09 10:09:00,93.167,0.0481134250494,0.0,0,0.0
2014-06-09 10:14:00,33.672,0.0481134250494,0.0,0,0.0
2014-06-09 10:19:00,32.333,0.0481134250494,0.0,0,0.0
2014-06-09 10:24:00,32.72,0.0481134250494,0.0,0,0.0
2014-06-09 10:29:00,33.494,0.0481134250494,0.0,0,0.0
2014-06-09 10:34:00,32.158,0.0479325482944,0.0,0,0.0
2014-06-09 10:39:00,32.629,0.0479325482944,0.0,0,0.0
2014-06-09 10:44:00,32.334,0.0479325482944,0.0,0,0.0
2014-06-09 10:49:00,31.334,0.0508999861741,0.0,0,0.0
2014-06-09 10:54:00,31.335,0.0639746354268,0.0,0,0.0
2014-06-09 10:59:00,35.162,0.0639746354268,0.0,0,0.0
2014-06-09 11:04:00,45.153,0.0639746354268,0.0,0,0.0
2014-06-09 11:09:00,93.0,0.0508999861741,0.10000000149,0,0.0
2014-06-09 11:14:00,33.927,0.0508999861741,0.0,0,0.0
2014-06-09 11:19:00,32.666,0.0508999861741,0.0,0,0.0
2014-06-09 11:24:00,31.711,0.0508999861741,0.0,0,0.0
2014-06-09 11:29:00,33.936,0.0508999861741,0.0,0,0.0
2014-06-09 11:34:00,33.553,0.0479325482944,0.0250000003725,0,0.0
2014-06-09 11:39:00,31.431,0.0479325482944,0.0,0,0.0
2014-06-09 11:44:00,34.025,0.0479325482944,0.0,0,0.0
2014-06-09 11:49:00,32.281,0.0479325482944,0.0,0,0.0
2014-06-09 11:54:00,32.048,0.0479325482944,0.0,0,0.0
2014-06-09 11:59:00,35.339,0.0605221762121,0.0,0,0.0
2014-06-09 12:04:00,45.6,0.0605221762121,0.0,0,0.0
2014-06-09 12:09:00,93.39,0.0571932388953,0.0250000003725,0,0.0
2014-06-09 12:14:00,35.112,0.0571932388953,0.0,0,0.0
2014-06-09 12:19:00,32.598,0.0571932388953,0.0,0,0.0
2014-06-09 12:24:00,32.052,0.0605221762121,0.0,0,0.0
2014-06-09 12:29:00,35.318,0.0571932388953,0.0250000003725,0,0.0
2014-06-09 12:34:00,32.216,0.0571932388953,0.0,0,0.0
2014-06-09 12:39:00,32.95,0.0571932388953,0.0,0,0.0
2014-06-09 12:44:00,34.001,0.0571932388953,0.0,0,0.0
2014-06-09 12:49:00,32.667,0.0571932388953,0.0,0,0.0
2014-06-09 12:54:00,31.379,0.0571932388953,0.0,0,0.0
2014-06-09 12:59:00,35.07,0.0605221762121,0.0,0,0.0
2014-06-09 13:04:00,46.149,0.0605221762121,0.0,0,0.0
2014-06-09 13:09:00,93.333,0.0479325482944,0.10000000149,0,0.0
2014-06-09 13:14:00,33.725,0.0479325482944,0.0,0,0.0
2014-06-09 13:19:00,32.328,0.0508999861741,0.0,0,0.0
2014-06-09 13:24:00,32.28,0.0508999861741,0.0,0,0.0
2014-06-09 13:29:00,33.481,0.0508999861741,0.0,0,0.0
2014-06-09 13:34:00,32.824,0.0508999861741,0.0,0,0.0
2014-06-09 13:39:00,31.693,0.0508999861741,0.0,0,0.0
2014-06-09 13:44:00,33.116,0.0508999861741,0.0,0,0.0
2014-06-09 13:49:00,32.864,0.0508999861741,0.0,0,0.0
2014-06-09 13:54:00,31.604,0.0508999861741,0.0,0,0.0
2014-06-09 13:59:00,35.625,0.0639746354268,0.0,0,0.0
2014-06-09 14:04:00,46.055,0.0639746354268,0.0,0,0.0
2014-06-09 14:09:00,100.0,0.0605221762121,0.0250000003725,0,0.0
2014-06-09 14:14:00,33.661,0.0605221762121,0.0,0,0.0
2014-06-09 14:19:00,32.172,0.0605221762121,0.0,0,0.0
2014-06-09 14:24:00,33.154,0.0605221762121,0.0,0,0.0
2014-06-09 14:29:00,32.976,0.0605221762121,0.0,0,0.0
2014-06-09 14:34:00,33.653,0.0605221762121,0.0,0,0.0
2014-06-09 14:39:00,33.167,0.0605221762121,0.0,0,0.0
2014-06-09 14:44:00,33.207,0.0605221762121,0.0,0,0.0
2014-06-09 14:49:00,32.434,0.0605221762121,0.0,0,0.0
2014-06-09 14:54:00,31.832,0.0605221762121,0.0,0,0.0
2014-06-09 14:59:00,35.482,0.0605221762121,0.0250000003725,0,0.0
2014-06-09 15:04:00,45.001,0.0571932388953,0.0250000003725,0,0.0
2014-06-09 15:09:00,93.333,0.0571932388953,0.0,0,0.0
2014-06-09 15:14:00,33.999,0.0571932388953,0.0,0,0.0
2014-06-09 15:19:00,32.663,0.0571932388953,0.0,0,0.0
2014-06-09 15:24:00,33.665,0.0571932388953,0.0,0,0.0
2014-06-09 15:29:00,33.665,0.0571932388953,0.0,0,0.0
2014-06-09 15:34:00,31.818,0.0571932388953,0.0,0,0.0
2014-06-09 15:39:00,33.147,0.0571932388953,0.0,0,0.0
2014-06-09 15:44:00,32.163,0.0571932388953,0.0,0,0.0
2014-06-09 15:49:00,31.381,0.0605221762121,0.0,0,0.0
2014-06-09 15:54:00,32.775,0.0639746354268,0.0,0,0.0
2014-06-09 15:59:00,34.019,0.0639746354268,0.0,0,0.0
2014-06-09 16:04:00,46.645,0.0639746354268,0.0,0,0.0
2014-06-09 16:09:00,100.0,0.0605221762121,0.0250000003725,0,0.0
2014-06-09 16:14:00,33.223,0.0605221762121,0.0,0,0.0
2014-06-09 16:19:00,32.442,0.0605221762121,0.0,0,0.0
2014-06-09 16:24:00,33.667,0.0605221762121,0.0,0,0.0
2014-06-09 16:29:00,33.991,0.0605221762121,0.0,0,0.0
2014-06-09 16:34:00,33.002,0.0605221762121,0.0,0,0.0
2014-06-09 16:39:00,31.53,0.0605221762121,0.0,0,0.0
2014-06-09 16:44:00,33.055,0.0605221762121,0.0,0,0.0
2014-06-09 16:49:00,31.795,0.0605221762121,0.0,0,0.0
2014-06-09 16:54:00,32.397,0.0605221762121,0.0,0,0.0
2014-06-09 16:59:00,34.881,0.0639746354268,0.0,0,0.0
2014-06-09 17:04:00,46.273,0.0571932388953,0.0500000007451,0,0.0
2014-06-09 17:09:00,100.0,0.0508999861741,0.0500000007451,0,0.0
2014-06-09 17:14:00,33.107,0.0508999861741,0.0,0,0.0
2014-06-09 17:19:00,32.212,0.0508999861741,0.0,0,0.0
2014-06-09 17:24:00,31.618,0.0508999861741,0.0,0,0.0
2014-06-09 17:29:00,33.673,0.0508999861741,0.0,0,0.0
2014-06-09 17:34:00,32.671,0.0508999861741,0.0,0,0.0
2014-06-09 17:39:00,32.481,0.0508999861741,0.0,0,0.0
2014-06-09 17:44:00,32.667,0.0508999861741,0.0,0,0.0
2014-06-09 17:49:00,31.877,0.0508999861741,0.0,0,0.0
2014-06-09 17:54:00,33.44,0.0571932388953,0.0,0,0.0
2014-06-09 17:59:00,34.987,0.0639746354268,0.0,0,0.0
2014-06-09 18:04:00,46.554,0.0639746354268,0.0,0,0.0
2014-06-09 18:09:00,100.0,0.0639746354268,0.0,0,0.0
2014-06-09 18:14:00,33.725,0.0639746354268,0.0,0,0.0
2014-06-09 18:19:00,31.617,0.0639746354268,0.0,0,0.0
2014-06-09 18:24:00,31.499,0.0639746354268,0.0,0,0.0
2014-06-09 18:29:00,32.935,0.0639746354268,0.0,0,0.0
2014-06-09 18:34:00,32.896,0.0639746354268,0.0,0,0.0
2014-06-09 18:39:00,30.546,0.0639746354268,0.0,0,0.0
2014-06-09 18:44:00,33.109,0.0639746354268,0.0,0,0.0
2014-06-09 18:49:00,32.441,0.0639746354268,0.0,0,0.0
2014-06-09 18:54:00,32.106,0.0637569668709,0.0,0,0.0
2014-06-09 18:59:00,35.147,0.0637569668709,0.0,0,0.0
2014-06-09 19:04:00,46.61,0.0637569668709,0.0,0,0.0
2014-06-09 19:09:00,100.0,0.0637569668709,0.0,0,0.0
2014-06-09 19:14:00,34.296,0.0637569668709,0.0,0,0.0
2014-06-09 19:19:00,32.148,0.0637569668709,0.0,0,0.0
2014-06-09 19:24:00,32.331,0.0637569668709,0.0,0,0.0
2014-06-09 19:29:00,32.988,0.0637569668709,0.0,0,0.0
2014-06-09 19:34:00,31.966,0.0637569668709,0.0,0,0.0
2014-06-09 19:39:00,33.326,0.0637569668709,0.0,0,0.0
2014-06-09 19:44:00,33.656,0.0637569668709,0.0,0,0.0
2014-06-09 19:49:00,34.313,0.0637569668709,0.0,0,0.0
2014-06-09 19:54:00,29.816,0.0637569668709,0.0,0,0.0
2014-06-09 19:59:00,35.46,0.0637569668709,0.0,0,0.0
2014-06-09 20:04:00,46.67,0.0637569668709,0.0,0,0.0
2014-06-09 20:09:00,100.0,0.0602978481739,0.0250000003725,0,0.0
2014-06-09 20:14:00,33.875,0.0602978481739,0.0,0,0.0
2014-06-09 20:19:00,32.321,0.0602978481739,0.0,0,0.0
2014-06-09 20:24:00,33.114,0.0602978481739,0.0,0,0.0
2014-06-09 20:29:00,34.21,0.0569632058446,0.0250000003725,0,0.0
2014-06-09 20:34:00,32.446,0.0569632058446,0.0,0,0.0
2014-06-09 20:39:00,31.815,0.0569632058446,0.0,0,0.0
2014-06-09 20:44:00,33.66,0.0569632058446,0.0,0,0.0
2014-06-09 20:49:00,32.667,0.0569632058446,0.0,0,0.0
2014-06-09 20:54:00,31.641,0.0569632058446,0.0,0,0.0
2014-06-09 20:59:00,37.327,0.0506613136052,0.0750000029802,0,0.0
2014-06-09 21:04:00,45.333,0.0476908922313,0.0250000003725,0,0.0
2014-06-09 21:09:00,100.0,0.0476908922313,0.0,0,0.0
2014-06-09 21:14:00,33.948,0.0476908922313,0.0,0,0.0
2014-06-09 21:19:00,32.158,0.0506613136052,0.0,0,0.0
2014-06-09 21:24:00,32.553,0.0476908922313,0.0250000003725,0,0.0
2014-06-09 21:29:00,34.443,0.0476908922313,0.0,0,0.0
2014-06-09 21:34:00,31.167,0.0476908922313,0.0,0,0.0
2014-06-09 21:39:00,31.997,0.0476908922313,0.0,0,0.0
2014-06-09 21:44:00,33.552,0.0476908922313,0.0,0,0.0
2014-06-09 21:49:00,32.309,0.0537515459429,0.0250000003725,0,0.0
2014-06-09 21:54:00,32.168,0.0537515459429,0.0250000003725,0,0.0
2014-06-09 21:59:00,35.337,0.0537515459429,0.0,0,0.0
2014-06-09 22:04:00,46.44,0.0476908924481,0.0500000007451,0,0.0
2014-06-09 22:09:00,100.0,0.0476908924481,0.0,0,0.0
2014-06-09 22:14:00,32.941,0.0506613138309,0.0,0,0.0
2014-06-09 22:19:00,31.833,0.0506613138309,0.0,0,0.0
2014-06-09 22:24:00,32.5,0.0506613138309,0.0,0,0.0
2014-06-09 22:29:00,33.982,0.0506613138309,0.0,0,0.0
2014-06-09 22:34:00,30.725,0.0506613138309,0.0,0,0.0
2014-06-09 22:39:00,31.811,0.0537515459429,0.0,0,0.0
2014-06-09 22:44:00,33.787,0.0537515459429,0.0250000003725,0,0.0
2014-06-09 22:49:00,33.674,0.0506613138309,0.0250000003725,0,0.0
2014-06-09 22:54:00,30.553,0.0569632058446,0.0,0,0.0
2014-06-09 22:59:00,35.1,0.0569632058446,0.0,0,0.0
2014-06-09 23:04:00,46.65,0.0537515459429,0.0250000003725,0,0.0
2014-06-09 23:09:00,100.0,0.0476908924481,0.0500000007451,0,0.0
2014-06-09 23:14:00,33.874,0.0476908924481,0.0,0,0.0
2014-06-09 23:19:00,31.779,0.0476908924481,0.0,0,0.0
2014-06-09 23:24:00,31.834,0.0476908924481,0.0,0,0.0
2014-06-09 23:29:00,32.999,0.0476908924481,0.0,0,0.0
2014-06-09 23:34:00,32.166,0.0506613138309,0.0,0,0.0
2014-06-09 23:39:00,31.221,0.0537515459429,0.0,0,0.0
2014-06-09 23:44:00,34.814,0.0537515459429,0.0,0,0.0
2014-06-09 23:49:00,32.07,0.0537515459429,0.0,0,0.0
2014-06-09 23:54:00,31.474,0.0569632058446,0.0,0,0.0
2014-06-09 23:59:00,33.274,0.0637569668709,0.0,0,0.0
2014-06-10 00:04:00,46.223,0.0602978481739,0.0250000003725,0,0.0
2014-06-10 00:09:00,100.0,0.0537515459429,0.0500000007451,0,0.0
2014-06-10 00:14:00,33.666,0.0537515459429,0.0,0,0.0
2014-06-10 00:19:00,32.829,0.0537515459429,0.0,0,0.0
2014-06-10 00:24:00,32.871,0.0537515459429,0.0,0,0.0
2014-06-10 00:29:00,33.668,0.0537515459429,0.0,0,0.0
2014-06-10 00:34:00,31.586,0.0537515459429,0.0,0,0.0
2014-06-10 00:39:00,32.679,0.0537515459429,0.0,0,0.0
2014-06-10 00:44:00,33.167,0.0537515459429,0.0,0,0.0
2014-06-10 00:49:00,31.361,0.0537515459429,0.0,0,0.0
2014-06-10 00:54:00,31.96,0.0569632058446,0.0,0,0.0
2014-06-10 00:59:00,34.999,0.0637569668709,0.0,0,0.0
2014-06-10 01:04:00,45.501,0.0637569668709,0.0,0,0.0
2014-06-10 01:09:00,100.0,0.0537515457081,0.0750000029802,0,0.0
2014-06-10 01:14:00,34.332,0.0537515457081,0.0,0,0.0
2014-06-10 01:19:00,31.336,0.0537515457081,0.0,0,0.0
2014-06-10 01:24:00,32.017,0.0537515457081,0.0,0,0.0
2014-06-10 01:29:00,33.331,0.0537515457081,0.0,0,0.0
2014-06-10 01:34:00,32.605,0.0537515457081,0.0,0,0.0
2014-06-10 01:39:00,31.169,0.0537515457081,0.0,0,0.0
2014-06-10 01:44:00,34.001,0.0537515457081,0.0,0,0.0
2014-06-10 01:49:00,31.639,0.0537515457081,0.0,0,0.0
2014-06-10 01:54:00,31.876,0.0537515457081,0.0,0,0.0
2014-06-10 01:59:00,36.359,0.0637569668709,0.0,0,0.0
2014-06-10 02:04:00,44.968,0.0637569668709,0.0,0,0.0
2014-06-10 02:09:00,100.0,0.0602978481739,0.0250000003725,0,0.0
2014-06-10 02:14:00,33.335,0.0602978481739,0.0,0,0.0
2014-06-10 02:19:00,31.333,0.0602978481739,0.0,0,0.0
2014-06-10 02:24:00,33.001,0.0602978481739,0.0,0,0.0
2014-06-10 02:29:00,33.167,0.0602978481739,0.0,0,0.0
2014-06-10 02:34:00,32.667,0.0602978481739,0.0,0,0.0
2014-06-10 02:39:00,31.834,0.0602978481739,0.0,0,0.0
2014-06-10 02:44:00,33.994,0.0569632058446,0.0250000003725,0,0.0
2014-06-10 02:49:00,32.204,0.0569632058446,0.0,0,0.0
2014-06-10 02:54:00,32.102,0.0569632058446,0.0,0,0.0
2014-06-10 02:59:00,35.335,0.0602978481739,0.0,0,0.0
2014-06-10 03:04:00,46.501,0.0602978481739,0.0,0,0.0
2014-06-10 03:09:00,100.0,0.0569632058446,0.0250000003725,0,0.0
2014-06-10 03:14:00,37.772,0.0507674461289,0.0500000007451,0,0.0
2014-06-10 03:19:00,33.719,0.0507674461289,0.0,0,0.0
2014-06-10 03:24:00,31.778,0.0507674461289,0.0,0,0.0
2014-06-10 03:29:00,34.177,0.0507674461289,0.0,0,0.0
2014-06-10 03:34:00,32.472,0.0538757064716,0.0,0,0.0
2014-06-10 03:39:00,31.211,0.0538757064716,0.0,0,0.0
2014-06-10 03:44:00,33.609,0.0538757064716,0.0,0,0.0
2014-06-10 03:49:00,35.817,0.0421613112583,0.10000000149,0,0.0
2014-06-10 03:54:00,32.556,0.0421613112583,0.0,0,0.0
2014-06-10 03:59:00,34.967,0.0449119830142,0.0,0,0.0
2014-06-10 04:04:00,45.844,0.047780105355,0.0250000003725,0,0.0
2014-06-10 04:09:00,100.0,0.0395262538908,0.0750000029802,0,0.0
2014-06-10 04:14:00,34.171,0.0370049058594,0.0250000003725,0,0.0
2014-06-10 04:19:00,31.87,0.0370049058594,0.0,0,0.0
2014-06-10 04:24:00,32.775,0.0370049058594,0.0,0,0.0
2014-06-10 04:29:00,31.486,0.0370049058594,0.0,0,0.0
2014-06-10 04:34:00,32.501,0.0370049058594,0.0,0,0.0
2014-06-10 04:39:00,31.702,0.0477801051368,0.0,0,0.0
2014-06-10 04:44:00,33.452,0.0477801051368,0.0,0,0.0
2014-06-10 04:49:00,31.053,0.0477801051368,0.0,0,0.0
2014-06-10 04:54:00,31.944,0.0507674459019,0.0,0,0.0
2014-06-10 04:59:00,35.301,0.0604614664014,0.0,0,0.0
2014-06-10 05:04:00,45.338,0.0639420493873,0.0,0,0.0
2014-06-10 05:09:00,100.0,0.0604614664014,0.0250000003725,0,0.0
2014-06-10 05:14:00,40.84,0.0507674459019,0.0750000029802,0,0.0
2014-06-10 05:19:00,31.21,0.034595291826,0.25,0,0.0
2014-06-10 05:24:00,32.619,0.034595291826,0.0,0,0.0
2014-06-10 05:29:00,33.963,0.034595291826,0.0,0,0.0
2014-06-10 05:34:00,32.153,0.034595291826,0.0,0,0.0
2014-06-10 05:39:00,31.496,0.034595291826,0.0,0,0.0
2014-06-10 05:44:00,33.501,0.034595291826,0.0,0,0.0
2014-06-10 05:49:00,31.423,0.034595291826,0.0,0,0.0
2014-06-10 05:54:00,31.39,0.034595291826,0.0,0,0.0
2014-06-10 05:59:00,35.219,0.03229536268,0.0,0,0.0
2014-06-10 06:04:00,46.281,0.0538757073689,0.27500000596,0,0.0
2014-06-10 06:09:00,100.0,0.0322953618768,0.0,0,0.0
2014-06-10 06:14:00,32.647,0.0322953618768,0.0,0,0.0
2014-06-10 06:19:00,32.985,0.0322953618768,0.0,0,0.0
2014-06-10 06:24:00,31.718,0.0322953618768,0.0,0,0.0
2014-06-10 06:29:00,33.108,0.0322953618768,0.0,0,0.0
2014-06-10 06:34:00,31.28,0.0322953618768,0.0,0,0.0
2014-06-10 06:39:00,33.5,0.0322953618768,0.0,0,0.0
2014-06-10 06:44:00,32.498,0.0322953618768,0.0,0,0.0
2014-06-10 06:49:00,33.489,0.0322953618768,0.0,0,0.0
2014-06-10 06:54:00,31.645,0.0639420493873,0.0,0,0.0
2014-06-10 06:59:00,34.667,0.0639420493873,0.0,0,0.0
2014-06-10 07:04:00,46.233,0.0639420493873,0.0,0,0.0
2014-06-10 07:09:00,100.0,0.0571065223812,0.0500000007451,0,0.0
2014-06-10 07:14:00,33.513,0.0538757064716,0.0250000003725,0,0.0
2014-06-10 07:19:00,32.0,0.0538757064716,0.0,0,0.0
2014-06-10 07:24:00,31.705,0.0538757064716,0.0,0,0.0
2014-06-10 07:29:00,33.347,0.0538757064716,0.0,0,0.0
2014-06-10 07:34:00,32.955,0.0538757064716,0.0,0,0.0
2014-06-10 07:39:00,31.274,0.0538757064716,0.0,0,0.0
2014-06-10 07:44:00,33.054,0.0538757064716,0.0,0,0.0
2014-06-10 07:49:00,31.605,0.0538757064716,0.0,0,0.0
2014-06-10 07:54:00,31.834,0.0538757064716,0.0,0,0.0
2014-06-10 07:59:00,34.717,0.0604614664014,0.0,0,0.0
2014-06-10 08:04:00,47.259,0.0604614664014,0.0250000003725,0,0.0
2014-06-10 08:09:00,100.0,0.0571065223812,0.0250000003725,0,0.0
2014-06-10 08:14:00,39.975,0.0507674461289,0.0500000007451,0,0.0
2014-06-10 08:19:00,33.93,0.0421613110577,0.0750000029802,0,0.0
2014-06-10 08:24:00,30.171,0.0421613110577,0.0,0,0.0
2014-06-10 08:29:00,32.3483,0.0421613110577,0.0,0,0.0
2014-06-10 08:34:00,31.005,0.0421613110577,0.0,0,0.0
2014-06-10 08:39:00,32.333,0.0421613110577,0.0,0,0.0
2014-06-10 08:44:00,33.016,0.0421613110577,0.0,0,0.0
2014-06-10 08:49:00,32.5,0.0421613110577,0.0,0,0.0
2014-06-10 08:54:00,31.388,0.0449119828049,0.0,0,0.0
2014-06-10 08:59:00,35.584,0.0449119828049,0.0250000003725,0,0.0
2014-06-10 09:04:00,45.225,0.0395262538908,0.10000000149,0,0.0
2014-06-10 09:09:00,100.0,0.047780105355,0.0,0,0.0
2014-06-10 09:14:00,34.0,0.047780105355,0.0,0,0.0
2014-06-10 09:19:00,32.989,0.047780105355,0.0,0,0.0
2014-06-10 09:24:00,32.499,0.047780105355,0.0,0,0.0
2014-06-10 09:29:00,32.764,0.047780105355,0.0,0,0.0
2014-06-10 09:34:00,33.5,0.047780105355,0.0,0,0.0
2014-06-10 09:39:00,30.818,0.047780105355,0.0,0,0.0
2014-06-10 09:44:00,32.501,0.047780105355,0.0,0,0.0
2014-06-10 09:49:00,31.834,0.0507674461289,0.0,0,0.0
2014-06-10 09:54:00,31.669,0.0639420493873,0.0,0,0.0
2014-06-10 09:59:00,34.988,0.0604614664014,0.0250000003725,0,0.0
2014-06-10 10:04:00,46.16,0.0604614664014,0.0,0,0.0
2014-06-10 10:09:00,100.0,0.0604614664014,0.0,0,0.0
2014-06-10 10:14:00,40.039,0.0449119832234,0.125,0,0.0
2014-06-10 10:19:00,31.779,0.0449119832234,0.0,0,0.0
2014-06-10 10:24:00,32.72,0.0449119832234,0.0,0,0.0
2014-06-10 10:29:00,35.432,0.0421613114589,0.0250000003725,0,0.0
2014-06-10 10:34:00,30.49,0.0421613114589,0.0,0,0.0
2014-06-10 10:39:00,32.997,0.0421613114589,0.0,0,0.0
2014-06-10 10:44:00,32.719,0.0421613114589,0.0,0,0.0
2014-06-10 10:49:00,31.771,0.0449119832234,0.0,0,0.0
2014-06-10 10:54:00,32.167,0.0449119832234,0.0,0,0.0
2014-06-10 10:59:00,36.383,0.0449119832234,0.0,0,0.0
2014-06-10 11:04:00,46.006,0.0604614664014,0.0,0,0.0
2014-06-10 11:09:00,100.0,0.0604614664014,0.0,0,0.0
2014-06-10 11:14:00,34.261,0.0604614664014,0.0,0,0.0
2014-06-10 11:19:00,32.83,0.0639420493873,0.0,0,0.0
2014-06-10 11:24:00,32.158,0.0639420493873,0.0,0,0.0
2014-06-10 11:29:00,33.674,0.0639420493873,0.0,0,0.0
2014-06-10 11:34:00,31.834,0.0641701271443,0.0,0,0.0
2014-06-10 11:39:00,32.962,0.0606630682478,0.0250000003725,0,0.0
2014-06-10 11:44:00,33.001,0.0606630682478,0.0,0,0.0
2014-06-10 11:49:00,31.718,0.0606630682478,0.0,0,0.0
2014-06-10 11:54:00,32.615,0.0606630682478,0.0,0,0.0
2014-06-10 11:59:00,36.066,0.0606630682478,0.0,0,0.0
2014-06-10 12:04:00,45.934,0.0606630682478,0.0,0,0.0
2014-06-10 12:09:00,100.0,0.0606630682478,0.0,0,0.0
2014-06-10 12:14:00,41.329,0.0395815194687,0.17499999702,0,0.0
2014-06-10 12:19:00,31.827,0.0370445383217,0.0250000003725,0,0.0
2014-06-10 12:24:00,32.384,0.0370445383217,0.0,0,0.0
2014-06-10 12:29:00,33.817,0.0395815194687,0.0,0,0.0
2014-06-10 12:34:00,32.334,0.0395815194687,0.0,0,0.0
2014-06-10 12:39:00,32.5,0.0395815194687,0.0,0,0.0
2014-06-10 12:44:00,33.836,0.0395815194687,0.0,0,0.0
2014-06-10 12:49:00,32.115,0.0395815194687,0.0,0,0.0
2014-06-10 12:54:00,32.668,0.0395815194687,0.0,0,0.0
2014-06-10 12:59:00,36.2,0.0395815194687,0.0,0,0.0
2014-06-10 13:04:00,46.947,0.0370445375456,0.34999999404,0,0.0
2014-06-10 13:09:00,100.0,0.0346205225047,0.0,0,0.0
2014-06-10 13:14:00,40.568,0.0572830857459,0.20000000298,0,0.0
2014-06-10 13:19:00,32.615,0.0572830857459,0.0,0,0.0
2014-06-10 13:24:00,31.501,0.0572830857459,0.0,0,0.0
2014-06-10 13:29:00,33.654,0.0572830857459,0.0,0,0.0
2014-06-10 13:34:00,32.701,0.0572830857459,0.0,0,0.0
2014-06-10 13:39:00,31.555,0.0572830857459,0.0,0,0.0
2014-06-10 13:44:00,33.928,0.0572830857459,0.0,0,0.0
2014-06-10 13:49:00,32.669,0.0606630679399,0.0250000003725,0,0.0
2014-06-10 13:54:00,31.278,0.0370445377674,0.0,0,0.0
2014-06-10 13:59:00,36.002,0.0370445377674,0.0,0,0.0
2014-06-10 14:04:00,45.171,0.0323073957245,0.300000011921,0,0.0
2014-06-10 14:09:00,100.0,0.0323073957245,0.0,0,0.0
2014-06-10 14:14:00,41.49,0.0508981629184,0.17499999702,0,0.0
2014-06-10 14:19:00,32.651,0.0508981629184,0.0,0,0.0
2014-06-10 14:24:00,31.167,0.0508981629184,0.0,0,0.0
2014-06-10 14:29:00,33.988,0.0508981629184,0.0,0,0.0
2014-06-10 14:34:00,31.825,0.0508981629184,0.0,0,0.0
2014-06-10 14:39:00,32.662,0.0478899664414,0.0,0,0.0
2014-06-10 14:44:00,33.718,0.0478899664414,0.0,0,0.0
2014-06-10 14:49:00,33.271,0.0478899664414,0.0,0,0.0
2014-06-10 14:54:00,31.489,0.042233473241,0.0,0,0.0
2014-06-10 14:59:00,34.833,0.042233473241,0.0,0,0.0
2014-06-10 15:04:00,46.666,0.0572830860424,0.0500000007451,0,0.0
2014-06-10 15:09:00,100.0,0.0540286487305,0.0250000003725,0,0.0
2014-06-10 15:14:00,41.001,0.0370445373978,0.15000000596,0,0.0
2014-06-10 15:19:00,33.83,0.0323073939073,0.0500000007451,0,0.0
2014-06-10 15:24:00,32.165,0.0323073939073,0.0,0,0.0
2014-06-10 15:29:00,33.5,0.0323073939073,0.0,0,0.0
2014-06-10 15:34:00,32.501,0.0323073939073,0.0,0,0.0
2014-06-10 15:39:00,31.383,0.0323073939073,0.0,0,0.0
2014-06-10 15:44:00,33.62,0.0323073939073,0.0,0,0.0
2014-06-10 15:49:00,33.482,0.0323073939073,0.0,0,0.0
2014-06-10 15:54:00,31.39,0.0370445373978,0.0,0,0.0
2014-06-10 15:59:00,35.123,0.0395815185023,0.0,0,0.0
2014-06-10 16:04:00,46.833,0.0572830860424,0.0,0,0.0
2014-06-10 16:09:00,100.0,0.0606630682478,0.0250000003725,0,0.0
2014-06-10 16:14:00,41.28,0.0450023337353,0.125,0,0.0
2014-06-10 16:19:00,32.941,0.0450023337353,0.0,0,0.0
2014-06-10 16:24:00,31.885,0.0450023337353,0.0,0,0.0
2014-06-10 16:29:00,33.436,0.0450023337353,0.0,0,0.0
2014-06-10 16:34:00,31.843,0.0450023337353,0.0,0,0.0
2014-06-10 16:39:00,31.715,0.0450023337353,0.0,0,0.0
2014-06-10 16:44:00,32.651,0.0450023337353,0.0,0,0.0
2014-06-10 16:49:00,31.756,0.0450023337353,0.0,0,0.0
2014-06-10 16:54:00,32.339,0.0450023337353,0.0,0,0.0
2014-06-10 16:59:00,35.016,0.0478899653872,0.0,0,0.0
2014-06-10 17:04:00,45.363,0.0641701271443,0.0,0,0.0
2014-06-10 17:09:00,100.0,0.0572830860424,0.0500000007451,0,0.0
2014-06-10 17:14:00,40.55,0.0450023335246,0.10000000149,0,0.0
2014-06-10 17:19:00,32.176,0.0422334726353,0.0250000003725,0,0.0
2014-06-10 17:24:00,32.099,0.0422334726353,0.0,0,0.0
2014-06-10 17:29:00,34.0,0.0422334726353,0.0,0,0.0
2014-06-10 17:34:00,33.834,0.0422334726353,0.0,0,0.0
2014-06-10 17:39:00,31.808,0.0422334726353,0.0,0,0.0
2014-06-10 17:44:00,33.834,0.0422334726353,0.0,0,0.0
2014-06-10 17:49:00,32.506,0.0422334726353,0.0,0,0.0
2014-06-10 17:54:00,32.666,0.0422334726353,0.0,0,0.0
2014-06-10 17:59:00,34.651,0.0478899651676,0.0,0,0.0
2014-06-10 18:04:00,46.666,0.0301030002107,0.27500000596,0,0.0
2014-06-10 18:09:00,100.0,0.0323073940755,0.0,0,0.0
2014-06-10 18:14:00,40.668,0.0301030002107,0.0250000003725,0,0.0
2014-06-10 18:19:00,32.167,0.0301030002107,0.0,0,0.0
2014-06-10 18:24:00,33.001,0.0301030002107,0.0,0,0.0
2014-06-10 18:29:00,34.494,0.0301030002107,0.0,0,0.0
2014-06-10 18:34:00,31.168,0.0301030002107,0.0,0,0.0
2014-06-10 18:39:00,32.81,0.0301030002107,0.0,0,0.0
2014-06-10 18:44:00,33.345,0.0301030002107,0.0,0,0.0
2014-06-10 18:49:00,33.336,0.0301030002107,0.0,0,0.0
2014-06-10 18:54:00,31.485,0.0606630682478,0.0,0,0.0
2014-06-10 18:59:00,34.975,0.0606630682478,0.0,0,0.0
2014-06-10 19:04:00,46.666,0.0606630682478,0.0250000003725,0,0.0
2014-06-10 19:09:00,100.0,0.0572830860424,0.0250000003725,0,0.0
2014-06-10 19:14:00,39.989,0.0540286487305,0.0250000003725,0,0.0
2014-06-10 19:19:00,32.141,0.0508981615921,0.0250000003725,0,0.0
2014-06-10 19:24:00,32.322,0.0508981615921,0.0,0,0.0
2014-06-10 19:29:00,33.19,0.0508981615921,0.0,0,0.0
2014-06-10 19:34:00,32.278,0.0508981615921,0.0,0,0.0
2014-06-10 19:39:00,32.386,0.0508981615921,0.0,0,0.0
2014-06-10 19:44:00,33.595,0.0508981615921,0.0,0,0.0
2014-06-10 19:49:00,31.5,0.0508981615921,0.0,0,0.0
2014-06-10 19:54:00,31.833,0.0541842989492,0.0,0,0.0
2014-06-10 19:59:00,35.264,0.0574628039182,0.0,0,0.0
2014-06-10 20:04:00,45.884,0.060868301877,0.0,0,0.0
2014-06-10 20:09:00,100.0,0.0574628039182,0.0500000007451,0,0.0
2014-06-10 20:14:00,41.196,0.0541842989492,0.0250000003725,0,0.0
2014-06-10 20:19:00,32.993,0.0450942354273,0.0750000029802,0,0.0
2014-06-10 20:24:00,32.199,0.0450942354273,0.0,0,0.0
2014-06-10 20:29:00,74.058,0.107112602785,0.699999988079,0,0.0
2014-06-10 20:34:00,100.0,0.295278468185,0.675000011921,0,0.0
2014-06-10 20:39:00,93.0,0.352385299468,0.15000000596,0,0.0
2014-06-10 20:44:00,72.948,0.437451575473,0.20000000298,0,0.0
2014-06-10 20:49:00,100.0,0.754651157743,0.600000023842,0,-0.11
2014-06-10 20:54:00,100.0,0.299999996735,0.0750000029802,0,0.0
2014-06-10 20:59:00,67.593,0.299999996735,0.0750000029802,0,0.0
2014-06-10 21:04:00,50.4755,0.299999996735,0.15000000596,0,0.0
2014-06-10 21:09:00,92.9165,0.299999996735,0.975000023842,0,0.0
2014-06-10 21:14:00,57.032,0.299999996735,0.10000000149,0,0.0
2014-06-10 21:19:00,48.7205,0.299999996735,0.300000011921,0,0.0
2014-06-10 21:24:00,48.698,0.299999996735,0.625,0,0.0
2014-06-10 21:29:00,34.939,0.299999996735,0.0500000007451,0,0.0
2014-06-10 21:34:00,32.827,0.299999996735,0.0250000003725,0,0.0
2014-06-10 21:39:00,31.391,0.299999996735,0.0,0,0.0
2014-06-10 21:44:00,33.448,0.299999996735,0.0250000003725,0,0.0
2014-06-10 21:49:00,32.83,0.299999996735,0.0250000003725,0,0.0
2014-06-10 21:54:00,33.167,0.299999996735,0.0250000003725,0,0.0
2014-06-10 21:59:00,36.311,0.190887735467,0.0250000003725,0,0.0
2014-06-10 22:04:00,46.815,0.212659279116,0.17499999702,0,0.0
2014-06-10 22:09:00,100.0,0.133721360099,0.0,0,0.0
2014-06-10 22:14:00,48.499,0.0346461660812,0.0,0,0.0
2014-06-10 22:19:00,33.949,0.0301029997626,0.0,0,0.0
2014-06-10 22:24:00,31.648,0.0323196201901,0.0,0,0.0
2014-06-10 22:29:00,35.012,0.0323196201901,0.0,0,0.0
2014-06-10 22:34:00,30.836,0.0346461662941,0.0,0,0.0
2014-06-10 22:39:00,32.552,0.0370848256853,0.0,0,0.0
2014-06-10 22:44:00,33.454,0.0396377107981,0.0,0,0.0
2014-06-10 22:49:00,33.668,0.0423068595507,0.0,0,0.0
2014-06-10 22:54:00,31.487,0.0644023460565,0.0,0,0.0
2014-06-10 22:59:00,35.518,0.0644023460565,0.0,0,0.0
2014-06-10 23:04:00,46.667,0.0574628039182,0.0500000007451,0,0.0
2014-06-10 23:09:00,100.0,0.0510311695465,0.0500000007451,0,0.0
2014-06-10 23:14:00,48.163,0.0396377102145,0.10000000149,0,0.0
2014-06-10 23:19:00,32.879,0.0396377102145,0.0,0,0.0
2014-06-10 23:24:00,32.439,0.0396377102145,0.0,0,0.0
2014-06-10 23:29:00,33.219,0.0396377102145,0.0,0,0.0
2014-06-10 23:34:00,32.504,0.0396377102145,0.0,0,0.0
2014-06-10 23:39:00,33.609,0.0396377102145,0.0,0,0.0
2014-06-10 23:44:00,32.975,0.0396377102145,0.0,0,0.0
2014-06-10 23:49:00,31.387,0.0396377102145,0.0,0,0.0
2014-06-10 23:54:00,32.446,0.0450942356394,0.0,0,0.0
2014-06-10 23:59:00,33.8,0.0510311695465,0.0,0,0.0
2014-06-11 00:04:00,45.997,0.0644023460565,0.0,0,0.0
2014-06-11 00:09:00,100.0,0.060868301877,0.0250000003725,0,0.0
2014-06-11 00:14:00,48.5,0.048001732222,0.10000000149,0,0.0
2014-06-11 00:19:00,32.162,0.048001732222,0.0,0,0.0
2014-06-11 00:24:00,31.984,0.048001732222,0.0,0,0.0
2014-06-11 00:29:00,34.5,0.048001732222,0.0,0,0.0
2014-06-11 00:34:00,32.191,0.048001732222,0.0,0,0.0
2014-06-11 00:39:00,31.889,0.048001732222,0.0,0,0.0
2014-06-11 00:44:00,33.227,0.048001732222,0.0,0,0.0
2014-06-11 00:49:00,32.168,0.048001732222,0.0,0,0.0
2014-06-11 00:54:00,31.882,0.048001732222,0.0,0,0.0
2014-06-11 00:59:00,36.098,0.0450942356394,0.0500000007451,0,0.0
2014-06-11 01:04:00,45.646,0.0574628039182,0.0,0,0.0
2014-06-11 01:09:00,100.0,0.0510311695465,0.0500000007451,0,0.0
2014-06-11 01:14:00,48.483,0.0346461654067,0.15000000596,0,0.0
2014-06-11 01:19:00,30.812,0.0346461654067,0.0,0,0.0
2014-06-11 01:24:00,33.169,0.0346461654067,0.0,0,0.0
2014-06-11 01:29:00,34.162,0.0346461654067,0.0,0,0.0
2014-06-11 01:34:00,31.02,0.0346461654067,0.0,0,0.0
2014-06-11 01:39:00,33.946,0.0346461654067,0.0,0,0.0
2014-06-11 01:44:00,32.178,0.0346461654067,0.0,0,0.0
2014-06-11 01:49:00,32.824,0.0396377098255,0.0,0,0.0
2014-06-11 01:54:00,30.831,0.0396377098255,0.0,0,0.0
2014-06-11 01:59:00,35.167,0.0450942352151,0.0,0,0.0
2014-06-11 02:04:00,46.551,0.060868301877,0.0250000003725,0,0.0
2014-06-11 02:09:00,100.0,0.0541842989492,0.0500000007451,0,0.0
2014-06-11 02:14:00,46.814,0.0323196196824,0.20000000298,0,0.0
2014-06-11 02:19:00,33.0,0.0323196196824,0.0,0,0.0
2014-06-11 02:24:00,33.322,0.0323196196824,0.0,0,0.0
2014-06-11 02:29:00,34.021,0.0323196196824,0.0,0,0.0
2014-06-11 02:34:00,32.062,0.0323196196824,0.0,0,0.0
2014-06-11 02:39:00,32.505,0.0323196196824,0.0,0,0.0
2014-06-11 02:44:00,33.265,0.0323196196824,0.0,0,0.0
2014-06-11 02:49:00,32.767,0.0323196196824,0.0,0,0.0
2014-06-11 02:54:00,32.89,0.0346461657617,0.0,0,0.0
2014-06-11 02:59:00,34.639,0.0396377102145,0.0,0,0.0
2014-06-11 03:04:00,46.892,0.0574628039182,0.0500000007451,0,0.0
2014-06-11 03:09:00,100.0,0.0423068591442,0.125,0,0.0
2014-06-11 03:14:00,47.662,0.0541842984222,0.34999999404,0,0.0
2014-06-11 03:19:00,33.714,0.0541842984222,0.0,0,0.0
2014-06-11 03:24:00,35.382,0.0541842984222,0.0,0,0.0
2014-06-11 03:29:00,35.173,0.0541842984222,0.0,0,0.0
2014-06-11 03:34:00,32.002,0.0541842984222,0.0,0,0.0
2014-06-11 03:39:00,36.336,0.0574628033705,0.0250000003725,0,0.0
2014-06-11 03:44:00,33.832,0.0574628033705,0.0,0,0.0
2014-06-11 03:49:00,33.991,0.0574628033705,0.0,0,0.0
2014-06-11 03:54:00,32.034,0.0510311690398,0.0,0,0.0
2014-06-11 03:59:00,35.586,0.0370848249044,0.0,0,0.0
2014-06-11 04:04:00,46.383,0.0541842989492,0.0500000007451,0,0.0
2014-06-11 04:09:00,100.0,0.042306858941,0.10000000149,0,0.0
2014-06-11 04:14:00,47.372,0.0629767653004,0.425000011921,0,0.0
2014-06-11 04:19:00,32.502,0.0629767653004,0.0,0,0.0
2014-06-11 04:24:00,32.821,0.0629767653004,0.0,0,0.0
2014-06-11 04:29:00,33.387,0.0596079227888,0.0,0,0.0
2014-06-11 04:34:00,32.613,0.0596079227888,0.0,0,0.0
2014-06-11 04:39:00,33.21,0.0596079227888,0.0,0,0.0
2014-06-11 04:44:00,34.103,0.0596079227888,0.0,0,0.0
2014-06-11 04:49:00,32.333,0.0596079227888,0.0,0,0.0
2014-06-11 04:54:00,34.985,0.0532276632332,0.0,0,0.0
2014-06-11 04:59:00,33.708,0.041854975944,0.0,0,0.0
2014-06-11 05:04:00,46.953,0.0629767633076,0.0,0,0.0
2014-06-11 05:09:00,100.0,0.0629767633076,0.0,0,0.0
2014-06-11 05:14:00,48.179,0.0629767633076,0.0,0,0.0
2014-06-11 05:19:00,31.499,0.0629767633076,0.0,0,0.0
2014-06-11 05:24:00,32.511,0.0629767633076,0.0,0,0.0
2014-06-11 05:29:00,34.164,0.0629767633076,0.0,0,0.0
2014-06-11 05:34:00,32.89,0.0629767633076,0.0,0,0.0
2014-06-11 05:39:00,31.787,0.0629767633076,0.0,0,0.0
2014-06-11 05:44:00,33.168,0.0629767633076,0.0,0,0.0
2014-06-11 05:49:00,32.313,0.0629767633076,0.0,0,0.0
2014-06-11 05:54:00,32.497,0.0629767633076,0.0,0,0.0
2014-06-11 05:59:00,34.64,0.0629767633076,0.0,0,0.0
2014-06-11 06:04:00,47.499,0.0629767633076,0.0,0,0.0
2014-06-11 06:09:00,100.0,0.0629767633076,0.0,0,0.0
2014-06-11 06:14:00,48.162,0.0596079208659,0.0250000003725,0,0.0
2014-06-11 06:19:00,31.996,0.0596079208659,0.0,0,0.0
2014-06-11 06:24:00,32.452,0.0596079208659,0.0,0,0.0
2014-06-11 06:29:00,34.219,0.0596079208659,0.0,0,0.0
2014-06-11 06:34:00,31.115,0.0596079208659,0.0,0,0.0
2014-06-11 06:39:00,33.168,0.0596079208659,0.0,0,0.0
2014-06-11 06:44:00,33.007,0.0596079208659,0.0,0,0.0
2014-06-11 06:49:00,32.67,0.0596079208659,0.0,0,0.0
2014-06-11 06:54:00,31.86,0.0596079208659,0.0,0,0.0
2014-06-11 06:59:00,35.129,0.0596079208659,0.0,0,0.0
2014-06-11 07:04:00,46.551,0.0629767633076,0.0,0,0.0
2014-06-11 07:09:00,100.0,0.0596079208659,0.0250000003725,0,0.0
2014-06-11 07:14:00,48.011,0.0445286274875,0.425000011921,0,0.0
2014-06-11 07:19:00,31.163,0.0445286274875,0.0,0,0.0
2014-06-11 07:24:00,31.822,0.0445286274875,0.0,0,0.0
2014-06-11 07:29:00,33.33,0.0445286274875,0.0,0,0.0
2014-06-11 07:34:00,32.221,0.0445286274875,0.0,0,0.0
2014-06-11 07:39:00,32.106,0.0445286274875,0.0,0,0.0
2014-06-11 07:44:00,34.217,0.0445286274875,0.0,0,0.0
2014-06-11 07:49:00,32.59,0.0445286274875,0.0,0,0.0
2014-06-11 07:54:00,32.506,0.0445286274875,0.0,0,0.0
2014-06-11 07:59:00,35.214,0.041854975944,0.0,0,0.0
2014-06-11 08:04:00,45.943,0.0629767633076,0.0,0,0.0
2014-06-11 08:09:00,100.0,0.0629767633076,0.0,0,0.0
2014-06-11 08:14:00,47.996,0.044528624844,0.449999988079,0,0.0
2014-06-11 08:19:00,31.995,0.044528624844,0.0,0,0.0
2014-06-11 08:24:00,33.019,0.044528624844,0.0,0,0.0
2014-06-11 08:29:00,33.778,0.044528624844,0.0,0,0.0
2014-06-11 08:34:00,32.002,0.044528624844,0.0,0,0.0
2014-06-11 08:39:00,32.168,0.044528624844,0.0,0,0.0
2014-06-11 08:44:00,32.806,0.044528624844,0.0,0,0.0
2014-06-11 08:49:00,33.334,0.044528624844,0.0,0,0.0
2014-06-11 08:54:00,31.478,0.044528624844,0.0,0,0.0
2014-06-11 08:59:00,36.495,0.0532276604863,0.0750000029802,0,0.0
2014-06-11 09:04:00,46.499,0.0532276612188,0.0,0,0.0
2014-06-11 09:09:00,100.0,0.0532276612188,0.0,0,0.0
2014-06-11 09:14:00,48.0,0.0473141963339,0.40000000596,0,0.0
2014-06-11 09:19:00,32.66,0.0473141963339,0.0,0,0.0
2014-06-11 09:24:00,32.672,0.0473141963339,0.0,0,0.0
2014-06-11 09:29:00,33.329,0.0473141963339,0.0,0,0.0
2014-06-11 09:34:00,34.319,0.0473141963339,0.0,0,0.0
2014-06-11 09:39:00,31.725,0.0473141963339,0.0,0,0.0
2014-06-11 09:44:00,33.989,0.0473141963339,0.0,0,0.0
2014-06-11 09:49:00,32.277,0.0392915202965,0.0,0,0.0
2014-06-11 09:54:00,32.4183,0.0392915202965,0.0,0,0.0
2014-06-11 09:59:00,36.015,0.0418549753588,0.0250000003725,0,0.0
2014-06-11 10:04:00,46.719,0.0596079208659,0.0,0,0.0
2014-06-11 10:09:00,100.0,0.0596079208659,0.0,0,0.0
2014-06-11 10:14:00,48.165,0.0563586947227,0.0250000003725,0,0.0
2014-06-11 10:19:00,32.721,0.0532276614477,0.0250000003725,0,0.0
2014-06-11 10:24:00,33.256,0.0502133409874,0.0250000003725,0,0.0
2014-06-11 10:29:00,34.5,0.0502133409874,0.0,0,0.0
2014-06-11 10:34:00,33.141,0.0502133409874,0.0,0,0.0
2014-06-11 10:39:00,30.987,0.0502133409874,0.0,0,0.0
2014-06-11 10:44:00,34.241,0.0502133409874,0.0,0,0.0
2014-06-11 10:49:00,32.616,0.0532276614477,0.0,0,0.0
2014-06-11 10:54:00,33.001,0.0532276614477,0.0,0,0.0
2014-06-11 10:59:00,36.5,0.0502133409874,0.0250000003725,0,0.0
2014-06-11 11:04:00,46.202,0.0532276614477,0.0,0,0.0
2014-06-11 11:09:00,100.0,0.0563586947227,0.0,0,0.0
2014-06-11 11:14:00,47.772,0.0502133405028,0.47499999404,0,0.0
2014-06-11 11:19:00,34.832,0.0502133405028,0.0,0,0.0
2014-06-11 11:24:00,31.981,0.0502133405028,0.0,0,0.0
2014-06-11 11:29:00,34.5,0.0502133405028,0.0,0,0.0
2014-06-11 11:34:00,33.713,0.0502133405028,0.0,0,0.0
2014-06-11 11:39:00,32.274,0.0502133405028,0.0,0,0.0
2014-06-11 11:44:00,34.549,0.0502133405028,0.0,0,0.0
2014-06-11 11:49:00,33.614,0.0473141946399,0.0,0,0.0
2014-06-11 11:54:00,30.806,0.0473141946399,0.0,0,0.0
2014-06-11 11:59:00,35.42,0.0473141946399,0.0,0,0.0
2014-06-11 12:04:00,46.276,0.0629767633076,0.0,0,0.0
2014-06-11 12:09:00,100.0,0.0629767633076,0.0,0,0.0
2014-06-11 12:14:00,47.255,0.0563586947227,0.0500000007451,0,0.0
2014-06-11 12:19:00,33.662,0.0563586947227,0.0,0,0.0
2014-06-11 12:24:00,31.504,0.0563586947227,0.0,0,0.0
2014-06-11 12:29:00,33.655,0.0563586947227,0.0,0,0.0
2014-06-11 12:34:00,32.334,0.0564994546526,0.0,0,0.0
2014-06-11 12:39:00,33.167,0.0564994546526,0.0,0,0.0
2014-06-11 12:44:00,33.164,0.0564994546526,0.0,0,0.0
2014-06-11 12:49:00,32.219,0.0564994546526,0.0,0,0.0
2014-06-11 12:54:00,32.659,0.0564994546526,0.0,0,0.0
2014-06-11 12:59:00,35.781,0.0564994546526,0.0,0,0.0
2014-06-11 13:04:00,46.657,0.063158363804,0.0,0,0.0
2014-06-11 13:09:00,100.0,0.063158363804,0.0,0,0.0
2014-06-11 13:14:00,54.823,0.0368682503705,0.375,0,0.0
2014-06-11 13:19:00,32.836,0.0368682503705,0.0,0,0.0
2014-06-11 13:24:00,33.166,0.0368682503705,0.0,0,0.0
2014-06-11 13:29:00,33.646,0.0368682503705,0.0,0,0.0
2014-06-11 13:34:00,32.365,0.0368682503705,0.0,0,0.0
2014-06-11 13:39:00,32.106,0.0368682503705,0.0,0,0.0
2014-06-11 13:44:00,34.163,0.0368682503705,0.0,0,0.0
2014-06-11 13:49:00,32.841,0.0368682503705,0.0,0,0.0
2014-06-11 13:54:00,32.203,0.0368682503705,0.0,0,0.0
2014-06-11 13:59:00,34.927,0.0368682503705,0.0,0,0.0
2014-06-11 14:04:00,45.998,0.0597685384266,0.0250000003725,0,0.0
2014-06-11 14:09:00,100.0,0.0597685384266,0.0,0,0.0
2014-06-11 14:14:00,47.29,0.036868249831,0.34999999404,0,0.0
2014-06-11 14:19:00,32.336,0.036868249831,0.0,0,0.0
2014-06-11 14:24:00,33.157,0.036868249831,0.0,0,0.0
2014-06-11 14:29:00,33.498,0.036868249831,0.0,0,0.0
2014-06-11 14:34:00,32.433,0.0393357847154,0.0250000003725,0,0.0
2014-06-11 14:39:00,32.2617,0.0393357847154,0.0,0,0.0
2014-06-11 14:44:00,34.026,0.0393357847154,0.0,0,0.0
2014-06-11 14:49:00,63.116,0.183636131804,0.800000011921,0,0.0
2014-06-11 14:54:00,32.109,0.177036741214,0.0,0,0.0
2014-06-11 14:59:00,51.168,0.336654303512,0.5,0,0.0
2014-06-11 15:04:00,59.833,0.568610054841,0.875,0,-0.11
2014-06-11 15:09:00,92.667,0.299999996735,0.850000023842,0,0.0
2014-06-11 15:14:00,46.718,0.299999996735,0.0,0,0.0
2014-06-11 15:19:00,32.25,0.299999996735,0.0,0,0.0
2014-06-11 15:24:00,33.164,0.299999996735,0.0,0,0.0
2014-06-11 15:29:00,33.335,0.299999996735,0.0,0,0.0
2014-06-11 15:34:00,32.719,0.299999996735,0.0,0,0.0
2014-06-11 15:39:00,32.651,0.299999996735,0.0,0,0.0
2014-06-11 15:44:00,34.442,0.299999996735,0.0,0,0.0
2014-06-11 15:49:00,32.508,0.35587004523,0.0,0,0.0
2014-06-11 15:54:00,32.5,0.103976398411,0.0,0,0.0
2014-06-11 15:59:00,36.834,0.063158363804,0.0,0,0.0
2014-06-11 16:04:00,45.166,0.063158363804,0.0,0,0.0
2014-06-11 16:09:00,66.823,0.0446008677943,0.15000000596,0,0.0
2014-06-11 16:14:00,46.438,0.0419127234765,0.27500000596,0,0.0
2014-06-11 16:19:00,46.878,0.0779519578715,0.27500000596,0,0.0
2014-06-11 16:24:00,32.989,0.0779519578715,0.0,0,0.0
2014-06-11 16:29:00,34.873,0.0819651907833,0.0250000003725,0,0.0
2014-06-11 16:34:00,32.375,0.0819651907833,0.0,0,0.0
2014-06-11 16:39:00,32.87,0.0819651907833,0.0,0,0.0
2014-06-11 16:44:00,34.046,0.0819651907833,0.0,0,0.0
2014-06-11 16:49:00,33.443,0.0819651907833,0.0,0,0.0
2014-06-11 16:54:00,32.002,0.0819651907833,0.0,0,0.0
2014-06-11 16:59:00,35.286,0.0597685401133,0.0,0,0.0
2014-06-11 17:04:00,46.394,0.0666703137594,0.324999988079,0,0.0
2014-06-11 17:09:00,67.382,0.0345082438774,0.0,0,0.0
2014-06-11 17:14:00,40.42,0.0393357841517,0.0500000007451,0,0.0
2014-06-11 17:19:00,32.656,0.0368682492916,0.0,0,0.0
2014-06-11 17:24:00,32.829,0.0368682492916,0.0,0,0.0
2014-06-11 17:29:00,65.167,0.140409760655,0.649999976158,0,0.0
2014-06-11 17:34:00,66.168,0.257563453126,0.425000011921,0,0.0
2014-06-11 17:39:00,65.835,0.427868096081,0.449999988079,0,0.0
2014-06-11 17:44:00,41.494,0.427868096081,0.0,0,0.0
2014-06-11 17:49:00,31.981,0.427868096081,0.0,0,0.0
2014-06-11 17:54:00,31.652,0.300017428575,0.0,0,0.0
2014-06-11 17:59:00,36.047,0.300017428575,0.0,0,0.0
2014-06-11 18:04:00,46.781,0.543625141177,0.625,0,-0.11
2014-06-11 18:09:00,66.501,0.299999996735,0.34999999404,0,0.0
2014-06-11 18:14:00,48.5,0.299999996735,0.0750000029802,0,0.0
2014-06-11 18:19:00,32.66,0.438758616571,0.0,0,0.0
2014-06-11 18:24:00,32.666,0.274101526594,0.0,0,0.0
2014-06-11 18:29:00,34.343,0.146163698056,0.0,0,0.0
2014-06-11 18:34:00,32.496,0.146163698056,0.0,0,0.0
2014-06-11 18:39:00,32.499,0.146163698056,0.0,0,0.0
2014-06-11 18:44:00,33.5,0.146163698056,0.0,0,0.0
2014-06-11 18:49:00,32.044,0.146163698056,0.0,0,0.0
2014-06-11 18:54:00,32.101,0.0419127219076,0.0,0,0.0
2014-06-11 18:59:00,36.052,0.053349672525,0.0,0,0.0
2014-06-11 19:04:00,46.1,0.0597685384266,0.0250000003725,0,0.0
2014-06-11 19:09:00,67.166,0.0393357855046,0.17499999702,0,0.0
2014-06-11 19:14:00,46.668,0.0345082452524,0.15000000596,0,0.0
2014-06-11 19:19:00,32.369,0.0368682507301,0.0250000003725,0,0.0
2014-06-11 19:24:00,32.831,0.0368682507301,0.0,0,0.0
2014-06-11 19:29:00,33.843,0.0368682507301,0.0,0,0.0
2014-06-11 19:34:00,33.502,0.0368682507301,0.0,0,0.0
2014-06-11 19:39:00,31.49,0.0368682507301,0.0,0,0.0
2014-06-11 19:44:00,33.972,0.0368682507301,0.0,0,0.0
2014-06-11 19:49:00,32.102,0.0368682507301,0.0,0,0.0
2014-06-11 19:54:00,33.334,0.0345082452524,0.0,0,0.0
2014-06-11 19:59:00,34.389,0.0419127215546,0.0,0,0.0
2014-06-11 20:04:00,46.121,0.0597685384266,0.0,0,0.0
2014-06-11 20:09:00,66.5,0.047401966517,0.125,0,0.0
2014-06-11 20:14:00,40.601,0.0446008684078,0.0250000003725,0,0.0
2014-06-11 20:19:00,32.499,0.0419127221429,0.0250000003725,0,0.0
2014-06-11 20:24:00,33.043,0.0419127221429,0.0,0,0.0
2014-06-11 20:29:00,32.994,0.0419127221429,0.0,0,0.0
2014-06-11 20:34:00,32.942,0.0419127221429,0.0,0,0.0
2014-06-11 20:39:00,32.544,0.0419127221429,0.0,0,0.0
2014-06-11 20:44:00,33.342,0.0419127221429,0.0,0,0.0
2014-06-11 20:49:00,33.286,0.0419127221429,0.0,0,0.0
2014-06-11 20:54:00,31.041,0.0419302059018,0.0,0,0.0
2014-06-11 20:59:00,36.302,0.0560613759852,0.0,0,0.0
2014-06-11 21:04:00,45.769,0.0592190233748,0.0,0,0.0
2014-06-11 21:09:00,66.333,0.0472570421443,0.125,0,0.0
2014-06-11 21:14:00,47.273,0.0325220361673,0.15000000596,0,0.0
2014-06-11 21:19:00,33.058,0.0304193927978,0.0250000003725,0,0.0
2014-06-11 21:24:00,31.809,0.0340317540798,0.0500000007451,0,0.0
2014-06-11 21:29:00,74.146,0.0551079967057,0.20000000298,0,0.0
2014-06-11 21:34:00,65.501,0.058230763352,0.0250000003725,0,0.0
2014-06-11 21:39:00,66.666,0.0682838933481,0.0750000029802,0,0.0
2014-06-11 21:44:00,86.334,0.124373280309,0.324999988079,0,0.0
2014-06-11 21:49:00,66.002,0.129567893724,0.0250000003725,0,0.0
2014-06-11 21:54:00,65.669,0.129567893724,0.0,0,0.0
2014-06-11 21:59:00,48.333,0.109560056484,0.0250000003725,0,0.0
2014-06-11 22:04:00,47.506,0.216167218826,0.600000023842,0,0.0
2014-06-11 22:09:00,72.944,0.338681732324,0.40000000596,0,0.0
2014-06-11 22:14:00,47.269,0.329534679602,0.0250000003725,0,0.0
2014-06-11 22:19:00,31.983,0.285910610211,0.0750000029802,0,0.0
2014-06-11 22:24:00,31.895,0.302938999829,0.0750000029802,0,0.0
2014-06-11 22:29:00,34.146,0.285910610211,0.0250000003725,0,0.0
2014-06-11 22:34:00,32.947,0.202182787443,0.0500000007451,0,0.0
2014-06-11 22:39:00,31.335,0.195394781798,0.0,0,0.0
2014-06-11 22:44:00,34.308,0.195394781798,0.0,0,0.0
2014-06-11 22:49:00,31.334,0.188742353444,0.0,0,0.0
2014-06-11 22:54:00,32.833,0.0682838933481,0.0,0,0.0
2014-06-11 22:59:00,34.344,0.0347226371812,0.0,0,0.0
2014-06-11 23:04:00,46.332,0.0370230276306,0.0,0,0.0
2014-06-11 23:09:00,66.612,0.0304193924916,0.15000000596,0,0.0
2014-06-11 23:14:00,46.961,0.0318616348642,0.10000000149,0,0.0
2014-06-11 23:19:00,33.165,0.0304193926447,0.0,0,0.0
2014-06-11 23:24:00,33.31,0.0347226371812,0.0,0,0.0
2014-06-11 23:29:00,32.349,0.032522036007,0.0250000003725,0,0.0
2014-06-11 23:34:00,32.813,0.032522036007,0.0,0,0.0
2014-06-11 23:39:00,31.653,0.0304193926447,0.0250000003725,0,0.0
2014-06-11 23:44:00,33.831,0.0340317542451,0.0500000007451,0,0.0
2014-06-11 23:49:00,32.311,0.0363011030772,0.0250000003725,0,0.0
2014-06-11 23:54:00,32.158,0.0386714716925,0.0250000003725,0,0.0
2014-06-11 23:59:00,33.99,0.0325220363275,0.0250000003725,0,0.0
2014-06-12 00:04:00,45.553,0.0394249797098,0.0250000003725,0,0.0
2014-06-12 00:09:00,66.203,0.0347226375165,0.0500000007451,0,0.0
2014-06-12 00:14:00,46.5,0.0347226375165,0.0,0,0.0
2014-06-12 00:19:00,32.054,0.0325220363275,0.0500000007451,0,0.0
2014-06-12 00:24:00,32.38,0.0304193929508,0.0250000003725,0,0.0
2014-06-12 00:29:00,33.98,0.0304193929508,0.0250000003725,0,0.0
2014-06-12 00:34:00,32.203,0.0325220363275,0.0250000003725,0,0.0
2014-06-12 00:39:00,32.147,0.0304193929508,0.0500000007451,0,0.0
2014-06-12 00:44:00,34.278,0.0318616345481,0.0500000007451,0,0.0
2014-06-12 00:49:00,32.67,0.0340317539144,0.0500000007451,0,0.0
2014-06-12 00:54:00,31.501,0.0340317539144,0.0250000003725,0,0.0
2014-06-12 00:59:00,35.884,0.0318616345481,0.0250000003725,0,0.0
2014-06-12 01:04:00,45.826,0.0363011027315,0.0500000007451,0,0.0
2014-06-12 01:09:00,73.0,0.0491968935425,0.17499999702,0,0.0
2014-06-12 01:14:00,47.6,0.0648174430685,0.15000000596,0,0.0
2014-06-12 01:19:00,32.166,0.0614668143309,0.0,0,0.0
2014-06-12 01:24:00,33.271,0.0582307628783,0.0,0,0.0
2014-06-12 01:29:00,33.207,0.0551079962488,0.0250000003725,0,0.0
2014-06-12 01:34:00,32.333,0.0491968939665,0.0,0,0.0
2014-06-12 01:39:00,32.324,0.0437221338671,0.0,0,0.0
2014-06-12 01:44:00,32.554,0.0464057155685,0.0500000007451,0,0.0
2014-06-12 01:49:00,32.77,0.0464057155685,0.0250000003725,0,0.0
2014-06-12 01:54:00,31.832,0.0437221338671,0.0250000003725,0,0.0
2014-06-12 01:59:00,35.764,0.0318616348642,0.0500000007451,0,0.0
2014-06-12 02:04:00,47.217,0.0394249797098,0.0250000003725,0,0.0
2014-06-12 02:09:00,66.77,0.0325220361673,0.0750000029802,0,0.0
2014-06-12 02:14:00,47.317,0.0491968933305,0.22499999404,0,0.0
2014-06-12 02:19:00,32.773,0.0464057149567,0.0,0,0.0
2014-06-12 02:24:00,30.67,0.0464057149567,0.0,0,0.0
2014-06-12 02:29:00,33.583,0.0464057149567,0.0,0,0.0
2014-06-12 02:34:00,33.728,0.0411445901394,0.0,0,0.0
2014-06-12 02:39:00,30.833,0.03867147061,0.0,0,0.0
2014-06-12 02:44:00,33.761,0.0363011020402,0.0,0,0.0
2014-06-12 02:49:00,32.554,0.031861633916,0.0,0,0.0
2014-06-12 02:54:00,31.483,0.030419393563,0.0,0,0.0
2014-06-12 02:59:00,36.487,0.0370230288567,0.0,0,0.0
2014-06-12 03:04:00,44.675,0.0592190233748,0.0250000003725,0,0.0
2014-06-12 03:09:00,72.996,0.0472570419378,0.10000000149,0,0.0
2014-06-12 03:14:00,47.122,0.0318616345481,0.20000000298,0,0.0
2014-06-12 03:19:00,31.664,0.0318616345481,0.0,0,0.0
2014-06-12 03:24:00,39.669,0.0614668148216,0.27500000596,0,0.0
2014-06-12 03:29:00,67.29,0.0755689922005,0.10000000149,0,0.0
2014-06-12 03:34:00,46.33,0.0873937323567,0.0750000029802,0,0.0
2014-06-12 03:39:00,31.218,0.0873937323567,0.0,0,0.0
2014-06-12 03:44:00,37.329,0.0958868750707,0.0500000007451,0,0.0
2014-06-12 03:49:00,33.12,0.0958868750707,0.0,0,0.0
2014-06-12 03:54:00,32.669,0.0915786641753,0.0,0,0.0
2014-06-12 03:59:00,36.64,0.0755689924807,0.0,0,0.0
2014-06-12 04:04:00,45.484,0.182225057911,0.725000023842,0,0.0
2014-06-12 04:09:00,73.659,0.182225057911,0.0,0,0.0
2014-06-12 04:14:00,47.486,0.169594001383,0.22499999404,0,0.0
2014-06-12 04:19:00,31.49,0.145931932115,0.0,0,0.0
2014-06-12 04:24:00,32.148,0.129567897251,0.0,0,0.0
2014-06-12 04:29:00,33.713,0.129567897251,0.0,0,0.0
2014-06-12 04:34:00,32.773,0.119307585423,0.0,0,0.0
2014-06-12 04:39:00,32.496,0.119307585423,0.0,0,0.0
2014-06-12 04:44:00,34.058,0.124373283749,0.0250000003725,0,0.0
2014-06-12 04:49:00,32.092,0.129567897251,0.0250000003725,0,0.0
2014-06-12 04:54:00,32.501,0.0363011018674,0.10000000149,0,0.0
2014-06-12 04:59:00,36.495,0.0386714704296,0.0250000003725,0,0.0
2014-06-12 05:04:00,45.834,0.0370230279809,0.0500000007451,0,0.0
2014-06-12 05:09:00,72.338,0.0325220363275,0.0500000007451,0,0.0
2014-06-12 05:14:00,46.976,0.0546128431799,0.27500000596,0,0.0
2014-06-12 05:19:00,33.671,0.0577105265828,0.0250000003725,0,0.0
2014-06-12 05:24:00,32.333,0.0577105265828,0.0,0,0.0
2014-06-12 05:29:00,34.833,0.0577105265828,0.0,0,0.0
2014-06-12 05:34:00,31.395,0.0546128431799,0.0,0,0.0
2014-06-12 05:39:00,33.438,0.0516263948153,0.0,0,0.0
2014-06-12 05:44:00,33.0,0.0433202527347,0.0250000003725,0,0.0
2014-06-12 05:49:00,33.5,0.0433202527347,0.0250000003725,0,0.0
2014-06-12 05:54:00,32.156,0.0459815739784,0.0750000029802,0,0.0
2014-06-12 05:59:00,35.361,0.0407642677655,0.0,0,0.0
2014-06-12 06:04:00,45.764,0.0448800026085,0.0,0,0.0
2014-06-12 06:09:00,73.259,0.0448800026085,0.0250000003725,0,0.0
2014-06-12 06:14:00,46.937,0.0383120048505,0.25,0,0.0
2014-06-12 06:19:00,32.836,0.043320252346,0.0500000007451,0,0.0
2014-06-12 06:24:00,31.387,0.043320252346,0.0,0,0.0
2014-06-12 06:29:00,33.594,0.0459815733717,0.0250000003725,0,0.0
2014-06-12 06:34:00,32.553,0.0459815733717,0.0250000003725,0,0.0
2014-06-12 06:39:00,31.457,0.043320252346,0.0,0,0.0
2014-06-12 06:44:00,33.549,0.0407642670193,0.0500000007451,0,0.0
2014-06-12 06:49:00,32.614,0.0407642670193,0.0,0,0.0
2014-06-12 06:54:00,31.545,0.0407642670193,0.0,0,0.0
2014-06-12 06:59:00,35.445,0.0383120046716,0.0,0,0.0
2014-06-12 07:04:00,47.062,0.0448800028075,0.0,0,0.0
2014-06-12 07:09:00,72.587,0.0504363883165,0.0,0,0.0
2014-06-12 07:14:00,46.984,0.0433202513743,0.34999999404,0,0.0
2014-06-12 07:19:00,31.462,0.0407642662731,0.0,0,0.0
2014-06-12 07:24:00,31.99,0.0383120039561,0.0,0,0.0
2014-06-12 07:29:00,33.836,0.0383120039561,0.0,0,0.0
2014-06-12 07:34:00,32.054,0.0337119077299,0.0,0,0.0
2014-06-12 07:39:00,31.95,0.0337119077299,0.0,0,0.0
2014-06-12 07:44:00,33.413,0.0337119077299,0.0,0,0.0
2014-06-12 07:49:00,32.069,0.0337119077299,0.0,0,0.0
2014-06-12 07:54:00,31.655,0.0337119077299,0.0,0,0.0
2014-06-12 07:59:00,35.756,0.0337119077299,0.0,0,0.0
2014-06-12 08:04:00,46.041,0.0628711826464,0.0,0,0.0
2014-06-12 08:09:00,74.167,0.0595937887504,0.0250000003725,0,0.0
2014-06-12 08:14:00,46.218,0.0595937887504,0.0,0,0.0
2014-06-12 08:19:00,32.27,0.0564297419502,0.0250000003725,0,0.0
2014-06-12 08:24:00,32.22,0.0564297419502,0.0,0,0.0
2014-06-12 08:29:00,34.285,0.0564297419502,0.0,0,0.0
2014-06-12 08:34:00,32.987,0.0564297419502,0.0,0,0.0
2014-06-12 08:39:00,30.819,0.0564297419502,0.0,0,0.0
2014-06-12 08:44:00,34.209,0.0533777296198,0.0250000003725,0,0.0
2014-06-12 08:49:00,32.436,0.0476043024151,0.0500000007451,0,0.0
2014-06-12 08:54:00,32.671,0.0476043024151,0.0,0,0.0
2014-06-12 08:59:00,36.166,0.0504363883165,0.0,0,0.0
2014-06-12 09:04:00,46.334,0.0504363883165,0.0,0,0.0
2014-06-12 09:09:00,73.323,0.0448800026085,0.0750000029802,0,0.0
2014-06-12 09:14:00,47.131,0.0487497861112,0.34999999404,0,0.0
2014-06-12 09:19:00,32.546,0.0487497861112,0.0,0,0.0
2014-06-12 09:24:00,31.765,0.0487497861112,0.0,0,0.0
2014-06-12 09:29:00,33.329,0.0487497861112,0.0,0,0.0
2014-06-12 09:34:00,31.819,0.0459815725627,0.0,0,0.0
2014-06-12 09:39:00,32.716,0.0407642664597,0.0,0,0.0
2014-06-12 09:44:00,33.258,0.0433202515686,0.0250000003725,0,0.0
2014-06-12 09:49:00,32.336,0.0487497861112,0.0500000007451,0,0.0
2014-06-12 09:54:00,32.815,0.0546128418201,0.0500000007451,0,0.0
2014-06-12 09:59:00,34.623,0.0459815723605,0.0,0,0.0
2014-06-12 10:04:00,46.002,0.0476043024151,0.0,0,0.0
2014-06-12 10:09:00,73.167,0.0373383035142,0.10000000149,0,0.0
2014-06-12 10:14:00,47.104,0.0546128409136,0.324999988079,0,0.0
2014-06-12 10:19:00,33.331,0.0577105242331,0.0250000003725,0,0.0
2014-06-12 10:24:00,31.836,0.0577105242331,0.0,0,0.0
2014-06-12 10:29:00,34.524,0.0577105242331,0.0,0,0.0
2014-06-12 10:34:00,33.276,0.0546128409136,0.0,0,0.0
2014-06-12 10:39:00,33.214,0.0516263926314,0.0250000003725,0,0.0
2014-06-12 10:44:00,34.721,0.0487497852701,0.0250000003725,0,0.0
2014-06-12 10:49:00,32.12,0.0487497852701,0.0,0,0.0
2014-06-12 10:54:00,32.168,0.0487497852701,0.0,0,0.0
2014-06-12 10:59:00,35.6,0.0383120034194,0.0,0,0.0
2014-06-12 11:04:00,46.599,0.0504363883165,0.0250000003725,0,0.0
2014-06-12 11:09:00,73.83,0.0422619656824,0.10000000149,0,0.0
2014-06-12 11:14:00,46.334,0.0546128422734,0.375,0,0.0
2014-06-12 11:19:00,34.167,0.0577105256429,0.0250000003725,0,0.0
2014-06-12 11:24:00,33.214,0.0577105256429,0.0,0,0.0
2014-06-12 11:29:00,34.421,0.0546128422734,0.0,0,0.0
2014-06-12 11:34:00,32.656,0.0516263939417,0.0,0,0.0
2014-06-12 11:39:00,32.391,0.0516263939417,0.0,0,0.0
2014-06-12 11:44:00,33.765,0.0546128422734,0.0250000003725,0,0.0
2014-06-12 11:49:00,32.656,0.0546128422734,0.0,0,0.0
2014-06-12 11:54:00,32.171,0.0516263939417,0.0,0,0.0
2014-06-12 11:59:00,34.97,0.0577105261128,0.15000000596,0,0.0
2014-06-12 12:04:00,46.001,0.0397486110381,0.0,0,0.0
2014-06-12 12:09:00,73.167,0.0397486110381,0.0250000003725,0,0.0
2014-06-12 12:14:00,52.994,0.0337119093692,0.15000000596,0,0.0
2014-06-12 12:19:00,31.663,0.0337119093692,0.0,0,0.0
2014-06-12 12:24:00,33.34,0.0337119093692,0.0,0,0.0
2014-06-12 12:29:00,32.842,0.0337119093692,0.0,0,0.0
2014-06-12 12:34:00,32.495,0.0315605595101,0.0,0,0.0
2014-06-12 12:39:00,31.999,0.0315605595101,0.0,0,0.0
2014-06-12 12:44:00,33.642,0.0315605595101,0.0,0,0.0
2014-06-12 12:49:00,32.366,0.0422619653001,0.0,0,0.0
2014-06-12 12:54:00,32.11,0.0397486110381,0.0250000003725,0,0.0
2014-06-12 12:59:00,34.665,0.0422619653001,0.0,0,0.0
2014-06-12 13:04:00,46.706,0.0595937887504,0.0,0,0.0
2014-06-12 13:09:00,73.505,0.0504363881014,0.0750000029802,0,0.0
2014-06-12 13:14:00,47.167,0.0337119085495,0.25,0,0.0
2014-06-12 13:19:00,32.663,0.0359617948248,0.0250000003725,0,0.0
2014-06-12 13:24:00,32.334,0.0359617948248,0.0,0,0.0
2014-06-12 13:29:00,34.167,0.0359617948248,0.0,0,0.0
2014-06-12 13:34:00,31.667,0.0359333171444,0.0,0,0.0
2014-06-12 13:39:00,32.337,0.0359333171444,0.0,0,0.0
2014-06-12 13:44:00,33.16,0.0359333171444,0.0250000003725,0,0.0
2014-06-12 13:49:00,32.173,0.0433274288397,0.0750000029802,0,0.0
2014-06-12 13:54:00,31.667,0.0433274288397,0.0,0,0.0
2014-06-12 13:59:00,35.333,0.0359333171444,0.0,0,0.0
2014-06-12 14:04:00,45.764,0.0477790924624,0.0,0,0.0
2014-06-12 14:09:00,72.836,0.0450345542362,0.0500000007451,0,0.0
2014-06-12 14:14:00,52.72,0.0351143855534,0.10000000149,0,0.0
2014-06-12 14:19:00,32.111,0.0351143855534,0.0,0,0.0
2014-06-12 14:24:00,32.375,0.0351143855534,0.0,0,0.0
2014-06-12 14:29:00,33.15,0.0351143855534,0.0,0,0.0
2014-06-12 14:34:00,32.219,0.0374390475042,0.0,0,0.0
2014-06-12 14:39:00,32.892,0.0450345544366,0.0,0,0.0
2014-06-12 14:44:00,32.33,0.0450345544366,0.0,0,0.0
2014-06-12 14:49:00,32.001,0.0450345544366,0.0,0,0.0
2014-06-12 14:54:00,31.721,0.0450345544366,0.0,0,0.0
2014-06-12 14:59:00,35.127,0.047779092671,0.0250000003725,0,0.0
2014-06-12 15:04:00,46.05,0.059861569234,0.0,0,0.0
2014-06-12 15:09:00,73.001,0.0506326022861,0.0750000029802,0,0.0
2014-06-12 15:14:00,46.833,0.0359333176608,0.27500000596,0,0.0
2014-06-12 15:19:00,31.927,0.0359333176608,0.0,0,0.0
2014-06-12 15:24:00,32.729,0.0359333176608,0.0,0,0.0
2014-06-12 15:29:00,33.22,0.0359333176608,0.0,0,0.0
2014-06-12 15:34:00,32.835,0.0359333176608,0.0,0,0.0
2014-06-12 15:39:00,32.147,0.0359333176608,0.0,0,0.0
2014-06-12 15:44:00,33.605,0.0382943839886,0.0250000003725,0,0.0
2014-06-12 15:49:00,31.999,0.0382943839886,0.0250000003725,0,0.0
2014-06-12 15:54:00,32.167,0.040758522461,0.0250000003725,0,0.0
2014-06-12 15:59:00,35.868,0.0359333174887,0.0250000003725,0,0.0
2014-06-12 16:04:00,46.215,0.047779092671,0.0250000003725,0,0.0
2014-06-12 16:09:00,73.667,0.0423974441875,0.0500000007451,0,0.0
2014-06-12 16:14:00,52.279,0.0351143855534,0.0750000029802,0,0.0
2014-06-12 16:19:00,33.167,0.0351143855534,0.0,0,0.0
2014-06-12 16:24:00,31.496,0.0351143855534,0.0,0,0.0
2014-06-12 16:29:00,34.452,0.0351143855534,0.0,0,0.0
2014-06-12 16:34:00,32.865,0.0374390475042,0.0,0,0.0
2014-06-12 16:39:00,31.658,0.0398661612306,0.0,0,0.0
2014-06-12 16:44:00,34.654,0.0398661612306,0.0250000003725,0,0.0
2014-06-12 16:49:00,32.721,0.0423974439949,0.0,0,0.0
2014-06-12 16:54:00,31.278,0.0450345542362,0.0,0,0.0
2014-06-12 16:59:00,36.018,0.0477790924624,0.0250000003725,0,0.0
2014-06-12 17:04:00,46.174,0.0535965718049,0.0250000003725,0,0.0
2014-06-12 17:09:00,80.167,0.0506326025028,0.0250000003725,0,0.0
2014-06-12 17:14:00,52.329,0.047779092671,0.0250000003725,0,0.0
2014-06-12 17:19:00,33.055,0.0450345544366,0.0250000003725,0,0.0
2014-06-12 17:24:00,33.78,0.0450345544366,0.0,0,0.0
2014-06-12 17:29:00,34.333,0.0450345544366,0.0,0,0.0
2014-06-12 17:34:00,32.226,0.047779092671,0.0,0,0.0
2014-06-12 17:39:00,32.937,0.0450345544366,0.0250000003725,0,0.0
2014-06-12 17:44:00,34.347,0.0423974441875,0.0250000003725,0,0.0
2014-06-12 17:49:00,32.502,0.0423974441875,0.0250000003725,0,0.0
2014-06-12 17:54:00,33.002,0.0423974441875,0.0250000003725,0,0.0
2014-06-12 17:59:00,34.888,0.0450345544366,0.0,0,0.0
2014-06-12 18:04:00,46.756,0.047779092671,0.0,0,0.0
2014-06-12 18:09:00,73.169,0.0374390478582,0.125,0,0.0
2014-06-12 18:14:00,47.676,0.0359333174887,0.15000000596,0,0.0
2014-06-12 18:19:00,31.989,0.0359333174887,0.0,0,0.0
2014-06-12 18:24:00,32.336,0.0359333174887,0.0,0,0.0
2014-06-12 18:29:00,33.838,0.033673567849,0.0,0,0.0
2014-06-12 18:34:00,32.169,0.0315133195075,0.0,0,0.0
2014-06-12 18:39:00,31.834,0.0307652496408,0.0,0,0.0
2014-06-12 18:44:00,34.646,0.0307652496408,0.0250000003725,0,0.0
2014-06-12 18:49:00,30.671,0.0307652496408,0.0,0,0.0
2014-06-12 18:54:00,31.84,0.0307652496408,0.0,0,0.0
2014-06-12 18:59:00,35.554,0.0423974438024,0.0,0,0.0
2014-06-12 19:04:00,45.767,0.059861569234,0.0,0,0.0
2014-06-12 19:09:00,72.333,0.047779092671,0.10000000149,0,0.0
2014-06-12 19:14:00,54.428,0.0374390476812,0.10000000149,0,0.0
2014-06-12 19:19:00,31.509,0.0374390476812,0.0,0,0.0
2014-06-12 19:24:00,32.503,0.0374390476812,0.0,0,0.0
2014-06-12 19:29:00,33.85,0.0374390476812,0.0,0,0.0
2014-06-12 19:34:00,32.67,0.0398661614153,0.0,0,0.0
2014-06-12 19:39:00,32.334,0.0398661614153,0.0,0,0.0
2014-06-12 19:44:00,32.534,0.0374390476812,0.0250000003725,0,0.0
2014-06-12 19:49:00,31.954,0.0374390476812,0.0,0,0.0
2014-06-12 19:54:00,32.157,0.0374390476812,0.0,0,0.0
2014-06-12 19:59:00,35.333,0.047779092671,0.0,0,0.0
2014-06-12 20:04:00,45.883,0.059861569234,0.0,0,0.0
2014-06-12 20:09:00,73.333,0.0535965718049,0.0500000007451,0,0.0
2014-06-12 20:14:00,54.057,0.0398661616,0.125,0,0.0
2014-06-12 20:19:00,32.612,0.0398661616,0.0,0,0.0
2014-06-12 20:24:00,31.167,0.0398661616,0.0,0,0.0
2014-06-12 20:29:00,33.712,0.0398661616,0.0,0,0.0
2014-06-12 20:34:00,32.172,0.04239744438,0.0,0,0.0
2014-06-12 20:39:00,32.21,0.04239744438,0.0,0,0.0
2014-06-12 20:44:00,33.949,0.04239744438,0.0,0,0.0
2014-06-12 20:49:00,32.223,0.04239744438,0.0,0,0.0
2014-06-12 20:54:00,32.551,0.04239744438,0.0,0,0.0
2014-06-12 20:59:00,35.884,0.0477790928795,0.0,0,0.0
2014-06-12 21:04:00,46.283,0.0631653061135,0.0,0,0.0
2014-06-12 21:09:00,73.04,0.059861569234,0.0250000003725,0,0.0
2014-06-12 21:14:00,52.942,0.047779092671,0.10000000149,0,0.0
2014-06-12 21:19:00,32.663,0.047779092671,0.0,0,0.0
2014-06-12 21:24:00,33.825,0.047779092671,0.0,0,0.0
2014-06-12 21:29:00,33.729,0.047779092671,0.0,0,0.0
2014-06-12 21:34:00,32.785,0.047779092671,0.0,0,0.0
2014-06-12 21:39:00,31.647,0.0450345544366,0.0250000003725,0,0.0
2014-06-12 21:44:00,32.999,0.0423974441875,0.0250000003725,0,0.0
2014-06-12 21:49:00,32.346,0.0423974441875,0.0,0,0.0
2014-06-12 21:54:00,31.491,0.0398119070906,0.0250000003725,0,0.0
2014-06-12 21:59:00,35.306,0.042354988419,0.0,0,0.0
2014-06-12 22:04:00,46.827,0.0536128923968,0.0,0,0.0
2014-06-12 22:09:00,73.0,0.0536128923968,0.0,0,0.0
2014-06-12 22:14:00,52.434,0.0477636562197,0.0500000007451,0,0.0
2014-06-12 22:19:00,32.208,0.0477636562197,0.0,0,0.0
2014-06-12 22:24:00,31.697,0.0477636562197,0.0,0,0.0
2014-06-12 22:29:00,33.462,0.0506324398716,0.0,0,0.0
2014-06-12 22:34:00,32.881,0.0536128923968,0.0,0,0.0
2014-06-12 22:39:00,31.994,0.0536128923968,0.0,0,0.0
2014-06-12 22:44:00,33.023,0.0536128923968,0.0250000003725,0,0.0
2014-06-12 22:49:00,32.579,0.0536128923968,0.0,0,0.0
2014-06-12 22:54:00,30.884,0.0536128923968,0.0,0,0.0
2014-06-12 22:59:00,35.779,0.0536128923968,0.0,0,0.0
2014-06-12 23:04:00,45.545,0.0599145771724,0.0,0,0.0
2014-06-12 23:09:00,72.446,0.0599145771724,0.0,0,0.0
2014-06-12 23:14:00,52.331,0.0536128923968,0.0500000007451,0,0.0
2014-06-12 23:19:00,32.639,0.0536128923968,0.0,0,0.0
2014-06-12 23:24:00,31.777,0.0536128923968,0.0,0,0.0
2014-06-12 23:29:00,32.734,0.0536128923968,0.0,0,0.0
2014-06-12 23:34:00,31.933,0.0567064706482,0.0,0,0.0
2014-06-12 23:39:00,32.875,0.0567064706482,0.0,0,0.0
2014-06-12 23:44:00,33.318,0.0536128923968,0.0250000003725,0,0.0
2014-06-12 23:49:00,31.981,0.0536128923968,0.0,0,0.0
2014-06-12 23:54:00,32.284,0.0536128923968,0.0,0,0.0
2014-06-12 23:59:00,33.735,0.0536128923968,0.0,0,0.0
2014-06-13 00:04:00,45.889,0.0599145771724,0.0,0,0.0
2014-06-13 00:09:00,73.336,0.0567064706482,0.0250000003725,0,0.0
2014-06-13 00:14:00,53.485,0.0477636560101,0.0750000029802,0,0.0
2014-06-13 00:19:00,31.667,0.0477636560101,0.0,0,0.0
2014-06-13 00:24:00,32.168,0.0477636560101,0.0,0,0.0
2014-06-13 00:29:00,34.834,0.0450050287039,0.0250000003725,0,0.0
2014-06-13 00:34:00,33.323,0.0477636560101,0.0,0,0.0
2014-06-13 00:39:00,30.982,0.0477636560101,0.0,0,0.0
2014-06-13 00:44:00,33.332,0.0477636560101,0.0,0,0.0
2014-06-13 00:49:00,32.219,0.0477636560101,0.0,0,0.0
2014-06-13 00:54:00,33.276,0.0477636560101,0.0,0,0.0
2014-06-13 00:59:00,35.163,0.0506324396538,0.0,0,0.0
2014-06-13 01:04:00,47.166,0.0599145771724,0.0,0,0.0
2014-06-13 01:09:00,72.946,0.0536128923968,0.0500000007451,0,0.0
2014-06-13 01:14:00,47.387,0.0350398147112,0.17499999702,0,0.0
2014-06-13 01:19:00,33.0,0.0373740985609,0.0,0,0.0
2014-06-13 01:24:00,34.254,0.0350398147112,0.0250000003725,0,0.0
2014-06-13 01:29:00,33.151,0.0350398147112,0.0,0,0.0
2014-06-13 01:34:00,32.333,0.0350398147112,0.0,0,0.0
2014-06-13 01:39:00,31.829,0.0350398147112,0.0,0,0.0
2014-06-13 01:44:00,33.161,0.0350398147112,0.0,0,0.0
2014-06-13 01:49:00,31.829,0.0350398147112,0.0,0,0.0
2014-06-13 01:54:00,33.203,0.0350398147112,0.0,0,0.0
2014-06-13 01:59:00,34.473,0.0398119076472,0.0,0,0.0
2014-06-13 02:04:00,46.487,0.0567064706482,0.0250000003725,0,0.0
2014-06-13 02:09:00,73.5,0.0536128923968,0.0250000003725,0,0.0
2014-06-13 02:14:00,53.152,0.0360723762297,0.324999988079,0,0.0
2014-06-13 02:19:00,32.714,0.0360723762297,0.0,0,0.0
2014-06-13 02:24:00,31.949,0.0360723762297,0.0,0,0.0
2014-06-13 02:29:00,33.044,0.0360723762297,0.0,0,0.0
2014-06-13 02:34:00,32.107,0.0360723762297,0.0,0,0.0
2014-06-13 02:39:00,31.75,0.0360723762297,0.0,0,0.0
2014-06-13 02:44:00,33.038,0.0360723762297,0.0,0,0.0
2014-06-13 02:49:00,32.155,0.0360723762297,0.0,0,0.0
2014-06-13 02:54:00,31.714,0.0337944901152,0.0,0,0.0
2014-06-13 02:59:00,35.281,0.0337944901152,0.0250000003725,0,0.0
2014-06-13 03:04:00,46.5,0.0567064706482,0.0250000003725,0,0.0
2014-06-13 03:09:00,74.267,0.0536128923968,0.0250000003725,0,0.0
2014-06-13 03:14:00,52.036,0.0506324398716,0.0250000003725,0,0.0
2014-06-13 03:19:00,32.38,0.0506324398716,0.0,0,0.0
2014-06-13 03:24:00,32.023,0.0506324398716,0.0,0,0.0
2014-06-13 03:29:00,47.767,0.0961111943424,0.725000023842,0,0.0
2014-06-13 03:34:00,33.087,0.0961111943424,0.0,0,0.0
2014-06-13 03:39:00,31.379,0.0961111943424,0.0,0,0.0
2014-06-13 03:44:00,34.448,0.0961111943424,0.0,0,0.0
2014-06-13 03:49:00,32.165,0.0917611738938,0.0,0,0.0
2014-06-13 03:54:00,31.667,0.0875365375258,0.0,0,0.0
2014-06-13 03:59:00,35.513,0.0834363204804,0.0,0,0.0
2014-06-13 04:04:00,45.166,0.158394580127,0.40000000596,0,0.0
2014-06-13 04:09:00,75.048,0.158394580127,0.0,0,0.0
2014-06-13 04:14:00,52.619,0.255629943747,0.34999999404,0,0.0
2014-06-13 04:19:00,32.656,0.083436316569,0.0,0,0.0
2014-06-13 04:24:00,31.834,0.083436316569,0.0,0,0.0
2014-06-13 04:29:00,33.325,0.083436316569,0.0,0,0.0
2014-06-13 04:34:00,32.663,0.083436316569,0.0,0,0.0
2014-06-13 04:39:00,31.391,0.083436316569,0.0,0,0.0
2014-06-13 04:44:00,33.375,0.083436316569,0.0,0,0.0
2014-06-13 04:49:00,33.268,0.083436316569,0.0,0,0.0
2014-06-13 04:54:00,31.461,0.033794490613,0.0,0,0.0
2014-06-13 04:59:00,34.27,0.0360723767502,0.0250000003725,0,0.0
2014-06-13 05:04:00,45.917,0.0599145771724,0.0,0,0.0
2014-06-13 05:09:00,79.16,0.0567064706482,0.0250000003725,0,0.0
2014-06-13 05:14:00,52.722,0.0506324398716,0.0500000007451,0,0.0
2014-06-13 05:19:00,32.446,0.0506324398716,0.0,0,0.0
2014-06-13 05:24:00,32.054,0.0506324398716,0.0,0,0.0
2014-06-13 05:29:00,34.268,0.0477636562197,0.0250000003725,0,0.0
2014-06-13 05:34:00,32.005,0.0477636562197,0.0,0,0.0
2014-06-13 05:39:00,32.056,0.0477636562197,0.0,0,0.0
2014-06-13 05:44:00,33.431,0.0477636562197,0.0,0,0.0
2014-06-13 05:49:00,31.831,0.0506324398716,0.0,0,0.0
2014-06-13 05:54:00,31.5,0.0506324398716,0.0,0,0.0
2014-06-13 05:59:00,35.867,0.0506324398716,0.0250000003725,0,0.0
2014-06-13 06:04:00,46.055,0.0567064706482,0.0,0,0.0
2014-06-13 06:09:00,73.486,0.0536128923968,0.0250000003725,0,0.0
2014-06-13 06:14:00,52.827,0.0463327552545,0.40000000596,0,0.0
2014-06-13 06:19:00,32.158,0.0463327552545,0.0250000003725,0,0.0
2014-06-13 06:24:00,33.664,0.0491534210661,0.0250000003725,0,0.0
2014-06-13 06:29:00,32.884,0.0520856617469,0.0250000003725,0,0.0
2014-06-13 06:34:00,31.667,0.0551309758456,0.0250000003725,0,0.0
2014-06-13 06:39:00,32.11,0.0615665415108,0.0500000007451,0,0.0
2014-06-13 06:44:00,33.653,0.0615665415108,0.0,0,0.0
2014-06-13 06:49:00,32.672,0.0582908062281,0.0,0,0.0
2014-06-13 06:54:00,31.876,0.0582908062281,0.0,0,0.0
2014-06-13 06:59:00,34.783,0.0582908062281,0.0250000003725,0,0.0
2014-06-13 07:04:00,46.219,0.0423492823926,0.0,0,0.0
2014-06-13 07:09:00,73.834,0.0450072594159,0.0,0,0.0
2014-06-13 07:14:00,52.493,0.0491534204233,0.375,0,0.0
2014-06-13 07:19:00,32.383,0.0463327546364,0.0,0,0.0
2014-06-13 07:24:00,32.786,0.0436221081314,0.0,0,0.0
2014-06-13 07:29:00,32.443,0.0385243579903,0.0,0,0.0
2014-06-13 07:34:00,32.782,0.0385243579903,0.0,0,0.0
2014-06-13 07:39:00,32.772,0.0410198670239,0.0250000003725,0,0.0
2014-06-13 07:44:00,32.764,0.0410198670239,0.0,0,0.0
2014-06-13 07:49:00,32.283,0.0385243579903,0.0,0,0.0
2014-06-13 07:54:00,31.832,0.0385243579903,0.0,0,0.0
2014-06-13 07:59:00,35.309,0.0385243579903,0.0,0,0.0
2014-06-13 08:04:00,46.382,0.0599666441774,0.0,0,0.0
2014-06-13 08:09:00,79.327,0.0477744820125,0.10000000149,0,0.0
2014-06-13 08:14:00,53.83,0.0520856617469,0.40000000596,0,0.0
2014-06-13 08:19:00,33.614,0.0520856617469,0.0,0,0.0
2014-06-13 08:24:00,32.048,0.0520856617469,0.0,0,0.0
2014-06-13 08:29:00,34.659,0.0491534210661,0.0,0,0.0
2014-06-13 08:34:00,31.16,0.0491534210661,0.0,0,0.0
2014-06-13 08:39:00,33.281,0.0520856617469,0.0250000003725,0,0.0
2014-06-13 08:44:00,34.213,0.0520856617469,0.0,0,0.0
2014-06-13 08:49:00,32.332,0.0520856617469,0.0,0,0.0
2014-06-13 08:54:00,32.437,0.0520856617469,0.0,0,0.0
2014-06-13 08:59:00,35.55,0.0436221087251,0.0250000003725,0,0.0
2014-06-13 09:04:00,46.167,0.056747172751,0.0,0,0.0
2014-06-13 09:09:00,80.166,0.0450072594159,0.10000000149,0,0.0
2014-06-13 09:14:00,53.206,0.0397989084261,0.0500000007451,0,0.0
2014-06-13 09:19:00,33.278,0.0397989084261,0.0,0,0.0
2014-06-13 09:24:00,32.385,0.0397989084261,0.0,0,0.0
2014-06-13 09:29:00,34.442,0.0423492823926,0.0,0,0.0
2014-06-13 09:34:00,33.276,0.0423492823926,0.0,0,0.0
2014-06-13 09:39:00,31.183,0.0423492823926,0.0,0,0.0
2014-06-13 09:44:00,35.325,0.035014098782,0.0750000029802,0,0.0
2014-06-13 09:49:00,31.828,0.0373544348783,0.0,0,0.0
2014-06-13 09:54:00,31.45,0.0373544348783,0.0,0,0.0
2014-06-13 09:59:00,35.39,0.0477744818022,0.0,0,0.0
2014-06-13 10:04:00,46.279,0.0536429406383,0.0,0,0.0
2014-06-13 10:09:00,80.667,0.0477744818022,0.0500000007451,0,0.0
2014-06-13 10:14:00,52.114,0.0423492821986,0.0500000007451,0,0.0
2014-06-13 10:19:00,34.881,0.0397989082401,0.0250000003725,0,0.0
2014-06-13 10:24:00,29.95,0.0397989082401,0.0,0,0.0
2014-06-13 10:29:00,34.282,0.0397989082401,0.0,0,0.0
2014-06-13 10:34:00,32.063,0.0477744820125,0.0,0,0.0
2014-06-13 10:39:00,32.209,0.0477744820125,0.0,0,0.0
2014-06-13 10:44:00,33.103,0.0477744820125,0.0,0,0.0
2014-06-13 10:49:00,32.324,0.0477744820125,0.0,0,0.0
2014-06-13 10:54:00,31.818,0.0477744820125,0.0,0,0.0
2014-06-13 10:59:00,35.166,0.0536429408654,0.0,0,0.0
2014-06-13 11:04:00,45.886,0.0599666441774,0.0,0,0.0
2014-06-13 11:09:00,79.501,0.0633027163475,0.0,0,0.0
2014-06-13 11:14:00,53.336,0.0477744822228,0.125,0,0.0
2014-06-13 11:19:00,32.453,0.0477744822228,0.0,0,0.0
2014-06-13 11:24:00,32.716,0.0477744822228,0.0,0,0.0
2014-06-13 11:29:00,33.616,0.0477744822228,0.0,0,0.0
2014-06-13 11:34:00,32.04,0.0477744822228,0.0,0,0.0
2014-06-13 11:39:00,32.103,0.0477744822228,0.0,0,0.0
2014-06-13 11:44:00,33.352,0.0477744822228,0.0,0,0.0
2014-06-13 11:49:00,31.896,0.0477744822228,0.0,0,0.0
2014-06-13 11:54:00,31.498,0.0477744822228,0.0,0,0.0
2014-06-13 11:59:00,35.447,0.0477744822228,0.0,0,0.0
2014-06-13 12:04:00,46.556,0.0633027163475,0.0,0,0.0
2014-06-13 12:09:00,80.001,0.0633027163475,0.0,0,0.0
2014-06-13 12:14:00,52.973,0.0536429406383,0.0750000029802,0,0.0
2014-06-13 12:19:00,32.167,0.0536429406383,0.0,0,0.0
2014-06-13 12:24:00,32.657,0.0536429406383,0.0,0,0.0
2014-06-13 12:29:00,34.997,0.0536429406383,0.0,0,0.0
2014-06-13 12:34:00,32.162,0.0536429406383,0.0,0,0.0
2014-06-13 12:39:00,32.997,0.0477744818022,0.0500000007451,0,0.0
2014-06-13 12:44:00,33.208,0.0450072592139,0.0250000003725,0,0.0
2014-06-13 12:49:00,32.279,0.0373544347001,0.0750000029802,0,0.0
2014-06-13 12:54:00,32.715,0.0327760748333,0.0500000007451,0,0.0
2014-06-13 12:59:00,36.228,0.030638476236,0.0250000003725,0,0.0
2014-06-13 13:04:00,45.766,0.0373544348783,0.0,0,0.0
2014-06-13 13:09:00,79.614,0.0373544348783,0.0,0,0.0
2014-06-13 13:14:00,53.338,0.0361338483094,0.15000000596,0,0.0
2014-06-13 13:19:00,32.058,0.0385243590822,0.0250000003725,0,0.0
2014-06-13 13:24:00,33.281,0.0385243590822,0.0,0,0.0
2014-06-13 13:29:00,34.875,0.0338465407953,0.0,0,0.0
2014-06-13 13:34:00,32.603,0.0338465407953,0.0250000003725,0,0.0
2014-06-13 13:39:00,32.001,0.0327760748333,0.0,0,0.0
2014-06-13 13:44:00,33.501,0.0350140986115,0.0250000003725,0,0.0
2014-06-13 13:49:00,31.841,0.0350140986115,0.0250000003725,0,0.0
2014-06-13 13:54:00,31.664,0.0327760748333,0.0250000003725,0,0.0
2014-06-13 13:59:00,35.138,0.0327760748333,0.0,0,0.0
2014-06-13 14:04:00,46.053,0.0477744820125,0.0,0,0.0
2014-06-13 14:09:00,79.554,0.0506525338325,0.0,0,0.0
2014-06-13 14:14:00,53.115,0.0327760756482,0.17499999702,0,0.0
2014-06-13 14:19:00,32.499,0.0306384770138,0.0250000003725,0,0.0
2014-06-13 14:24:00,32.006,0.0306384770138,0.0250000003725,0,0.0
2014-06-13 14:29:00,33.887,0.0316605786011,0.0250000003725,0,0.0
2014-06-13 14:34:00,32.616,0.0317060884087,0.0250000003725,0,0.0
2014-06-13 14:39:00,31.657,0.0317060884087,0.0250000003725,0,0.0
2014-06-13 14:44:00,33.7,0.0317060884087,0.0250000003725,0,0.0
2014-06-13 14:49:00,31.604,0.0317060884087,0.0,0,0.0
2014-06-13 14:54:00,31.712,0.0317060884087,0.0,0,0.0
2014-06-13 14:59:00,35.115,0.0317060884087,0.0,0,0.0
2014-06-13 15:04:00,45.887,0.0450433241017,0.0,0,0.0
2014-06-13 15:09:00,79.833,0.042371033048,0.0500000007451,0,0.0
2014-06-13 15:14:00,52.437,0.042371033048,0.0250000003725,0,0.0
2014-06-13 15:19:00,32.718,0.0450433241017,0.0,0,0.0
2014-06-13 15:24:00,32.771,0.0478259646313,0.0,0,0.0
2014-06-13 15:29:00,33.068,0.0507205609483,0.0,0,0.0
2014-06-13 15:34:00,31.819,0.0537286605791,0.0,0,0.0
2014-06-13 15:39:00,31.781,0.0507205609483,0.0250000003725,0,0.0
2014-06-13 15:44:00,32.874,0.0478259646313,0.0250000003725,0,0.0
2014-06-13 15:49:00,33.341,0.0450433241017,0.0250000003725,0,0.0
2014-06-13 15:54:00,31.266,0.0450433241017,0.0,0,0.0
2014-06-13 15:59:00,35.408,0.0507205609483,0.0,0,0.0
2014-06-13 16:04:00,46.789,0.0537286605791,0.0,0,0.0
2014-06-13 16:09:00,78.708,0.0478259646313,0.0500000007451,0,0.0
2014-06-13 16:14:00,53.773,0.0450433241017,0.0250000003725,0,0.0
2014-06-13 16:19:00,33.222,0.042371033048,0.0250000003725,0,0.0
2014-06-13 16:24:00,33.112,0.0373507729025,0.0500000007451,0,0.0
2014-06-13 16:29:00,34.517,0.0398074251358,0.0,0,0.0
2014-06-13 16:34:00,34.367,0.0398074251358,0.0250000003725,0,0.0
2014-06-13 16:39:00,31.287,0.042371033048,0.0,0,0.0
2014-06-13 16:44:00,33.274,0.042371033048,0.0,0,0.0
2014-06-13 16:49:00,31.788,0.042371033048,0.0,0,0.0
2014-06-13 16:54:00,32.826,0.0373507729025,0.0500000007451,0,0.0
2014-06-13 16:59:00,35.593,0.042371033048,0.0,0,0.0
2014-06-13 17:04:00,45.561,0.0450433241017,0.0,0,0.0
2014-06-13 17:09:00,80.167,0.0398074249488,0.0750000029802,0,0.0
2014-06-13 17:14:00,53.289,0.0423710328529,0.0250000003725,0,0.0
2014-06-13 17:19:00,31.008,0.0423710328529,0.0,0,0.0
2014-06-13 17:24:00,32.486,0.0423710328529,0.0250000003725,0,0.0
2014-06-13 17:29:00,33.984,0.0423710328529,0.0,0,0.0
2014-06-13 17:34:00,32.171,0.0423710328529,0.0,0,0.0
2014-06-13 17:39:00,31.211,0.0423710328529,0.0,0,0.0
2014-06-13 17:44:00,32.955,0.0478259644198,0.0,0,0.0
2014-06-13 17:49:00,31.827,0.0478259644198,0.0,0,0.0
2014-06-13 17:54:00,32.81,0.0450433238986,0.0250000003725,0,0.0
2014-06-13 17:59:00,34.484,0.0537286605791,0.0,0,0.0
2014-06-13 18:04:00,45.891,0.0568517536108,0.0,0,0.0
2014-06-13 18:09:00,79.994,0.0450433241017,0.10000000149,0,0.0
2014-06-13 18:14:00,52.666,0.0478259646313,0.0,0,0.0
2014-06-13 18:19:00,32.5,0.0450433241017,0.0250000003725,0,0.0
2014-06-13 18:24:00,32.833,0.0450433241017,0.0,0,0.0
2014-06-13 18:29:00,33.685,0.0450433241017,0.0,0,0.0
2014-06-13 18:34:00,32.672,0.0450433241017,0.0,0,0.0
2014-06-13 18:39:00,33.706,0.0450433241017,0.0,0,0.0
2014-06-13 18:44:00,33.481,0.0478259646313,0.0,0,0.0
2014-06-13 18:49:00,30.607,0.0478259646313,0.0,0,0.0
2014-06-13 18:54:00,31.887,0.0478259646313,0.0,0,0.0
2014-06-13 18:59:00,35.122,0.0600912741256,0.0,0,0.0
2014-06-13 19:04:00,45.708,0.0600912741256,0.0,0,0.0
2014-06-13 19:09:00,80.338,0.0634486017062,0.0,0,0.0
2014-06-13 19:14:00,52.332,0.0634486017062,0.0,0,0.0
2014-06-13 19:19:00,32.333,0.0634486017062,0.0,0,0.0
2014-06-13 19:24:00,33.162,0.0634486017062,0.0,0,0.0
2014-06-13 19:29:00,34.707,0.0634486017062,0.0,0,0.0
2014-06-13 19:34:00,32.637,0.0634486017062,0.0,0,0.0
2014-06-13 19:39:00,32.784,0.0634486017062,0.0,0,0.0
2014-06-13 19:44:00,32.976,0.0634486017062,0.0,0,0.0
2014-06-13 19:49:00,32.17,0.0634486017062,0.0,0,0.0
2014-06-13 19:54:00,31.887,0.0634486017062,0.0,0,0.0
2014-06-13 19:59:00,37.154,0.0568517536108,0.0500000007451,0,0.0
2014-06-13 20:04:00,46.608,0.0568517536108,0.0,0,0.0
2014-06-13 20:09:00,80.115,0.0568517536108,0.0,0,0.0
2014-06-13 20:14:00,52.672,0.0537286605791,0.0250000003725,0,0.0
2014-06-13 20:19:00,33.338,0.0537286605791,0.0,0,0.0
2014-06-13 20:24:00,33.001,0.0537286605791,0.0,0,0.0
2014-06-13 20:29:00,33.481,0.0537286605791,0.0,0,0.0
2014-06-13 20:34:00,32.228,0.0537286605791,0.0,0,0.0
2014-06-13 20:39:00,32.613,0.0537286605791,0.0,0,0.0
2014-06-13 20:44:00,35.514,0.0507205609483,0.0250000003725,0,0.0
2014-06-13 20:49:00,31.823,0.0568517536108,0.0,0,0.0
2014-06-13 20:54:00,32.221,0.0568517536108,0.0,0,0.0
2014-06-13 20:59:00,35.462,0.0537286605791,0.0250000003725,0,0.0
2014-06-13 21:04:00,46.01,0.0507205609483,0.0500000007451,0,0.0
2014-06-13 21:09:00,79.833,0.0507205609483,0.0,0,0.0
2014-06-13 21:14:00,52.433,0.0423710328529,0.0750000029802,0,0.0
2014-06-13 21:19:00,32.398,0.0423710328529,0.0,0,0.0
2014-06-13 21:24:00,32.166,0.0423710328529,0.0,0,0.0
2014-06-13 21:29:00,34.0,0.0423710328529,0.0,0,0.0
2014-06-13 21:34:00,32.558,0.0423710328529,0.0250000003725,0,0.0
2014-06-13 21:39:00,32.957,0.0398074249488,0.0250000003725,0,0.0
2014-06-13 21:44:00,33.375,0.0373507727235,0.0250000003725,0,0.0
2014-06-13 21:49:00,33.283,0.0373507727235,0.0250000003725,0,0.0
2014-06-13 21:54:00,31.731,0.0373507727235,0.0500000007451,0,0.0
2014-06-13 21:59:00,35.816,0.0373507727235,0.0,0,0.0
2014-06-13 22:04:00,45.66,0.0450433241017,0.0,0,0.0
2014-06-13 22:09:00,78.666,0.0450433241017,0.0,0,0.0
2014-06-13 22:14:00,52.667,0.0450433241017,0.0,0,0.0
2014-06-13 22:19:00,32.056,0.0450433241017,0.0,0,0.0
2014-06-13 22:24:00,32.117,0.0478259646313,0.0,0,0.0
2014-06-13 22:29:00,33.333,0.0507205609483,0.0,0,0.0
2014-06-13 22:34:00,32.715,0.0537286605791,0.0,0,0.0
2014-06-13 22:39:00,33.11,0.0568517536108,0.0,0,0.0
2014-06-13 22:44:00,32.5,0.0634486017062,0.0,0,0.0
2014-06-13 22:49:00,32.063,0.0634486017062,0.0,0,0.0
2014-06-13 22:54:00,32.084,0.0633590796774,0.0,0,0.0
2014-06-13 22:59:00,35.124,0.0633590796774,0.0,0,0.0
2014-06-13 23:04:00,45.543,0.0599895482068,0.0250000003725,0,0.0
2014-06-13 23:09:00,79.324,0.0599895482068,0.0,0,0.0
2014-06-13 23:14:00,52.668,0.0599895482068,0.0,0,0.0
2014-06-13 23:19:00,32.539,0.0599895482068,0.0,0,0.0
2014-06-13 23:24:00,32.446,0.0599895482068,0.0,0,0.0
2014-06-13 23:29:00,33.547,0.0599895482068,0.0,0,0.0
2014-06-13 23:34:00,32.618,0.0599895482068,0.0,0,0.0
2014-06-13 23:39:00,32.662,0.0599895482068,0.0,0,0.0
2014-06-13 23:44:00,34.061,0.0567388789019,0.0250000003725,0,0.0
2014-06-13 23:49:00,32.101,0.0567388789019,0.0,0,0.0
2014-06-13 23:54:00,33.171,0.0599895482068,0.0,0,0.0
2014-06-13 23:59:00,33.406,0.0599895482068,0.0,0,0.0
2014-06-14 00:04:00,46.103,0.0599895482068,0.0,0,0.0
2014-06-14 00:09:00,79.999,0.0599895482068,0.0,0,0.0
2014-06-14 00:14:00,52.834,0.0567388789019,0.0250000003725,0,0.0
2014-06-14 00:19:00,33.0,0.0567388789019,0.0,0,0.0
2014-06-14 00:24:00,33.665,0.0567388789019,0.0,0,0.0
2014-06-14 00:29:00,33.564,0.0567388789019,0.0,0,0.0
2014-06-14 00:34:00,32.279,0.0536056710495,0.0500000007451,0,0.0
2014-06-14 00:39:00,32.488,0.0476857574375,0.0500000007451,0,0.0
2014-06-14 00:44:00,33.819,0.0422174630144,0.0500000007451,0,0.0
2014-06-14 00:49:00,31.38,0.0396485544469,0.0250000003725,0,0.0
2014-06-14 00:54:00,32.289,0.0348324362708,0.0500000007451,0,0.0
2014-06-14 00:59:00,34.81,0.0348324362708,0.0,0,0.0
2014-06-14 01:04:00,46.663,0.0325815250478,0.0500000007451,0,0.0
2014-06-14 01:09:00,79.166,0.0325815250478,0.0,0,0.0
2014-06-14 01:14:00,52.712,0.0325815250478,0.0,0,0.0
2014-06-14 01:19:00,32.931,0.0304328039753,0.0250000003725,0,0.0
2014-06-14 01:24:00,32.158,0.0325815250478,0.0250000003725,0,0.0
2014-06-14 01:29:00,34.042,0.0371874851225,0.0,0,0.0
2014-06-14 01:34:00,32.756,0.0396485544469,0.0250000003725,0,0.0
2014-06-14 01:39:00,31.99,0.0422174630144,0.0,0,0.0
2014-06-14 01:44:00,33.222,0.0476857574375,0.0,0,0.0
2014-06-14 01:49:00,32.342,0.0448959662981,0.0250000003725,0,0.0
2014-06-14 01:54:00,32.099,0.0476857574375,0.0250000003725,0,0.0
2014-06-14 01:59:00,35.706,0.0448959662981,0.0250000003725,0,0.0
2014-06-14 02:04:00,45.632,0.0422174630144,0.0250000003725,0,0.0
2014-06-14 02:09:00,79.502,0.0422174630144,0.0250000003725,0,0.0
2014-06-14 02:14:00,53.664,0.0348324362708,0.10000000149,0,0.0
2014-06-14 02:19:00,31.664,0.0348324362708,0.0,0,0.0
2014-06-14 02:24:00,31.666,0.0371874851225,0.0,0,0.0
2014-06-14 02:29:00,33.666,0.0371874851225,0.0,0,0.0
2014-06-14 02:34:00,32.501,0.0371874851225,0.0,0,0.0
2014-06-14 02:39:00,31.724,0.0396485544469,0.0,0,0.0
2014-06-14 02:44:00,34.613,0.0422174630144,0.0,0,0.0
2014-06-14 02:49:00,31.169,0.0448959662981,0.0,0,0.0
2014-06-14 02:54:00,33.008,0.0476857574375,0.0,0,0.0
2014-06-14 02:59:00,60.9152,0.14383156681,0.949999988079,0,0.0
2014-06-14 03:04:00,39.219,0.122038600101,0.0,0,0.0
2014-06-14 03:09:00,91.4587,0.409988114707,0.925000011921,0,0.0
2014-06-14 03:14:00,79.886,0.571298335834,0.34999999404,0,-0.11
2014-06-14 03:19:00,59.498,0.299999996735,0.27500000596,0,0.0
2014-06-14 03:24:00,66.443,0.299999996735,0.125,0,0.0
2014-06-14 03:29:00,48.382,0.299999996735,0.0250000003725,0,0.0
2014-06-14 03:34:00,39.451,0.299999996735,0.300000011921,0,0.0
2014-06-14 03:39:00,50.166,0.299999996735,0.75,0,0.0
2014-06-14 03:44:00,57.933,0.299999996735,0.17499999702,0,0.0
2014-06-14 03:49:00,48.166,0.299999996735,0.0500000007451,0,0.0
2014-06-14 03:54:00,32.32,0.299999996735,0.0,0,0.0
2014-06-14 03:59:00,35.863,0.498564014694,0.0250000003725,0,0.0
2014-06-14 04:04:00,45.818,0.475522000485,0.300000011921,0,0.0
2014-06-14 04:09:00,66.667,0.359471769693,0.0,0,0.0
2014-06-14 04:14:00,53.161,0.321720905196,0.0250000003725,0,0.0
2014-06-14 04:19:00,32.445,0.312651002414,0.0,0,0.0
2014-06-14 04:24:00,32.83,0.2151625973,0.0,0,0.0
2014-06-14 04:29:00,32.863,0.0589510544017,0.0,0,0.0
2014-06-14 04:34:00,32.396,0.0388604232813,0.0,0,0.0
2014-06-14 04:39:00,32.891,0.034111024612,0.0,0,0.0
2014-06-14 04:44:00,32.819,0.034111024612,0.0,0,0.0
2014-06-14 04:49:00,45.722,0.155546549948,0.774999976158,0,0.0
2014-06-14 04:54:00,32.999,0.340301566442,0.899999976158,0,0.0
2014-06-14 04:59:00,34.948,0.340301566442,0.0,0,0.0
2014-06-14 05:04:00,46.22,0.475521963208,0.34999999404,0,0.0
2014-06-14 05:09:00,66.667,0.475521963208,0.0,0,0.0
2014-06-14 05:14:00,52.167,0.475521963208,0.0,0,0.0
2014-06-14 05:19:00,32.5,0.475521963208,0.0,0,0.0
2014-06-14 05:24:00,33.339,0.475521963208,0.0,0,0.0
2014-06-14 05:29:00,34.674,0.475521963208,0.0,0,0.0
2014-06-14 05:34:00,31.139,0.4869679547,0.0250000003725,0,0.0
2014-06-14 05:39:00,32.44,0.207974283823,0.0250000003725,0,0.0
2014-06-14 05:44:00,33.728,0.0413951095611,0.0250000003725,0,0.0
2014-06-14 05:49:00,31.712,0.0413951095611,0.0,0,0.0
2014-06-14 05:54:00,32.152,0.0536056710495,0.0,0,0.0
2014-06-14 05:59:00,35.949,0.0536056710495,0.0,0,0.0
2014-06-14 06:04:00,47.166,0.0536056710495,0.0,0,0.0
2014-06-14 06:09:00,66.666,0.0448959660944,0.0750000029802,0,0.0
2014-06-14 06:14:00,53.219,0.0422174628189,0.0250000003725,0,0.0
2014-06-14 06:19:00,33.004,0.0422174628189,0.0,0,0.0
2014-06-14 06:24:00,32.981,0.0396485542596,0.0500000007451,0,0.0
2014-06-14 06:29:00,33.162,0.0371874849431,0.0500000007451,0,0.0
2014-06-14 06:34:00,32.673,0.0371874849431,0.0250000003725,0,0.0
2014-06-14 06:39:00,33.119,0.0348324360992,0.0250000003725,0,0.0
2014-06-14 06:44:00,33.777,0.0348324360992,0.0,0,0.0
2014-06-14 06:49:00,32.499,0.0348324360992,0.0,0,0.0
2014-06-14 06:54:00,33.144,0.0325815248839,0.0250000003725,0,0.0
2014-06-14 06:59:00,35.23,0.0371874851225,0.0250000003725,0,0.0
2014-06-14 07:04:00,46.942,0.0371874851225,0.0250000003725,0,0.0
2014-06-14 07:09:00,67.334,0.0371874851225,0.0,0,0.0
2014-06-14 07:14:00,52.479,0.035125855669,0.0750000029802,0,0.0
2014-06-14 07:19:00,32.834,0.0398196419632,0.0,0,0.0
2014-06-14 07:24:00,31.666,0.0423182144373,0.0,0,0.0
2014-06-14 07:29:00,33.67,0.0449200602043,0.0,0,0.0
2014-06-14 07:34:00,32.485,0.0449200602043,0.0,0,0.0
2014-06-14 07:39:00,32.946,0.0449200602043,0.0,0,0.0
2014-06-14 07:44:00,35.003,0.0476267252997,0.0,0,0.0
2014-06-14 07:49:00,31.911,0.0504397014805,0.0,0,0.0
2014-06-14 07:54:00,33.427,0.0533604273088,0.0,0,0.0
2014-06-14 07:59:00,35.774,0.0533604273088,0.0,0,0.0
2014-06-14 08:04:00,45.365,0.0627827159027,0.0,0,0.0
2014-06-14 08:09:00,65.998,0.0563902895603,0.0500000007451,0,0.0
2014-06-14 08:14:00,53.388,0.0563902895603,0.0,0,0.0
2014-06-14 08:19:00,32.612,0.0563902895603,0.0,0,0.0
2014-06-14 08:24:00,32.537,0.0563902895603,0.0,0,0.0
2014-06-14 08:29:00,33.148,0.0563902895603,0.0,0,0.0
2014-06-14 08:34:00,31.772,0.0563902895603,0.0,0,0.0
2014-06-14 08:39:00,33.334,0.0563902895603,0.0,0,0.0
2014-06-14 08:44:00,33.839,0.0563902895603,0.0,0,0.0
2014-06-14 08:49:00,31.811,0.0563902895603,0.0,0,0.0
2014-06-14 08:54:00,31.925,0.0563902895603,0.0,0,0.0
2014-06-14 08:59:00,35.232,0.0627827159027,0.0,0,0.0
2014-06-14 09:04:00,45.657,0.0627827159027,0.0,0,0.0
2014-06-14 09:09:00,65.884,0.0563902895603,0.0500000007451,0,0.0
2014-06-14 09:14:00,53.335,0.0423182148173,0.125,0,0.0
2014-06-14 09:19:00,31.838,0.0423182148173,0.0,0,0.0
2014-06-14 09:24:00,32.604,0.0423182148173,0.0,0,0.0
2014-06-14 09:29:00,33.708,0.0423182148173,0.0,0,0.0
2014-06-14 09:34:00,31.751,0.0423182148173,0.0,0,0.0
2014-06-14 09:39:00,32.378,0.0423182148173,0.0,0,0.0
2014-06-14 09:44:00,34.444,0.0423182148173,0.0,0,0.0
2014-06-14 09:49:00,31.999,0.0423182148173,0.0,0,0.0
2014-06-14 09:54:00,32.49,0.0423182148173,0.0,0,0.0
2014-06-14 09:59:00,35.966,0.0398196421456,0.0750000029802,0,0.0
2014-06-14 10:04:00,46.817,0.0504397014805,0.0250000003725,0,0.0
2014-06-14 10:09:00,65.373,0.0423182142473,0.0750000029802,0,0.0
2014-06-14 10:14:00,53.979,0.0423182142473,0.0,0,0.0
2014-06-14 10:19:00,32.613,0.0423182142473,0.0,0,0.0
2014-06-14 10:24:00,32.493,0.0423182142473,0.0,0,0.0
2014-06-14 10:29:00,33.65,0.0423182142473,0.0,0,0.0
2014-06-14 10:34:00,31.22,0.0423182142473,0.0,0,0.0
2014-06-14 10:39:00,33.284,0.0423182142473,0.0,0,0.0
2014-06-14 10:44:00,32.5,0.0423182142473,0.0,0,0.0
2014-06-14 10:49:00,32.001,0.0504397014805,0.0,0,0.0
2014-06-14 10:54:00,31.726,0.0533604273088,0.0,0,0.0
2014-06-14 10:59:00,35.174,0.0627827159027,0.0,0,0.0
2014-06-14 11:04:00,46.946,0.0595306235696,0.0250000003725,0,0.0
2014-06-14 11:09:00,65.666,0.0595306235696,0.0,0,0.0
2014-06-14 11:14:00,53.717,0.0595306235696,0.0,0,0.0
2014-06-14 11:19:00,31.928,0.0595306235696,0.0,0,0.0
2014-06-14 11:24:00,32.0,0.0595306235696,0.0,0,0.0
2014-06-14 11:29:00,33.502,0.0595306235696,0.0,0,0.0
2014-06-14 11:34:00,32.667,0.0595306235696,0.0,0,0.0
2014-06-14 11:39:00,30.889,0.0595306235696,0.0,0,0.0
2014-06-14 11:44:00,33.129,0.0563902895603,0.0250000003725,0,0.0
2014-06-14 11:49:00,32.715,0.0563902895603,0.0,0,0.0
2014-06-14 11:54:00,32.281,0.0595306235696,0.0,0,0.0
2014-06-14 11:59:00,35.213,0.0563902895603,0.0250000003725,0,0.0
2014-06-14 12:04:00,47.425,0.0563902895603,0.0,0,0.0
2014-06-14 12:09:00,67.163,0.0563902895603,0.0,0,0.0
2014-06-14 12:14:00,52.799,0.0398196417809,0.15000000596,0,0.0
2014-06-14 12:19:00,33.231,0.0398196417809,0.0,0,0.0
2014-06-14 12:24:00,31.772,0.0398196417809,0.0,0,0.0
2014-06-14 12:29:00,33.602,0.0398196417809,0.0,0,0.0
2014-06-14 12:34:00,31.898,0.0423182142473,0.0,0,0.0
2014-06-14 12:39:00,33.335,0.0398196417809,0.0250000003725,0,0.0
2014-06-14 12:44:00,32.832,0.0398196417809,0.0,0,0.0
2014-06-14 12:49:00,31.312,0.0423182142473,0.0,0,0.0
2014-06-14 12:54:00,32.665,0.0423182142473,0.0,0,0.0
2014-06-14 12:59:00,36.318,0.0398196417809,0.0250000003725,0,0.0
2014-06-14 13:04:00,46.385,0.0563902895603,0.0,0,0.0
2014-06-14 13:09:00,66.167,0.044920060402,0.10000000149,0,0.0
2014-06-14 13:14:00,52.334,0.0423182146273,0.0250000003725,0,0.0
2014-06-14 13:19:00,31.998,0.0423182146273,0.0,0,0.0
2014-06-14 13:24:00,32.661,0.0398196421456,0.0250000003725,0,0.0
2014-06-14 13:29:00,34.354,0.0423182146273,0.0,0,0.0
2014-06-14 13:34:00,33.282,0.0398196421456,0.0250000003725,0,0.0
2014-06-14 13:39:00,31.822,0.0398196421456,0.0,0,0.0
2014-06-14 13:44:00,35.332,0.0398196421456,0.0,0,0.0
2014-06-14 13:49:00,31.335,0.0398196421456,0.0250000003725,0,0.0
2014-06-14 13:54:00,33.5,0.0398196421456,0.0,0,0.0
2014-06-14 13:59:00,34.688,0.050439701694,0.0,0,0.0
2014-06-14 14:04:00,47.5,0.0533604275304,0.0,0,0.0
2014-06-14 14:09:00,66.612,0.0476267255053,0.0500000007451,0,0.0
2014-06-14 14:14:00,52.218,0.050439701694,0.0,0,0.0
2014-06-14 14:19:00,32.285,0.0476267255053,0.0250000003725,0,0.0
2014-06-14 14:24:00,33.541,0.0476267255053,0.0250000003725,0,0.0
2014-06-14 14:29:00,33.616,0.0476267255053,0.0,0,0.0
2014-06-14 14:34:00,31.057,0.044920060402,0.0250000003725,0,0.0
2014-06-14 14:39:00,33.61,0.0476267255053,0.0,0,0.0
2014-06-14 14:44:00,33.887,0.044920060402,0.0250000003725,0,0.0
2014-06-14 14:49:00,31.797,0.044920060402,0.0,0,0.0
2014-06-14 14:54:00,33.003,0.044920060402,0.0,0,0.0
2014-06-14 14:59:00,34.483,0.050439701694,0.0,0,0.0
2014-06-14 15:04:00,47.023,0.0476267255053,0.0250000003725,0,0.0
2014-06-14 15:09:00,67.274,0.0476267255053,0.0250000003725,0,0.0
2014-06-14 15:14:00,53.494,0.0351258555016,0.15000000596,0,0.0
2014-06-14 15:19:00,31.953,0.0351258555016,0.0,0,0.0
2014-06-14 15:24:00,33.168,0.0374227413226,0.0,0,0.0
2014-06-14 15:29:00,34.325,0.0374227413226,0.0,0,0.0
2014-06-14 15:34:00,32.332,0.0372233188005,0.0250000003725,0,0.0
2014-06-14 15:39:00,31.898,0.0372233188005,0.0,0,0.0
2014-06-14 15:44:00,33.441,0.0349231942053,0.0250000003725,0,0.0
2014-06-14 15:49:00,32.166,0.0327222386568,0.0250000003725,0,0.0
2014-06-14 15:54:00,32.053,0.0327222386568,0.0250000003725,0,0.0
2014-06-14 15:59:00,34.765,0.0349231942053,0.0,0,0.0
2014-06-14 16:04:00,45.668,0.047449565837,0.0250000003725,0,0.0
2014-06-14 16:09:00,66.333,0.0372233191507,0.10000000149,0,0.0
2014-06-14 16:14:00,52.999,0.0677511263668,0.425000011921,0,0.0
2014-06-14 16:19:00,32.502,0.0713026111661,0.0250000003725,0,0.0
2014-06-14 16:24:00,32.667,0.0713026111661,0.0250000003725,0,0.0
2014-06-14 16:29:00,33.172,0.0713026111661,0.0,0,0.0
2014-06-14 16:34:00,31.665,0.0677511263668,0.0,0,0.0
2014-06-14 16:39:00,33.164,0.0643155679345,0.0,0,0.0
2014-06-14 16:44:00,33.344,0.0609947469594,0.0,0,0.0
2014-06-14 16:49:00,32.84,0.0609947469594,0.0,0,0.0
2014-06-14 16:54:00,31.39,0.0577874275444,0.0,0,0.0
2014-06-14 16:59:00,35.154,0.0460667226783,0.0,0,0.0
2014-06-14 17:04:00,46.156,0.056240393833,0.0,0,0.0
2014-06-14 17:09:00,66.332,0.0593919653517,0.0,0,0.0
2014-06-14 17:14:00,53.386,0.0593919653517,0.0250000003725,0,0.0
2014-06-14 17:19:00,31.768,0.0593919653517,0.0,0,0.0
2014-06-14 17:24:00,33.334,0.0593919653517,0.0,0,0.0
2014-06-14 17:29:00,32.003,0.0593919653517,0.0,0,0.0
2014-06-14 17:34:00,31.99,0.0593919653517,0.0,0,0.0
2014-06-14 17:39:00,31.531,0.0593919653517,0.0,0,0.0
2014-06-14 17:44:00,34.115,0.0593919653517,0.0,0,0.0
2014-06-14 17:49:00,31.999,0.0593919653517,0.0,0,0.0
2014-06-14 17:54:00,32.172,0.0593919653517,0.0,0,0.0
2014-06-14 17:59:00,35.5,0.0593919653517,0.0,0,0.0
2014-06-14 18:04:00,45.666,0.0626564084073,0.0,0,0.0
2014-06-14 18:09:00,68.893,0.0626564084073,0.0,0,0.0
2014-06-14 18:14:00,53.113,0.0593919653517,0.0250000003725,0,0.0
2014-06-14 18:19:00,32.674,0.056240393833,0.0250000003725,0,0.0
2014-06-14 18:24:00,31.99,0.056240393833,0.0,0,0.0
2014-06-14 18:29:00,33.729,0.056240393833,0.0,0,0.0
2014-06-14 18:34:00,31.953,0.056240393833,0.0,0,0.0
2014-06-14 18:39:00,32.833,0.0532003849938,0.0250000003725,0,0.0
2014-06-14 18:44:00,33.037,0.0532003849938,0.0,0,0.0
2014-06-14 18:49:00,32.326,0.0532003849938,0.0,0,0.0
2014-06-14 18:54:00,30.954,0.0532003849938,0.0,0,0.0
2014-06-14 18:59:00,35.002,0.0532003849938,0.0,0,0.0
2014-06-14 19:04:00,46.503,0.056240393833,0.0,0,0.0
2014-06-14 19:09:00,66.447,0.0593919653517,0.0,0,0.0
2014-06-14 19:14:00,53.164,0.0593919653517,0.0,0,0.0
2014-06-14 19:19:00,33.055,0.0593919653517,0.0,0,0.0
2014-06-14 19:24:00,33.6,0.0593919653517,0.0,0,0.0
2014-06-14 19:29:00,33.21,0.0626564084073,0.0,0,0.0
2014-06-14 19:34:00,33.173,0.0626564084073,0.0,0,0.0
2014-06-14 19:39:00,32.272,0.0626564084073,0.0,0,0.0
2014-06-14 19:44:00,33.88,0.0626564084073,0.0,0,0.0
2014-06-14 19:49:00,32.276,0.0626564084073,0.0,0,0.0
2014-06-14 19:54:00,33.528,0.0626564084073,0.0,0,0.0
2014-06-14 19:59:00,72.934,0.0460667206569,0.47499999404,0,0.0
2014-06-14 20:04:00,79.887,0.0787578859685,0.25,0,0.0
2014-06-14 20:09:00,82.0993,0.123337725389,0.25,0,0.0
2014-06-14 20:14:00,46.995,0.123337725389,0.0,0,0.0
2014-06-14 20:19:00,59.386,0.354295794151,0.800000011921,0,0.0
2014-06-14 20:24:00,77.0767,0.523093099446,0.40000000596,0,-0.11
2014-06-14 20:29:00,47.03,0.299999996735,0.0,0,0.0
2014-06-14 20:34:00,52.28,0.299999996735,0.5,0,0.0
2014-06-14 20:39:00,77.334,0.299999996735,0.0,0,0.0
2014-06-14 20:44:00,46.324,0.299999996735,0.0,0,0.0
2014-06-14 20:49:00,65.501,0.299999996735,0.875,0,0.0
2014-06-14 20:54:00,66.034,0.299999996735,0.27500000596,0,0.0
2014-06-14 20:59:00,62.267,0.299999996735,0.0,0,0.0
2014-06-14 21:04:00,52.838,0.299999996735,0.0,0,0.0
2014-06-14 21:09:00,38.547,0.299999996735,0.125,0,0.0
2014-06-14 21:14:00,38.553,0.423672490764,0.17499999702,0,0.0
2014-06-14 21:19:00,44.732,0.488669041977,0.15000000596,0,0.0
2014-06-14 21:24:00,29.718,0.291805529857,0.0,0,0.0
2014-06-14 21:29:00,31.829,0.291805529857,0.0,0,0.0
2014-06-14 21:34:00,29.999,0.291805529857,0.0,0,0.0
2014-06-14 21:39:00,31.161,0.078757888261,0.0,0,0.0
2014-06-14 21:44:00,31.155,0.0434066275782,0.0,0,0.0
2014-06-14 21:49:00,30.825,0.0434066275782,0.0,0,0.0
2014-06-14 21:54:00,30.112,0.0434066275782,0.0,0,0.0
2014-06-14 21:59:00,34.23,0.0316485600059,0.0,0,0.0
2014-06-14 22:04:00,43.53,0.0396243586272,0.0500000007451,0,0.0
2014-06-14 22:09:00,36.712,0.0532003849938,0.0250000003725,0,0.0
2014-06-14 22:14:00,31.326,0.0532003849938,0.0,0,0.0
2014-06-14 22:19:00,30.118,0.0532003849938,0.0,0,0.0
2014-06-14 22:24:00,30.548,0.0532003849938,0.0,0,0.0
2014-06-14 22:29:00,32.115,0.0532003849938,0.0,0,0.0
2014-06-14 22:34:00,30.04,0.0532003849938,0.0,0,0.0
2014-06-14 22:39:00,30.783,0.0532003849938,0.0,0,0.0
2014-06-14 22:44:00,31.263,0.0532003849938,0.0,0,0.0
2014-06-14 22:49:00,30.451,0.0532003849938,0.0,0,0.0
2014-06-14 22:54:00,29.76,0.0593919653517,0.0,0,0.0
2014-06-14 22:59:00,32.713,0.0626564084073,0.0,0,0.0
2014-06-14 23:04:00,44.619,0.0338001483769,0.34999999404,0,0.0
2014-06-14 23:09:00,44.166,0.0787578859685,0.375,0,0.0
2014-06-14 23:14:00,31.995,0.0787578859685,0.0,0,0.0
2014-06-14 23:19:00,31.448,0.0787578859685,0.0,0,0.0
2014-06-14 23:24:00,29.601,0.0787578859685,0.0,0,0.0
2014-06-14 23:29:00,32.057,0.0787578859685,0.0,0,0.0
2014-06-14 23:34:00,29.546,0.0787578859685,0.0,0,0.0
2014-06-14 23:39:00,29.787,0.0787578859685,0.0,0,0.0
2014-06-14 23:44:00,31.214,0.0787578859685,0.0,0,0.0
2014-06-14 23:49:00,30.119,0.0787578859685,0.0,0,0.0
2014-06-14 23:54:00,29.714,0.0360408161215,0.0,0,0.0
2014-06-14 23:59:00,32.437,0.0621977086055,0.0,0,0.0
2014-06-15 00:04:00,44.668,0.0558714347779,0.0500000007451,0,0.0
2014-06-15 00:09:00,45.49,0.0558714347779,0.0,0,0.0
2014-06-15 00:14:00,31.662,0.0558714347779,0.0,0,0.0
2014-06-15 00:19:00,30.287,0.0558714347779,0.0,0,0.0
2014-06-15 00:24:00,30.501,0.0558714347779,0.0,0,0.0
2014-06-15 00:29:00,31.495,0.0558714347779,0.0,0,0.0
2014-06-15 00:34:00,29.666,0.0558714347779,0.0,0,0.0
2014-06-15 00:39:00,29.88,0.0558714347779,0.0,0,0.0
2014-06-15 00:44:00,30.945,0.0558714347779,0.0,0,0.0
2014-06-15 00:49:00,29.714,0.0558714347779,0.0,0,0.0
2014-06-15 00:54:00,30.665,0.0621977086055,0.0,0,0.0
2014-06-15 00:59:00,32.455,0.0621977086055,0.0,0,0.0
2014-06-15 01:04:00,43.998,0.0589792839932,0.0250000003725,0,0.0
2014-06-15 01:09:00,38.84,0.0394713714306,0.17499999702,0,0.0
2014-06-15 01:14:00,31.331,0.0394713714306,0.0,0,0.0
2014-06-15 01:19:00,29.998,0.0394713714306,0.0,0,0.0
2014-06-15 01:24:00,30.047,0.0394713714306,0.0,0,0.0
2014-06-15 01:29:00,31.455,0.0394713714306,0.0,0,0.0
2014-06-15 01:34:00,29.931,0.0394713714306,0.0,0,0.0
2014-06-15 01:39:00,30.115,0.0394713714306,0.0,0,0.0
2014-06-15 01:44:00,30.951,0.0394713714306,0.0,0,0.0
2014-06-15 01:49:00,30.166,0.0394713714306,0.0,0,0.0
2014-06-15 01:54:00,30.88,0.0419443570876,0.0,0,0.0
2014-06-15 01:59:00,31.937,0.0621977086055,0.0,0,0.0
2014-06-15 02:04:00,44.387,0.0528728827909,0.0750000029802,0,0.0
2014-06-15 02:09:00,44.201,0.0515297147676,0.449999988079,0,0.0
2014-06-15 02:14:00,31.955,0.0515297147676,0.0,0,0.0
2014-06-15 02:19:00,29.826,0.0515297147676,0.0,0,0.0
2014-06-15 02:24:00,29.883,0.0515297147676,0.0,0,0.0
2014-06-15 02:29:00,30.967,0.0515297147676,0.0,0,0.0
2014-06-15 02:34:00,30.477,0.0515297147676,0.0,0,0.0
2014-06-15 02:39:00,29.666,0.0515297147676,0.0,0,0.0
2014-06-15 02:44:00,31.192,0.0515297147676,0.0,0,0.0
2014-06-15 02:49:00,30.617,0.0515297147676,0.0,0,0.0
2014-06-15 02:54:00,29.95,0.0433219896988,0.0,0,0.0
2014-06-15 02:59:00,34.006,0.0621977086055,0.0,0,0.0
2014-06-15 03:04:00,43.363,0.0621977086055,0.0,0,0.0
2014-06-15 03:09:00,39.663,0.0558714347779,0.0500000007451,0,0.0
2014-06-15 03:14:00,30.832,0.0558714347779,0.0,0,0.0
2014-06-15 03:19:00,30.617,0.0558714347779,0.0,0,0.0
2014-06-15 03:24:00,29.667,0.0558714347779,0.0,0,0.0
2014-06-15 03:29:00,35.259,0.0528728830103,0.0250000003725,0,0.0
2014-06-15 03:34:00,31.284,0.0528728830103,0.0,0,0.0
2014-06-15 03:39:00,34.333,0.0528728830103,0.0,0,0.0
2014-06-15 03:44:00,31.0,0.0528728830103,0.0,0,0.0
2014-06-15 03:49:00,29.833,0.0528728830103,0.0,0,0.0
2014-06-15 03:54:00,29.881,0.0528728830103,0.0,0,0.0
2014-06-15 03:59:00,33.104,0.0589792839932,0.0,0,0.0
2014-06-15 04:04:00,44.051,0.0558714347779,0.0250000003725,0,0.0
2014-06-15 04:09:00,38.784,0.0419443567115,0.125,0,0.0
2014-06-15 04:14:00,30.096,0.0419443567115,0.0,0,0.0
2014-06-15 04:19:00,30.427,0.0445194932748,0.0,0,0.0
2014-06-15 04:24:00,30.125,0.0445194932748,0.0,0,0.0
2014-06-15 04:29:00,31.883,0.0445194932748,0.0,0,0.0
2014-06-15 04:34:00,29.84,0.0445194932748,0.0,0,0.0
2014-06-15 04:39:00,30.828,0.0445194932748,0.0,0,0.0
2014-06-15 04:44:00,30.5,0.0445194932748,0.0,0,0.0
2014-06-15 04:49:00,29.832,0.0445194932748,0.0,0,0.0
2014-06-15 04:54:00,29.999,0.0471983148771,0.0,0,0.0
2014-06-15 04:59:00,32.69,0.0621977086055,0.0,0,0.0
2014-06-15 05:04:00,44.732,0.0589792839932,0.0250000003725,0,0.0
2014-06-15 05:09:00,44.167,0.051529715846,0.5,0,0.0
2014-06-15 05:14:00,31.374,0.051529715846,0.0,0,0.0
2014-06-15 05:19:00,30.289,0.051529715846,0.0,0,0.0
2014-06-15 05:24:00,29.997,0.051529715846,0.0,0,0.0
2014-06-15 05:29:00,31.88,0.051529715846,0.0,0,0.0
2014-06-15 05:34:00,29.44,0.051529715846,0.0,0,0.0
2014-06-15 05:39:00,30.827,0.051529715846,0.0,0,0.0
2014-06-15 05:44:00,30.711,0.051529715846,0.0,0,0.0
2014-06-15 05:49:00,30.996,0.051529715846,0.0,0,0.0
2014-06-15 05:54:00,29.933,0.0486883483391,0.0,0,0.0
2014-06-15 05:59:00,32.136,0.0621977086055,0.0,0,0.0
2014-06-15 06:04:00,44.713,0.0621977086055,0.0,0,0.0
2014-06-15 06:09:00,45.332,0.0558714347779,0.0500000007451,0,0.0
2014-06-15 06:14:00,31.944,0.0558714347779,0.0,0,0.0
2014-06-15 06:19:00,29.382,0.0558714347779,0.0,0,0.0
2014-06-15 06:24:00,29.779,0.0558714347779,0.0,0,0.0
2014-06-15 06:29:00,31.495,0.0558714347779,0.0,0,0.0
2014-06-15 06:34:00,30.607,0.0558714347779,0.0,0,0.0
2014-06-15 06:39:00,29.381,0.0558714347779,0.0,0,0.0
2014-06-15 06:44:00,31.998,0.0558714347779,0.0,0,0.0
2014-06-15 06:49:00,29.833,0.0558714347779,0.0,0,0.0
2014-06-15 06:54:00,30.334,0.0558714347779,0.0,0,0.0
2014-06-15 06:59:00,32.843,0.0621977086055,0.0,0,0.0
2014-06-15 07:04:00,44.282,0.0621977086055,0.0,0,0.0
2014-06-15 07:09:00,44.501,0.0589792839932,0.0250000003725,0,0.0
2014-06-15 07:14:00,31.778,0.0589792839932,0.0,0,0.0
2014-06-15 07:19:00,29.88,0.0589792839932,0.0,0,0.0
2014-06-15 07:24:00,30.999,0.0589792839932,0.0,0,0.0
2014-06-15 07:29:00,30.451,0.0589792839932,0.0,0,0.0
2014-06-15 07:34:00,30.722,0.0589792839932,0.0,0,0.0
2014-06-15 07:39:00,29.72,0.0589792839932,0.0,0,0.0
2014-06-15 07:44:00,31.281,0.0589792839932,0.0,0,0.0
2014-06-15 07:49:00,30.289,0.0589792839932,0.0,0,0.0
2014-06-15 07:54:00,29.547,0.0589792839932,0.0,0,0.0
2014-06-15 07:59:00,32.663,0.0621977086055,0.0,0,0.0
2014-06-15 08:04:00,44.838,0.0621977086055,0.0,0,0.0
2014-06-15 08:09:00,44.453,0.0621977086055,0.0,0,0.0
2014-06-15 08:14:00,32.067,0.0620488100012,0.0,0,0.0
2014-06-15 08:19:00,30.953,0.0620488100012,0.0,0,0.0
2014-06-15 08:24:00,28.716,0.0620488100012,0.0,0,0.0
2014-06-15 08:29:00,32.332,0.0620488100012,0.0,0,0.0
2014-06-15 08:34:00,29.452,0.0620488100012,0.0,0,0.0
2014-06-15 08:39:00,30.214,0.0620488100012,0.0,0,0.0
2014-06-15 08:44:00,31.099,0.0620488100012,0.0,0,0.0
2014-06-15 08:49:00,31.047,0.0620488100012,0.0,0,0.0
2014-06-15 08:54:00,29.003,0.0620488100012,0.0,0,0.0
2014-06-15 08:59:00,32.855,0.0620488100012,0.0,0,0.0
2014-06-15 09:04:00,44.166,0.0620488100012,0.0,0,0.0
2014-06-15 09:09:00,45.167,0.0620488100012,0.0,0,0.0
2014-06-15 09:14:00,31.842,0.0620488100012,0.0,0,0.0
2014-06-15 09:19:00,30.152,0.0620488100012,0.0,0,0.0
2014-06-15 09:24:00,30.329,0.0620488100012,0.0,0,0.0
2014-06-15 09:29:00,31.538,0.0620488100012,0.0,0,0.0
2014-06-15 09:34:00,30.171,0.0620488100012,0.0,0,0.0
2014-06-15 09:39:00,29.902,0.0620488100012,0.0,0,0.0
2014-06-15 09:44:00,31.383,0.0620488100012,0.0,0,0.0
2014-06-15 09:49:00,29.834,0.0620488100012,0.0,0,0.0
2014-06-15 09:54:00,29.813,0.0620488100012,0.0,0,0.0
2014-06-15 09:59:00,33.481,0.0620488100012,0.0,0,0.0
2014-06-15 10:04:00,44.281,0.0588241371788,0.0250000003725,0,0.0
2014-06-15 10:09:00,44.959,0.0588241371788,0.0,0,0.0
2014-06-15 10:14:00,31.218,0.0588241371788,0.0,0,0.0
2014-06-15 10:19:00,30.286,0.0588241371788,0.0,0,0.0
2014-06-15 10:24:00,30.213,0.0588241371788,0.0,0,0.0
2014-06-15 10:29:00,31.18,0.0588241371788,0.0,0,0.0
2014-06-15 10:34:00,30.026,0.0588241371788,0.0,0,0.0
2014-06-15 10:39:00,29.57,0.0588241371788,0.0,0,0.0
2014-06-15 10:44:00,31.215,0.0588241371788,0.0,0,0.0
2014-06-15 10:49:00,30.196,0.0588241371788,0.0,0,0.0
2014-06-15 10:54:00,30.289,0.0620488100012,0.0,0,0.0
2014-06-15 10:59:00,34.335,0.0620488100012,0.0,0,0.0
2014-06-15 11:04:00,43.165,0.0620488100012,0.0,0,0.0
2014-06-15 11:09:00,37.728,0.0410581454642,0.425000011921,0,0.0
2014-06-15 11:14:00,31.22,0.043606252471,0.0250000003725,0,0.0
2014-06-15 11:19:00,30.283,0.043606252471,0.0,0,0.0
2014-06-15 11:24:00,30.167,0.043606252471,0.0,0,0.0
2014-06-15 11:29:00,30.833,0.043606252471,0.0,0,0.0
2014-06-15 11:34:00,29.836,0.043606252471,0.0,0,0.0
2014-06-15 11:39:00,30.501,0.043606252471,0.0,0,0.0
2014-06-15 11:44:00,31.123,0.043606252471,0.0,0,0.0
2014-06-15 11:49:00,30.102,0.043606252471,0.0,0,0.0
2014-06-15 11:54:00,30.003,0.043606252471,0.0,0,0.0
2014-06-15 11:59:00,33.447,0.0588241371788,0.0,0,0.0
2014-06-15 12:04:00,43.997,0.0620488100012,0.0,0,0.0
2014-06-15 12:09:00,44.787,0.0620488100012,0.0,0,0.0
2014-06-15 12:14:00,31.045,0.0620488100012,0.0,0,0.0
2014-06-15 12:19:00,30.485,0.0620488100012,0.0,0,0.0
2014-06-15 12:24:00,28.999,0.0620488100012,0.0,0,0.0
2014-06-15 12:29:00,32.452,0.0588241371788,0.0250000003725,0,0.0
2014-06-15 12:34:00,30.824,0.0588241371788,0.0,0,0.0
2014-06-15 12:39:00,29.721,0.0588241371788,0.0,0,0.0
2014-06-15 12:44:00,31.776,0.0588241371788,0.0,0,0.0
2014-06-15 12:49:00,29.536,0.0588241371788,0.0,0,0.0
2014-06-15 12:54:00,30.832,0.0588241371788,0.0,0,0.0
2014-06-15 12:59:00,32.0,0.0588241371788,0.0,0,0.0
2014-06-15 13:04:00,44.114,0.0588241371788,0.0,0,0.0
2014-06-15 13:09:00,38.335,0.0362672773031,0.34999999404,0,0.0
2014-06-15 13:14:00,31.715,0.0362672773031,0.0,0,0.0
2014-06-15 13:19:00,29.772,0.0340212106164,0.0,0,0.0
2014-06-15 13:24:00,31.218,0.0340212106164,0.0,0,0.0
2014-06-15 13:29:00,32.311,0.0340212106164,0.0,0,0.0
2014-06-15 13:34:00,28.981,0.0340212106164,0.0,0,0.0
2014-06-15 13:39:00,30.164,0.0340212106164,0.0,0,0.0
2014-06-15 13:44:00,31.332,0.0340212106164,0.0,0,0.0
2014-06-15 13:49:00,29.786,0.0340212106164,0.0,0,0.0
2014-06-15 13:54:00,30.264,0.0340212106164,0.0,0,0.0
2014-06-15 13:59:00,33.402,0.0620488100012,0.0,0,0.0
2014-06-15 14:04:00,44.058,0.0557107710329,0.0500000007451,0,0.0
2014-06-15 14:09:00,44.995,0.0318724235854,0.27500000596,0,0.0
2014-06-15 14:14:00,31.648,0.0318724235854,0.0,0,0.0
2014-06-15 14:19:00,30.159,0.0318724235854,0.0,0,0.0
2014-06-15 14:24:00,31.12,0.0318724235854,0.0,0,0.0
2014-06-15 14:29:00,31.166,0.0340212117623,0.0250000003725,0,0.0
2014-06-15 14:34:00,29.879,0.0340212117623,0.0,0,0.0
2014-06-15 14:39:00,30.503,0.0340212117623,0.0,0,0.0
2014-06-15 14:44:00,30.998,0.0340212117623,0.0,0,0.0
2014-06-15 14:49:00,30.328,0.0340212117623,0.0,0,0.0
2014-06-15 14:54:00,29.28,0.0303887490548,0.0,0,0.0
2014-06-15 14:59:00,33.832,0.0588241371788,0.0,0,0.0
2014-06-15 15:04:00,44.667,0.0557107710329,0.0250000003725,0,0.0
2014-06-15 15:09:00,44.807,0.0392919964683,0.15000000596,0,0.0
2014-06-15 15:14:00,31.777,0.0392919964683,0.0,0,0.0
2014-06-15 15:19:00,30.45,0.0417664804568,0.0,0,0.0
2014-06-15 15:24:00,30.0,0.0392919964683,0.0250000003725,0,0.0
2014-06-15 15:29:00,31.276,0.0392919964683,0.0,0,0.0
2014-06-15 15:34:00,30.119,0.0392919964683,0.0,0,0.0
2014-06-15 15:39:00,30.454,0.0392919964683,0.0,0,0.0
2014-06-15 15:44:00,30.434,0.0392919964683,0.0,0,0.0
2014-06-15 15:49:00,30.325,0.0392919964683,0.0,0,0.0
2014-06-15 15:54:00,29.941,0.0392919964683,0.0250000003725,0,0.0
2014-06-15 15:59:00,33.054,0.0527074173559,0.0250000003725,0,0.0
2014-06-15 16:04:00,44.652,0.0498127323544,0.0250000003725,0,0.0
2014-06-15 16:09:00,45.064,0.0498127323544,0.0,0,0.0
2014-06-15 16:14:00,31.456,0.0527074173559,0.0,0,0.0
2014-06-15 16:19:00,29.548,0.0498127323544,0.0250000003725,0,0.0
2014-06-15 16:24:00,30.001,0.0470253213482,0.0250000003725,0,0.0
2014-06-15 16:29:00,31.498,0.0443437375346,0.0250000003725,0,0.0
2014-06-15 16:34:00,30.786,0.0415641177757,0.0250000003725,0,0.0
2014-06-15 16:39:00,29.872,0.0390980470861,0.0250000003725,0,0.0
2014-06-15 16:44:00,31.334,0.0390980470861,0.0250000003725,0,0.0
2014-06-15 16:49:00,30.94,0.0390980470861,0.0250000003725,0,0.0
2014-06-15 16:54:00,29.216,0.0415641177757,0.0,0,0.0
2014-06-15 16:59:00,33.166,0.0415641177757,0.0,0,0.0
2014-06-15 17:04:00,44.499,0.0415641177757,0.0,0,0.0
2014-06-15 17:09:00,44.621,0.0441328141197,0.0,0,0.0
2014-06-15 17:14:00,31.163,0.0441328141197,0.0250000003725,0,0.0
2014-06-15 17:19:00,30.888,0.0468056944846,0.0,0,0.0
2014-06-15 17:24:00,29.166,0.0495842628441,0.0,0,0.0
2014-06-15 17:29:00,31.836,0.0524699698258,0.0,0,0.0
2014-06-15 17:34:00,30.165,0.055464213859,0.0,0,0.0
2014-06-15 17:39:00,29.833,0.0585683424035,0.0,0,0.0
2014-06-15 17:44:00,31.56,0.0585683424035,0.0,0,0.0
2014-06-15 17:49:00,29.746,0.0585683424035,0.0,0,0.0
2014-06-15 17:54:00,29.714,0.0585683424035,0.0,0,0.0
2014-06-15 17:59:00,32.817,0.0585683424035,0.0,0,0.0
2014-06-15 18:04:00,45.495,0.0585683424035,0.0250000003725,0,0.0
2014-06-15 18:09:00,44.611,0.0585683424035,0.0,0,0.0
2014-06-15 18:14:00,32.107,0.0585683424035,0.0,0,0.0
2014-06-15 18:19:00,29.714,0.0585683424035,0.0,0,0.0
2014-06-15 18:24:00,30.165,0.0585683424035,0.0,0,0.0
2014-06-15 18:29:00,31.287,0.0585683424035,0.0,0,0.0
2014-06-15 18:34:00,30.21,0.0585683424035,0.0,0,0.0
2014-06-15 18:39:00,29.961,0.0585683424035,0.0,0,0.0
2014-06-15 18:44:00,31.878,0.0585683424035,0.0,0,0.0
2014-06-15 18:49:00,30.122,0.0585683424035,0.0,0,0.0
2014-06-15 18:54:00,29.835,0.0617836532457,0.0,0,0.0
2014-06-15 18:59:00,33.179,0.0617836532457,0.0,0,0.0
2014-06-15 19:04:00,45.501,0.0585683424035,0.0250000003725,0,0.0
2014-06-15 19:09:00,45.167,0.0585683424035,0.0,0,0.0
2014-06-15 19:14:00,32.279,0.055464213859,0.0250000003725,0,0.0
2014-06-15 19:19:00,29.217,0.055464213859,0.0,0,0.0
2014-06-15 19:24:00,29.453,0.055464213859,0.0,0,0.0
2014-06-15 19:29:00,31.556,0.055464213859,0.0,0,0.0
2014-06-15 19:34:00,29.787,0.055464213859,0.0,0,0.0
2014-06-15 19:39:00,30.156,0.055464213859,0.0,0,0.0
2014-06-15 19:44:00,31.202,0.055464213859,0.0,0,0.0
2014-06-15 19:49:00,30.498,0.055464213859,0.0,0,0.0
2014-06-15 19:54:00,29.673,0.0585683424035,0.0,0,0.0
2014-06-15 19:59:00,32.624,0.0585683424035,0.0,0,0.0
2014-06-15 20:04:00,45.047,0.0585683424035,0.0250000003725,0,0.0
2014-06-15 20:09:00,45.047,0.0585683424035,0.0,0,0.0
2014-06-15 20:14:00,31.777,0.0585683424035,0.0,0,0.0
2014-06-15 20:19:00,30.053,0.0585683424035,0.0,0,0.0
2014-06-15 20:24:00,30.17,0.0585683424035,0.0,0,0.0
2014-06-15 20:29:00,32.166,0.0585683424035,0.0,0,0.0
2014-06-15 20:34:00,29.474,0.0585683424035,0.0,0,0.0
2014-06-15 20:39:00,31.122,0.0585683424035,0.0,0,0.0
2014-06-15 20:44:00,30.715,0.0585683424035,0.0,0,0.0
2014-06-15 20:49:00,30.276,0.0585683424035,0.0,0,0.0
2014-06-15 20:54:00,30.168,0.0617836532457,0.0,0,0.0
2014-06-15 20:59:00,33.092,0.0617836532457,0.0,0,0.0
2014-06-15 21:04:00,44.399,0.0585683424035,0.0250000003725,0,0.0
2014-06-15 21:09:00,44.0,0.0585683424035,0.0,0,0.0
2014-06-15 21:14:00,31.345,0.0585683424035,0.0,0,0.0
2014-06-15 21:19:00,31.0,0.0585683424035,0.0,0,0.0
2014-06-15 21:24:00,29.84,0.0585683424035,0.0,0,0.0
2014-06-15 21:29:00,31.33,0.055464213859,0.0250000003725,0,0.0
2014-06-15 21:34:00,29.787,0.055464213859,0.0,0,0.0
2014-06-15 21:39:00,31.382,0.0524699698258,0.0250000003725,0,0.0
2014-06-15 21:44:00,30.12,0.0524699698258,0.0,0,0.0
2014-06-15 21:49:00,30.719,0.0524699698258,0.0,0,0.0
2014-06-15 21:54:00,29.783,0.055464213859,0.0,0,0.0
2014-06-15 21:59:00,32.728,0.055464213859,0.0,0,0.0
2014-06-15 22:04:00,44.328,0.055464213859,0.0,0,0.0
2014-06-15 22:09:00,45.047,0.055464213859,0.0,0,0.0
2014-06-15 22:14:00,31.111,0.055464213859,0.0,0,0.0
2014-06-15 22:19:00,31.812,0.0585683424035,0.0,0,0.0
2014-06-15 22:24:00,30.381,0.0585683424035,0.0,0,0.0
2014-06-15 22:29:00,31.666,0.0617836532457,0.0,0,0.0
2014-06-15 22:34:00,30.294,0.0617836532457,0.0,0,0.0
2014-06-15 22:39:00,29.679,0.0617836532457,0.0,0,0.0
2014-06-15 22:44:00,31.508,0.0617836532457,0.0,0,0.0
2014-06-15 22:49:00,29.833,0.0617836532457,0.0,0,0.0
2014-06-15 22:54:00,30.384,0.0617836532457,0.0,0,0.0
2014-06-15 22:59:00,32.665,0.0617836532457,0.0,0,0.0
2014-06-15 23:04:00,45.065,0.0585683424035,0.0250000003725,0,0.0
2014-06-15 23:09:00,51.499,0.055464213859,0.0250000003725,0,0.0
2014-06-15 23:14:00,31.34,0.055464213859,0.0,0,0.0
2014-06-15 23:19:00,30.998,0.055464213859,0.0,0,0.0
2014-06-15 23:24:00,29.167,0.055464213859,0.0,0,0.0
2014-06-15 23:29:00,31.621,0.055464213859,0.0,0,0.0
2014-06-15 23:34:00,31.337,0.055464213859,0.0,0,0.0
2014-06-15 23:39:00,28.832,0.055464213859,0.0,0,0.0
2014-06-15 23:44:00,32.211,0.055464213859,0.0,0,0.0
2014-06-15 23:49:00,30.283,0.055464213859,0.0,0,0.0
2014-06-15 23:54:00,30.266,0.0585683424035,0.0,0,0.0
2014-06-15 23:59:00,32.43,0.0617836532457,0.0,0,0.0
2014-06-16 00:04:00,44.122,0.0617836532457,0.0,0,0.0
2014-06-16 00:09:00,45.382,0.0617836532457,0.0,0,0.0
2014-06-16 00:14:00,31.282,0.0617836532457,0.0,0,0.0
2014-06-16 00:19:00,30.6,0.0617836532457,0.0,0,0.0
2014-06-16 00:24:00,30.451,0.0617836532457,0.0,0,0.0
2014-06-16 00:29:00,31.5,0.0617836532457,0.0,0,0.0
2014-06-16 00:34:00,31.165,0.0617836532457,0.0,0,0.0
2014-06-16 00:39:00,29.74,0.0617836532457,0.0,0,0.0
2014-06-16 00:44:00,30.566,0.0617836532457,0.0,0,0.0
2014-06-16 00:49:00,29.949,0.0617836532457,0.0,0,0.0
2014-06-16 00:54:00,30.714,0.0619481919906,0.0,0,0.0
2014-06-16 00:59:00,33.499,0.0619481919906,0.0,0,0.0
2014-06-16 01:04:00,44.999,0.0619481919906,0.0,0,0.0
2014-06-16 01:09:00,51.714,0.0619481919906,0.0,0,0.0
2014-06-16 01:14:00,30.666,0.0619481919906,0.0,0,0.0
2014-06-16 01:19:00,30.668,0.0619481919906,0.0,0,0.0
2014-06-16 01:24:00,31.006,0.0619481919906,0.0,0,0.0
2014-06-16 01:29:00,31.498,0.0619481919906,0.0,0,0.0
2014-06-16 01:34:00,30.5,0.0619481919906,0.0,0,0.0
2014-06-16 01:39:00,30.29,0.0619481919906,0.0,0,0.0
2014-06-16 01:44:00,31.233,0.0619481919906,0.0,0,0.0
2014-06-16 01:49:00,30.118,0.0619481919906,0.0,0,0.0
2014-06-16 01:54:00,30.547,0.0619481919906,0.0,0,0.0
2014-06-16 01:59:00,33.027,0.0619481919906,0.0,0,0.0
2014-06-16 02:04:00,44.333,0.0619481919906,0.0,0,0.0
2014-06-16 02:09:00,45.719,0.0619481919906,0.0,0,0.0
2014-06-16 02:14:00,30.769,0.0619481919906,0.0,0,0.0
2014-06-16 02:19:00,31.108,0.0619481919906,0.0,0,0.0
2014-06-16 02:24:00,30.28,0.0619481919906,0.0,0,0.0
2014-06-16 02:29:00,31.83,0.0619481919906,0.0,0,0.0
2014-06-16 02:34:00,30.454,0.0619481919906,0.0,0,0.0
2014-06-16 02:39:00,30.044,0.0619481919906,0.0,0,0.0
2014-06-16 02:44:00,31.12,0.0619481919906,0.0,0,0.0
2014-06-16 02:49:00,30.548,0.0619481919906,0.0,0,0.0
2014-06-16 02:54:00,30.0,0.0619481919906,0.0,0,0.0
2014-06-16 02:59:00,32.841,0.0619481919906,0.0,0,0.0
2014-06-16 03:04:00,44.953,0.0619481919906,0.0,0,0.0
2014-06-16 03:09:00,37.719,0.0343727412775,0.25,0,0.0
2014-06-16 03:14:00,32.274,0.0343727412775,0.0,0,0.0
2014-06-16 03:19:00,33.211,0.0343727412775,0.0,0,0.0
2014-06-16 03:24:00,30.951,0.0343727412775,0.0,0,0.0
2014-06-16 03:29:00,31.837,0.0343727412775,0.0,0,0.0
2014-06-16 03:34:00,30.1,0.0343727412775,0.0,0,0.0
2014-06-16 03:39:00,30.735,0.0343727412775,0.0,0,0.0
2014-06-16 03:44:00,31.045,0.0343727412775,0.0,0,0.0
2014-06-16 03:49:00,33.838,0.0343727412775,0.0,0,0.0
2014-06-16 03:54:00,30.325,0.0343727412775,0.0,0,0.0
2014-06-16 03:59:00,32.185,0.0619481919906,0.0,0,0.0
2014-06-16 04:04:00,44.121,0.0468160077371,0.125,0,0.0
2014-06-16 04:09:00,51.714,0.0441183757479,0.0250000003725,0,0.0
2014-06-16 04:14:00,31.177,0.0441183757479,0.0,0,0.0
2014-06-16 04:19:00,30.368,0.0441183757479,0.0,0,0.0
2014-06-16 04:24:00,30.282,0.0441183757479,0.0,0,0.0
2014-06-16 04:29:00,31.333,0.0441183757479,0.0,0,0.0
2014-06-16 04:34:00,30.043,0.0441183757479,0.0,0,0.0
2014-06-16 04:39:00,30.108,0.0441183757479,0.0,0,0.0
2014-06-16 04:44:00,31.335,0.0441183757479,0.0,0,0.0
2014-06-16 04:49:00,30.325,0.0441183757479,0.0,0,0.0
2014-06-16 04:54:00,30.621,0.0586978486729,0.0,0,0.0
2014-06-16 04:59:00,33.072,0.0619481919906,0.0,0,0.0
2014-06-16 05:04:00,44.833,0.0619481919906,0.0,0,0.0
2014-06-16 05:09:00,47.195,0.0619481919906,0.0,0,0.0
2014-06-16 05:14:00,31.786,0.0619481919906,0.0,0,0.0
2014-06-16 05:19:00,31.166,0.0619481919906,0.0,0,0.0
2014-06-16 05:24:00,29.206,0.0619481919906,0.0,0,0.0
2014-06-16 05:29:00,31.947,0.0619481919906,0.0,0,0.0
2014-06-16 05:34:00,29.365,0.0619481919906,0.0,0,0.0
2014-06-16 05:39:00,30.0,0.0619481919906,0.0,0,0.0
2014-06-16 05:44:00,31.734,0.0619481919906,0.0,0,0.0
2014-06-16 05:49:00,29.882,0.0619481919906,0.0,0,0.0
2014-06-16 05:54:00,30.093,0.0619481919906,0.0,0,0.0
2014-06-16 05:59:00,33.29,0.0619481919906,0.0,0,0.0
2014-06-16 06:04:00,45.113,0.0619481919906,0.0,0,0.0
2014-06-16 06:09:00,50.926,0.0619481919906,0.0,0,0.0
2014-06-16 06:14:00,31.546,0.0619481919906,0.0,0,0.0
2014-06-16 06:19:00,30.832,0.0619481919906,0.0,0,0.0
2014-06-16 06:24:00,29.051,0.0619481919906,0.0,0,0.0
2014-06-16 06:29:00,31.668,0.0619481919906,0.0,0,0.0
2014-06-16 06:34:00,30.33,0.0619481919906,0.0,0,0.0
2014-06-16 06:39:00,30.667,0.0619481919906,0.0,0,0.0
2014-06-16 06:44:00,31.322,0.0619481919906,0.0,0,0.0
2014-06-16 06:49:00,30.501,0.0619481919906,0.0,0,0.0
2014-06-16 06:54:00,29.301,0.0619481919906,0.0,0,0.0
2014-06-16 06:59:00,33.176,0.0619481919906,0.0,0,0.0
2014-06-16 07:04:00,44.495,0.0619481919906,0.0,0,0.0
2014-06-16 07:09:00,51.711,0.0619481919906,0.0,0,0.0
2014-06-16 07:14:00,31.786,0.0619481919906,0.0,0,0.0
2014-06-16 07:19:00,30.172,0.0619481919906,0.0,0,0.0
2014-06-16 07:24:00,30.379,0.0619481919906,0.0,0,0.0
2014-06-16 07:29:00,31.16,0.0619481919906,0.0,0,0.0
2014-06-16 07:34:00,30.166,0.0619481919906,0.0,0,0.0
2014-06-16 07:39:00,30.454,0.0619481919906,0.0,0,0.0
2014-06-16 07:44:00,31.381,0.0619481919906,0.0,0,0.0
2014-06-16 07:49:00,30.885,0.0619481919906,0.0,0,0.0
2014-06-16 07:54:00,29.213,0.0619481919906,0.0,0,0.0
2014-06-16 07:59:00,33.503,0.0619481919906,0.0,0,0.0
2014-06-16 08:04:00,44.393,0.0619481919906,0.0,0,0.0
2014-06-16 08:09:00,51.166,0.0619481919906,0.0,0,0.0
2014-06-16 08:14:00,30.953,0.0619481919906,0.0,0,0.0
2014-06-16 08:19:00,30.714,0.0619481919906,0.0,0,0.0
2014-06-16 08:24:00,29.666,0.0619481919906,0.0,0,0.0
2014-06-16 08:29:00,31.12,0.0619481919906,0.0,0,0.0
2014-06-16 08:34:00,30.38,0.0619481919906,0.0,0,0.0
2014-06-16 08:39:00,30.331,0.0619481919906,0.0,0,0.0
2014-06-16 08:44:00,31.18,0.0619481919906,0.0,0,0.0
2014-06-16 08:49:00,30.287,0.0619481919906,0.0,0,0.0
2014-06-16 08:54:00,29.879,0.0619481919906,0.0,0,0.0
2014-06-16 08:59:00,32.847,0.0619481919906,0.0,0,0.0
2014-06-16 09:04:00,44.499,0.0619481919906,0.0,0,0.0
2014-06-16 09:09:00,51.614,0.0586978486729,0.0250000003725,0,0.0
2014-06-16 09:14:00,31.447,0.0575890681508,0.0,0,0.0
2014-06-16 09:19:00,30.671,0.0575890681508,0.0,0,0.0
2014-06-16 09:24:00,30.337,0.0575890681508,0.0,0,0.0
2014-06-16 09:29:00,32.209,0.0575890681508,0.0,0,0.0
2014-06-16 09:34:00,29.426,0.0575890681508,0.0,0,0.0
2014-06-16 09:39:00,30.341,0.0575890681508,0.0,0,0.0
2014-06-16 09:44:00,31.214,0.0575890681508,0.0,0,0.0
2014-06-16 09:49:00,29.628,0.0575890681508,0.0,0,0.0
2014-06-16 09:54:00,30.001,0.0575890681508,0.0,0,0.0
2014-06-16 09:59:00,33.439,0.06069595727,0.0,0,0.0
2014-06-16 10:04:00,44.233,0.06069595727,0.0,0,0.0
2014-06-16 10:09:00,51.666,0.06069595727,0.0,0,0.0
2014-06-16 10:14:00,31.454,0.06069595727,0.0,0,0.0
2014-06-16 10:19:00,31.381,0.06069595727,0.0,0,0.0
2014-06-16 10:24:00,29.619,0.06069595727,0.0,0,0.0
2014-06-16 10:29:00,31.555,0.06069595727,0.0,0,0.0
2014-06-16 10:34:00,29.835,0.06069595727,0.0,0,0.0
2014-06-16 10:39:00,30.821,0.06069595727,0.0,0,0.0
2014-06-16 10:44:00,30.616,0.06069595727,0.0,0,0.0
2014-06-16 10:49:00,30.058,0.06069595727,0.0,0,0.0
2014-06-16 10:54:00,29.786,0.06069595727,0.0,0,0.0
2014-06-16 10:59:00,33.058,0.06069595727,0.0,0,0.0
2014-06-16 11:04:00,44.827,0.06069595727,0.0,0,0.0
2014-06-16 11:09:00,51.615,0.06069595727,0.0,0,0.0
2014-06-16 11:14:00,31.389,0.06069595727,0.0,0,0.0
2014-06-16 11:19:00,30.497,0.06069595727,0.0,0,0.0
2014-06-16 11:24:00,29.661,0.06069595727,0.0,0,0.0
2014-06-16 11:29:00,31.667,0.06069595727,0.0,0,0.0
2014-06-16 11:34:00,30.622,0.06069595727,0.0,0,0.0
2014-06-16 11:39:00,29.893,0.06069595727,0.0,0,0.0
2014-06-16 11:44:00,31.494,0.06069595727,0.0,0,0.0
2014-06-16 11:49:00,29.879,0.06069595727,0.0,0,0.0
2014-06-16 11:54:00,30.947,0.06069595727,0.0,0,0.0
2014-06-16 11:59:00,31.837,0.06069595727,0.0,0,0.0
2014-06-16 12:04:00,44.617,0.06069595727,0.0,0,0.0
2014-06-16 12:09:00,57.381,0.06069595727,0.0,0,0.0
2014-06-16 12:14:00,31.786,0.06069595727,0.0,0,0.0
2014-06-16 12:19:00,30.548,0.06069595727,0.0,0,0.0
2014-06-16 12:24:00,29.653,0.06069595727,0.0,0,0.0
2014-06-16 12:29:00,31.17,0.06069595727,0.0,0,0.0
2014-06-16 12:34:00,31.166,0.06069595727,0.0,0,0.0
2014-06-16 12:39:00,29.665,0.06069595727,0.0,0,0.0
2014-06-16 12:44:00,31.51,0.06069595727,0.0,0,0.0
2014-06-16 12:49:00,30.324,0.06069595727,0.0,0,0.0
2014-06-16 12:54:00,30.668,0.06069595727,0.0,0,0.0
2014-06-16 12:59:00,32.127,0.06069595727,0.0,0,0.0
2014-06-16 13:04:00,45.166,0.06069595727,0.0,0,0.0
2014-06-16 13:09:00,51.5,0.0575890681508,0.0250000003725,0,0.0
2014-06-16 13:14:00,31.331,0.0575890681508,0.0,0,0.0
2014-06-16 13:19:00,30.284,0.0575890681508,0.0,0,0.0
2014-06-16 13:24:00,29.879,0.0575890681508,0.0,0,0.0
2014-06-16 13:29:00,31.673,0.0575890681508,0.0,0,0.0
2014-06-16 13:34:00,31.173,0.0575890681508,0.0,0,0.0
2014-06-16 13:39:00,31.671,0.0575890681508,0.0,0,0.0
2014-06-16 13:44:00,31.791,0.0575890681508,0.0,0,0.0
2014-06-16 13:49:00,29.878,0.0575890681508,0.0,0,0.0
2014-06-16 13:54:00,29.784,0.0575890681508,0.0,0,0.0
2014-06-16 13:59:00,33.497,0.06069595727,0.0,0,0.0
2014-06-16 14:04:00,43.541,0.06069595727,0.0,0,0.0
2014-06-16 14:09:00,58.055,0.06069595727,0.0,0,0.0
2014-06-16 14:14:00,31.422,0.06069595727,0.0,0,0.0
2014-06-16 14:19:00,31.666,0.0575890681508,0.0250000003725,0,0.0
2014-06-16 14:24:00,29.464,0.0575890681508,0.0,0,0.0
2014-06-16 14:29:00,32.102,0.0545879764904,0.0250000003725,0,0.0
2014-06-16 14:34:00,31.285,0.0516914573368,0.0250000003725,0,0.0
2014-06-16 14:39:00,29.492,0.0516914573368,0.0,0,0.0
2014-06-16 14:44:00,30.322,0.0516914573368,0.0,0,0.0
2014-06-16 14:49:00,30.173,0.0516914573368,0.0,0,0.0
2014-06-16 14:54:00,29.455,0.0516914573368,0.0,0,0.0
2014-06-16 14:59:00,33.333,0.0516914573368,0.0,0,0.0
2014-06-16 15:04:00,44.213,0.0516914573368,0.0,0,0.0
2014-06-16 15:09:00,52.165,0.0545879764904,0.0,0,0.0
2014-06-16 15:14:00,30.766,0.0545879764904,0.0,0,0.0
2014-06-16 15:19:00,31.38,0.0575890681508,0.0,0,0.0
2014-06-16 15:24:00,30.284,0.06069595727,0.0,0,0.0
2014-06-16 15:29:00,31.494,0.06069595727,0.0,0,0.0
2014-06-16 15:34:00,29.934,0.06069595727,0.0,0,0.0
2014-06-16 15:39:00,29.781,0.06069595727,0.0,0,0.0
2014-06-16 15:44:00,31.463,0.06069595727,0.0,0,0.0
2014-06-16 15:49:00,30.552,0.06069595727,0.0,0,0.0
2014-06-16 15:54:00,29.789,0.06069595727,0.0,0,0.0
2014-06-16 15:59:00,33.553,0.06069595727,0.0,0,0.0
2014-06-16 16:04:00,43.78,0.06069595727,0.0,0,0.0
2014-06-16 16:09:00,52.513,0.06069595727,0.0,0,0.0
2014-06-16 16:14:00,31.517,0.06069595727,0.0,0,0.0
2014-06-16 16:19:00,30.67,0.06069595727,0.0,0,0.0
2014-06-16 16:24:00,29.953,0.06069595727,0.0,0,0.0
2014-06-16 16:29:00,30.697,0.06069595727,0.0,0,0.0
2014-06-16 16:34:00,30.151,0.06069595727,0.0,0,0.0
2014-06-16 16:39:00,29.955,0.06069595727,0.0,0,0.0
2014-06-16 16:44:00,31.226,0.06069595727,0.0,0,0.0
2014-06-16 16:49:00,29.833,0.06069595727,0.0,0,0.0
2014-06-16 16:54:00,29.619,0.06069595727,0.0,0,0.0
2014-06-16 16:59:00,34.166,0.06069595727,0.0,0,0.0
2014-06-16 17:04:00,44.384,0.06069595727,0.0,0,0.0
2014-06-16 17:09:00,58.503,0.06069595727,0.0,0,0.0
2014-06-16 17:14:00,31.628,0.06069595727,0.0,0,0.0
2014-06-16 17:19:00,31.377,0.06069595727,0.0,0,0.0
2014-06-16 17:24:00,28.835,0.06069595727,0.0,0,0.0
2014-06-16 17:29:00,31.989,0.06069595727,0.0,0,0.0
2014-06-16 17:34:00,30.498,0.0621630571789,0.0,0,0.0
2014-06-16 17:39:00,31.167,0.0621630571789,0.0,0,0.0
2014-06-16 17:44:00,31.786,0.0621630571789,0.0,0,0.0
2014-06-16 17:49:00,30.89,0.0621630571789,0.0,0,0.0
2014-06-16 17:54:00,29.788,0.0621630571789,0.0,0,0.0
2014-06-16 17:59:00,33.884,0.0621630571789,0.0,0,0.0
2014-06-16 18:04:00,43.666,0.0588880088889,0.0250000003725,0,0.0
2014-06-16 18:09:00,57.831,0.0588880088889,0.0,0,0.0
2014-06-16 18:14:00,31.328,0.0588880088889,0.0,0,0.0
2014-06-16 18:19:00,30.672,0.0588880088889,0.0,0,0.0
2014-06-16 18:24:00,31.995,0.0588880088889,0.0,0,0.0
2014-06-16 18:29:00,30.787,0.0588880088889,0.0,0,0.0
2014-06-16 18:34:00,30.823,0.0588880088889,0.0,0,0.0
2014-06-16 18:39:00,29.882,0.0588880088889,0.0,0,0.0
2014-06-16 18:44:00,31.678,0.0588880088889,0.0,0,0.0
2014-06-16 18:49:00,30.545,0.0588880088889,0.0,0,0.0
2014-06-16 18:54:00,30.229,0.0621630571789,0.0,0,0.0
2014-06-16 18:59:00,33.684,0.0621630571789,0.0,0,0.0
2014-06-16 19:04:00,43.999,0.0621630571789,0.0,0,0.0
2014-06-16 19:09:00,59.002,0.0621630571789,0.0,0,0.0
2014-06-16 19:14:00,31.83,0.0621630571789,0.0,0,0.0
2014-06-16 19:19:00,30.541,0.0621630571789,0.0,0,0.0
2014-06-16 19:24:00,30.237,0.0621630571789,0.0,0,0.0
2014-06-16 19:29:00,31.601,0.0621630571789,0.0,0,0.0
2014-06-16 19:34:00,30.27,0.0621630571789,0.0,0,0.0
2014-06-16 19:39:00,30.49,0.0621630571789,0.0,0,0.0
2014-06-16 19:44:00,31.153,0.0621630571789,0.0,0,0.0
2014-06-16 19:49:00,30.128,0.0621630571789,0.0,0,0.0
2014-06-16 19:54:00,31.387,0.0621630571789,0.0,0,0.0
2014-06-16 19:59:00,31.776,0.0621630571789,0.0,0,0.0
2014-06-16 20:04:00,46.148,0.0588880088889,0.0250000003725,0,0.0
2014-06-16 20:09:00,57.665,0.0588880088889,0.0,0,0.0
2014-06-16 20:14:00,31.665,0.0588880088889,0.0,0,0.0
2014-06-16 20:19:00,30.499,0.0588880088889,0.0,0,0.0
2014-06-16 20:24:00,29.62,0.0588880088889,0.0,0,0.0
2014-06-16 20:29:00,31.388,0.0588880088889,0.0,0,0.0
2014-06-16 20:34:00,30.675,0.0588880088889,0.0,0,0.0
2014-06-16 20:39:00,30.999,0.0588880088889,0.0,0,0.0
2014-06-16 20:44:00,30.999,0.0588880088889,0.0,0,0.0
2014-06-16 20:49:00,30.608,0.0588880088889,0.0,0,0.0
2014-06-16 20:54:00,29.336,0.0621630571789,0.0,0,0.0
2014-06-16 20:59:00,33.12,0.0621630571789,0.0,0,0.0
2014-06-16 21:04:00,44.381,0.0621630571789,0.0,0,0.0
2014-06-16 21:09:00,58.499,0.0621630571789,0.0,0,0.0
2014-06-16 21:14:00,32.174,0.0621630571789,0.0,0,0.0
2014-06-16 21:19:00,30.663,0.0621630571789,0.0,0,0.0
2014-06-16 21:24:00,29.622,0.0621630571789,0.0,0,0.0
2014-06-16 21:29:00,31.553,0.0588880088889,0.0250000003725,0,0.0
2014-06-16 21:34:00,29.83,0.0588880088889,0.0,0,0.0
2014-06-16 21:39:00,30.496,0.0588880088889,0.0,0,0.0
2014-06-16 21:44:00,30.985,0.0588880088889,0.0,0,0.0
2014-06-16 21:49:00,30.66,0.0588880088889,0.0,0,0.0
2014-06-16 21:54:00,29.658,0.0588880088889,0.0,0,0.0
2014-06-16 21:59:00,34.076,0.0588880088889,0.0,0,0.0
2014-06-16 22:04:00,43.666,0.0588880088889,0.0,0,0.0
2014-06-16 22:09:00,59.622,0.0588880088889,0.0,0,0.0
2014-06-16 22:14:00,31.664,0.0557275794523,0.0250000003725,0,0.0
2014-06-16 22:19:00,30.55,0.0588880088889,0.0,0,0.0
2014-06-16 22:24:00,29.458,0.0588880088889,0.0,0,0.0
2014-06-16 22:29:00,31.219,0.0588880088889,0.0,0,0.0
2014-06-16 22:34:00,30.995,0.0588880088889,0.0,0,0.0
2014-06-16 22:39:00,29.316,0.0588880088889,0.0,0,0.0
2014-06-16 22:44:00,31.784,0.0588880088889,0.0,0,0.0
2014-06-16 22:49:00,29.925,0.0588880088889,0.0,0,0.0
2014-06-16 22:54:00,30.614,0.0588880088889,0.0,0,0.0
2014-06-16 22:59:00,31.857,0.0588880088889,0.0,0,0.0
2014-06-16 23:04:00,44.171,0.0621630571789,0.0,0,0.0
2014-06-16 23:09:00,59.773,0.0621630571789,0.0,0,0.0
2014-06-16 23:14:00,30.419,0.0621630571789,0.0,0,0.0
2014-06-16 23:19:00,29.573,0.0621630571789,0.0,0,0.0
2014-06-16 23:24:00,30.218,0.0621630571789,0.0,0,0.0
2014-06-16 23:29:00,32.226,0.0621630571789,0.0,0,0.0
2014-06-16 23:34:00,30.393,0.0621630571789,0.0,0,0.0
2014-06-16 23:39:00,30.214,0.0621630571789,0.0,0,0.0
2014-06-16 23:44:00,31.604,0.0621630571789,0.0,0,0.0
2014-06-16 23:49:00,30.22,0.0621630571789,0.0,0,0.0
2014-06-16 23:54:00,29.383,0.0621630571789,0.0,0,0.0
2014-06-16 23:59:00,32.279,0.0621630571789,0.0,0,0.0
2014-06-17 00:04:00,44.543,0.0588880088889,0.0250000003725,0,0.0
2014-06-17 00:09:00,57.784,0.0588880088889,0.0,0,0.0
2014-06-17 00:14:00,31.666,0.0588880088889,0.0,0,0.0
2014-06-17 00:19:00,30.383,0.0588880088889,0.0,0,0.0
2014-06-17 00:24:00,30.171,0.0588880088889,0.0,0,0.0
2014-06-17 00:29:00,31.496,0.0588880088889,0.0,0,0.0
2014-06-17 00:34:00,30.331,0.0588880088889,0.0,0,0.0
2014-06-17 00:39:00,30.165,0.0588880088889,0.0,0,0.0
2014-06-17 00:44:00,31.166,0.0588880088889,0.0,0,0.0
2014-06-17 00:49:00,30.668,0.0588880088889,0.0,0,0.0
2014-06-17 00:54:00,29.88,0.0621630571789,0.0,0,0.0
2014-06-17 00:59:00,33.235,0.0621630571789,0.0,0,0.0
2014-06-17 01:04:00,44.668,0.0621630571789,0.0,0,0.0
2014-06-17 01:09:00,58.785,0.0621630571789,0.0,0,0.0
2014-06-17 01:14:00,32.332,0.0621630571789,0.0,0,0.0
2014-06-17 01:19:00,29.713,0.0621630571789,0.0,0,0.0
2014-06-17 01:24:00,31.167,0.0621630571789,0.0,0,0.0
2014-06-17 01:29:00,31.322,0.0621630571789,0.0,0,0.0
2014-06-17 01:34:00,29.287,0.0621630571789,0.0,0,0.0
2014-06-17 01:39:00,31.394,0.0621630571789,0.0,0,0.0
2014-06-17 01:44:00,30.332,0.0621630571789,0.0,0,0.0
2014-06-17 01:49:00,29.999,0.0621630571789,0.0,0,0.0
2014-06-17 01:54:00,30.663,0.06212240245,0.0,0,0.0
2014-06-17 01:59:00,32.975,0.06212240245,0.0,0,0.0
2014-06-17 02:04:00,44.339,0.0588520306018,0.0250000003725,0,0.0
2014-06-17 02:09:00,58.676,0.0588520306018,0.0,0,0.0
2014-06-17 02:14:00,31.162,0.0588520306018,0.0,0,0.0
2014-06-17 02:19:00,31.498,0.0588520306018,0.0,0,0.0
2014-06-17 02:24:00,30.165,0.0588520306018,0.0,0,0.0
2014-06-17 02:29:00,31.283,0.0588520306018,0.0,0,0.0
2014-06-17 02:34:00,30.54,0.0588520306018,0.0,0,0.0
2014-06-17 02:39:00,29.833,0.0588520306018,0.0,0,0.0
2014-06-17 02:44:00,31.275,0.0588520306018,0.0,0,0.0
2014-06-17 02:49:00,30.052,0.0588520306018,0.0,0,0.0
2014-06-17 02:54:00,30.166,0.06212240245,0.0,0,0.0
2014-06-17 02:59:00,33.355,0.06212240245,0.0,0,0.0
2014-06-17 03:04:00,44.006,0.06212240245,0.0,0,0.0
2014-06-17 03:09:00,58.82,0.06212240245,0.0,0,0.0
2014-06-17 03:14:00,34.935,0.06212240245,0.0,0,0.0
2014-06-17 03:19:00,30.938,0.06212240245,0.0,0,0.0
2014-06-17 03:24:00,31.107,0.06212240245,0.0,0,0.0
2014-06-17 03:29:00,31.166,0.06212240245,0.0,0,0.0
2014-06-17 03:34:00,30.498,0.06212240245,0.0,0,0.0
2014-06-17 03:39:00,30.287,0.06212240245,0.0,0,0.0
2014-06-17 03:44:00,35.046,0.06212240245,0.0,0,0.0
2014-06-17 03:49:00,30.834,0.06212240245,0.0,0,0.0
2014-06-17 03:54:00,29.833,0.06212240245,0.0,0,0.0
2014-06-17 03:59:00,32.623,0.06212240245,0.0,0,0.0
2014-06-17 04:04:00,44.714,0.06212240245,0.0,0,0.0
2014-06-17 04:09:00,58.06,0.06212240245,0.0,0,0.0
2014-06-17 04:14:00,33.0,0.06212240245,0.0,0,0.0
2014-06-17 04:19:00,29.529,0.06212240245,0.0,0,0.0
2014-06-17 04:24:00,31.259,0.06212240245,0.0,0,0.0
2014-06-17 04:29:00,30.755,0.06212240245,0.0,0,0.0
2014-06-17 04:34:00,29.885,0.06212240245,0.0,0,0.0
2014-06-17 04:39:00,30.434,0.06212240245,0.0,0,0.0
2014-06-17 04:44:00,31.427,0.06212240245,0.0,0,0.0
2014-06-17 04:49:00,29.845,0.06212240245,0.0,0,0.0
2014-06-17 04:54:00,30.557,0.06212240245,0.0,0,0.0
2014-06-17 04:59:00,33.127,0.06212240245,0.0,0,0.0
2014-06-17 05:04:00,44.179,0.06212240245,0.0,0,0.0
2014-06-17 05:09:00,59.167,0.06212240245,0.0,0,0.0
2014-06-17 05:14:00,31.12,0.06212240245,0.0,0,0.0
2014-06-17 05:19:00,30.712,0.06212240245,0.0,0,0.0
2014-06-17 05:24:00,29.674,0.06212240245,0.0,0,0.0
2014-06-17 05:29:00,31.788,0.06212240245,0.0,0,0.0
2014-06-17 05:34:00,30.164,0.06212240245,0.0,0,0.0
2014-06-17 05:39:00,30.547,0.06212240245,0.0,0,0.0
2014-06-17 05:44:00,31.002,0.06212240245,0.0,0,0.0
2014-06-17 05:49:00,30.145,0.06212240245,0.0,0,0.0
2014-06-17 05:54:00,29.999,0.06212240245,0.0,0,0.0
2014-06-17 05:59:00,32.971,0.06212240245,0.0,0,0.0
2014-06-17 06:04:00,43.953,0.06212240245,0.0,0,0.0
2014-06-17 06:09:00,43.842,0.06212240245,0.0,0,0.0
2014-06-17 06:14:00,31.476,0.0588520306018,0.0250000003725,0,0.0
2014-06-17 06:19:00,30.88,0.0588520306018,0.0,0,0.0
2014-06-17 06:24:00,30.166,0.0588520306018,0.0,0,0.0
2014-06-17 06:29:00,31.266,0.0588520306018,0.0,0,0.0
2014-06-17 06:34:00,30.38,0.0588520306018,0.0,0,0.0
2014-06-17 06:39:00,30.168,0.0588520306018,0.0,0,0.0
2014-06-17 06:44:00,31.501,0.0588520306018,0.0,0,0.0
2014-06-17 06:49:00,30.11,0.0588520306018,0.0,0,0.0
2014-06-17 06:54:00,30.49,0.0588520306018,0.0,0,0.0
2014-06-17 06:59:00,33.103,0.0588520306018,0.0,0,0.0
2014-06-17 07:04:00,43.935,0.06212240245,0.0,0,0.0
2014-06-17 07:09:00,58.833,0.06212240245,0.0,0,0.0
2014-06-17 07:14:00,30.62,0.06212240245,0.0,0,0.0
2014-06-17 07:19:00,30.333,0.06212240245,0.0,0,0.0
2014-06-17 07:24:00,30.214,0.06212240245,0.0,0,0.0
2014-06-17 07:29:00,31.164,0.06212240245,0.0,0,0.0
2014-06-17 07:34:00,30.621,0.06212240245,0.0,0,0.0
2014-06-17 07:39:00,29.88,0.06212240245,0.0,0,0.0
2014-06-17 07:44:00,31.834,0.06212240245,0.0,0,0.0
2014-06-17 07:49:00,30.175,0.06212240245,0.0,0,0.0
2014-06-17 07:54:00,29.833,0.06212240245,0.0,0,0.0
2014-06-17 07:59:00,33.832,0.06212240245,0.0,0,0.0
2014-06-17 08:04:00,43.834,0.06212240245,0.0,0,0.0
2014-06-17 08:09:00,64.453,0.06212240245,0.0,0,0.0
2014-06-17 08:14:00,31.027,0.0588520306018,0.0250000003725,0,0.0
2014-06-17 08:19:00,30.289,0.0588520306018,0.0,0,0.0
2014-06-17 08:24:00,29.927,0.0588520306018,0.0,0,0.0
2014-06-17 08:29:00,31.424,0.0588520306018,0.0,0,0.0
2014-06-17 08:34:00,30.345,0.0588520306018,0.0,0,0.0
2014-06-17 08:39:00,30.315,0.0588520306018,0.0,0,0.0
2014-06-17 08:44:00,31.23,0.0588520306018,0.0,0,0.0
2014-06-17 08:49:00,30.237,0.0588520306018,0.0,0,0.0
2014-06-17 08:54:00,30.043,0.0588520306018,0.0,0,0.0
2014-06-17 08:59:00,33.006,0.0588520306018,0.0,0,0.0
2014-06-17 09:04:00,44.121,0.0321984685453,0.324999988079,0,0.0
2014-06-17 09:09:00,64.881,0.0321984685453,0.0,0,0.0
2014-06-17 09:14:00,31.172,0.105982507627,0.550000011921,0,0.0
2014-06-17 09:19:00,30.277,0.105982507627,0.0,0,0.0
2014-06-17 09:24:00,31.55,0.105982507627,0.0,0,0.0
2014-06-17 09:29:00,30.122,0.105982507627,0.0,0,0.0
2014-06-17 09:34:00,29.758,0.105982507627,0.0,0,0.0
2014-06-17 09:39:00,29.928,0.105982507627,0.0,0,0.0
2014-06-17 09:44:00,31.166,0.105982507627,0.0,0,0.0
2014-06-17 09:49:00,30.456,0.105982507627,0.0,0,0.0
2014-06-17 09:54:00,29.715,0.0556960314298,0.0,0,0.0
2014-06-17 09:59:00,33.666,0.0556960314298,0.0,0,0.0
2014-06-17 10:04:00,43.828,0.06212240245,0.0,0,0.0
2014-06-17 10:09:00,58.45,0.06212240245,0.0,0,0.0
2014-06-17 10:14:00,31.664,0.0613060876199,0.0,0,0.0
2014-06-17 10:19:00,30.392,0.0613060876199,0.0,0,0.0
2014-06-17 10:24:00,29.984,0.0613060876199,0.0,0,0.0
2014-06-17 10:29:00,31.311,0.0613060876199,0.0,0,0.0
2014-06-17 10:34:00,30.167,0.0613060876199,0.0,0,0.0
2014-06-17 10:39:00,30.445,0.0613060876199,0.0,0,0.0
2014-06-17 10:44:00,30.671,0.0613060876199,0.0,0,0.0
2014-06-17 10:49:00,30.044,0.0613060876199,0.0,0,0.0
2014-06-17 10:54:00,30.121,0.0613060876199,0.0,0,0.0
2014-06-17 10:59:00,33.053,0.0613060876199,0.0,0,0.0
2014-06-17 11:04:00,44.666,0.0613060876199,0.0,0,0.0
2014-06-17 11:09:00,59.0,0.0521031038394,0.0750000029802,0,0.0
2014-06-17 11:14:00,31.105,0.0521031038394,0.0,0,0.0
2014-06-17 11:19:00,30.085,0.0521031038394,0.0,0,0.0
2014-06-17 11:24:00,29.905,0.0521031038394,0.0,0,0.0
2014-06-17 11:29:00,31.825,0.0521031038394,0.0,0,0.0
2014-06-17 11:34:00,30.199,0.0521031038394,0.0,0,0.0
2014-06-17 11:39:00,29.941,0.0521031038394,0.0,0,0.0
2014-06-17 11:44:00,31.717,0.0521031038394,0.0,0,0.0
2014-06-17 11:49:00,30.121,0.0521031038394,0.0,0,0.0
2014-06-17 11:54:00,30.166,0.0521031038394,0.0,0,0.0
2014-06-17 11:59:00,33.984,0.0613060876199,0.0,0,0.0
2014-06-17 12:04:00,45.047,0.0613060876199,0.0,0,0.0
2014-06-17 12:09:00,64.953,0.0613060876199,0.0,0,0.0
2014-06-17 12:14:00,31.313,0.0613060876199,0.0,0,0.0
2014-06-17 12:19:00,30.711,0.0613060876199,0.0,0,0.0
2014-06-17 12:24:00,29.45,0.0613060876199,0.0,0,0.0
2014-06-17 12:29:00,31.667,0.0613060876199,0.0,0,0.0
2014-06-17 12:34:00,30.049,0.0613060876199,0.0,0,0.0
2014-06-17 12:39:00,31.759,0.0613060876199,0.0,0,0.0
2014-06-17 12:44:00,30.179,0.0613060876199,0.0,0,0.0
2014-06-17 12:49:00,29.879,0.0613060876199,0.0,0,0.0
2014-06-17 12:54:00,30.445,0.0613060876199,0.0,0,0.0
2014-06-17 12:59:00,32.834,0.0613060876199,0.0,0,0.0
2014-06-17 13:04:00,44.88,0.0613060876199,0.0,0,0.0
2014-06-17 13:09:00,62.374,0.0521031038394,0.0750000029802,0,0.0
2014-06-17 13:14:00,32.397,0.06799261108,0.574999988079,0,0.0
2014-06-17 13:19:00,29.383,0.06799261108,0.0,0,0.0
2014-06-17 13:24:00,30.657,0.06799261108,0.0,0,0.0
2014-06-17 13:29:00,31.664,0.06799261108,0.0,0,0.0
2014-06-17 13:34:00,29.997,0.06799261108,0.0,0,0.0
2014-06-17 13:39:00,30.442,0.06799261108,0.0,0,0.0
2014-06-17 13:44:00,32.046,0.06799261108,0.0,0,0.0
2014-06-17 13:49:00,30.22,0.06799261108,0.0,0,0.0
2014-06-17 13:54:00,30.277,0.06799261108,0.0,0,0.0
2014-06-17 13:59:00,33.013,0.0581294145155,0.0,0,0.0
2014-06-17 14:04:00,44.621,0.0613060876199,0.0,0,0.0
2014-06-17 14:09:00,65.332,0.0581294159576,0.0250000003725,0,0.0
2014-06-17 14:14:00,32.492,0.0581294159576,0.0,0,0.0
2014-06-17 14:19:00,30.72,0.0581294159576,0.0,0,0.0
2014-06-17 14:24:00,31.218,0.0550621804024,0.0250000003725,0,0.0
2014-06-17 14:29:00,30.889,0.0550621804024,0.0,0,0.0
2014-06-17 14:34:00,30.122,0.0550621804024,0.0,0,0.0
2014-06-17 14:39:00,30.214,0.0550621804024,0.0,0,0.0
2014-06-17 14:44:00,31.499,0.0550621804024,0.0,0,0.0
2014-06-17 14:49:00,30.337,0.0550621804024,0.0,0,0.0
2014-06-17 14:54:00,31.0,0.0550621804024,0.0,0,0.0
2014-06-17 14:59:00,32.925,0.0581294159576,0.0,0,0.0
2014-06-17 15:04:00,44.773,0.0550621804024,0.0250000003725,0,0.0
2014-06-17 15:09:00,51.451,0.0365422283437,0.17499999702,0,0.0
2014-06-17 15:14:00,31.553,0.0388819604142,0.0,0,0.0
2014-06-17 15:19:00,30.54,0.0388819604142,0.0,0,0.0
2014-06-17 15:24:00,29.929,0.0388819604142,0.0,0,0.0
2014-06-17 15:29:00,31.315,0.0388819604142,0.0,0,0.0
2014-06-17 15:34:00,30.68,0.0388819604142,0.0,0,0.0
2014-06-17 15:39:00,30.334,0.0388819604142,0.0,0,0.0
2014-06-17 15:44:00,31.313,0.0388819604142,0.0,0,0.0
2014-06-17 15:49:00,30.837,0.0388819604142,0.0,0,0.0
2014-06-17 15:54:00,30.487,0.0413211319765,0.0,0,0.0
2014-06-17 15:59:00,33.185,0.0613060876199,0.0,0,0.0
2014-06-17 16:04:00,44.666,0.0613060876199,0.0,0,0.0
2014-06-17 16:09:00,64.834,0.0613060876199,0.0,0,0.0
2014-06-17 16:14:00,31.552,0.0613060876199,0.0,0,0.0
2014-06-17 16:19:00,30.614,0.0613060876199,0.0,0,0.0
2014-06-17 16:24:00,30.501,0.0613060876199,0.0,0,0.0
2014-06-17 16:29:00,33.621,0.0613060876199,0.0,0,0.0
2014-06-17 16:34:00,29.211,0.0613060876199,0.0,0,0.0
2014-06-17 16:39:00,30.499,0.0613060876199,0.0,0,0.0
2014-06-17 16:44:00,31.611,0.0613060876199,0.0,0,0.0
2014-06-17 16:49:00,30.375,0.0613060876199,0.0,0,0.0
2014-06-17 16:54:00,31.453,0.0613060876199,0.0,0,0.0
2014-06-17 16:59:00,32.548,0.0613060876199,0.0,0,0.0
2014-06-17 17:04:00,44.944,0.0613060876199,0.0,0,0.0
2014-06-17 17:09:00,64.782,0.0613060876199,0.0,0,0.0
2014-06-17 17:14:00,32.86,0.0388819607346,0.40000000596,0,0.0
2014-06-17 17:19:00,28.953,0.0388819607346,0.0,0,0.0
2014-06-17 17:24:00,29.997,0.0388819607346,0.0,0,0.0
2014-06-17 17:29:00,31.874,0.0388819607346,0.0,0,0.0
2014-06-17 17:34:00,30.121,0.0388819607346,0.0,0,0.0
2014-06-17 17:39:00,30.717,0.0388819607346,0.0,0,0.0
2014-06-17 17:44:00,30.781,0.0388819607346,0.0,0,0.0
2014-06-17 17:49:00,31.035,0.0388819607346,0.0,0,0.0
2014-06-17 17:54:00,30.445,0.0388819607346,0.0,0,0.0
2014-06-17 17:59:00,32.667,0.0388819607346,0.0,0,0.0
2014-06-17 18:04:00,44.546,0.0613060876199,0.0,0,0.0
2014-06-17 18:09:00,61.332,0.0613060876199,0.0,0,0.0
2014-06-17 18:14:00,31.883,0.0613060876199,0.0,0,0.0
2014-06-17 18:19:00,31.289,0.0613060876199,0.0,0,0.0
2014-06-17 18:24:00,30.38,0.0613060876199,0.0,0,0.0
2014-06-17 18:29:00,31.832,0.0613060876199,0.0,0,0.0
2014-06-17 18:34:00,31.319,0.0627160067023,0.0,0,0.0
2014-06-17 18:39:00,29.498,0.0627160067023,0.0,0,0.0
2014-06-17 18:44:00,31.441,0.0627160067023,0.0,0,0.0
2014-06-17 18:49:00,29.88,0.0627160067023,0.0,0,0.0
2014-06-17 18:54:00,30.448,0.0627160067023,0.0,0,0.0
2014-06-17 18:59:00,33.509,0.0627160067023,0.0,0,0.0
2014-06-17 19:04:00,43.292,0.0627160067023,0.0,0,0.0
2014-06-17 19:09:00,65.051,0.0627160067023,0.0,0,0.0
2014-06-17 19:14:00,32.324,0.0661741052733,0.625,0,0.0
2014-06-17 19:19:00,30.786,0.0661741052733,0.0,0,0.0
2014-06-17 19:24:00,30.86,0.0661741052733,0.0,0,0.0
2014-06-17 19:29:00,31.39,0.0661741052733,0.0,0,0.0
2014-06-17 19:34:00,30.71,0.0661741052733,0.0,0,0.0
2014-06-17 19:39:00,29.878,0.0661741052733,0.0,0,0.0
2014-06-17 19:44:00,31.315,0.0661741052733,0.0,0,0.0
2014-06-17 19:49:00,30.492,0.0661741052733,0.0,0,0.0
2014-06-17 19:54:00,29.716,0.0661741052733,0.0,0,0.0
2014-06-17 19:59:00,33.207,0.0661741052733,0.0,0,0.0
2014-06-17 20:04:00,44.38,0.0627160067023,0.0,0,0.0
2014-06-17 20:09:00,72.214,0.0627160067023,0.0,0,0.0
2014-06-17 20:14:00,32.669,0.0627160067023,0.0,0,0.0
2014-06-17 20:19:00,28.621,0.0627160067023,0.0,0,0.0
2014-06-17 20:24:00,30.254,0.0627160067023,0.0,0,0.0
2014-06-17 20:29:00,31.76,0.0627160067023,0.0,0,0.0
2014-06-17 20:34:00,30.956,0.0627160067023,0.0,0,0.0
2014-06-17 20:39:00,30.552,0.0627160067023,0.0,0,0.0
2014-06-17 20:44:00,32.953,0.0627160067023,0.0,0,0.0
2014-06-17 20:49:00,29.214,0.0627160067023,0.0,0,0.0
2014-06-17 20:54:00,30.287,0.0627160067023,0.0,0,0.0
2014-06-17 20:59:00,33.096,0.0627160067023,0.0,0,0.0
2014-06-17 21:04:00,44.374,0.0627160067023,0.0,0,0.0
2014-06-17 21:09:00,64.883,0.0627160067023,0.0,0,0.0
2014-06-17 21:14:00,32.465,0.0697528479278,0.649999976158,0,0.0
2014-06-17 21:19:00,30.214,0.0697528479278,0.0,0,0.0
2014-06-17 21:24:00,31.162,0.073453485352,0.0250000003725,0,0.0
2014-06-17 21:29:00,31.779,0.0772772091047,0.0250000003725,0,0.0
2014-06-17 21:34:00,30.881,0.0772772091047,0.0,0,0.0
2014-06-17 21:39:00,31.332,0.0812251669716,0.0250000003725,0,0.0
2014-06-17 21:44:00,30.454,0.0812251669716,0.0,0,0.0
2014-06-17 21:49:00,30.379,0.0812251669716,0.0,0,0.0
2014-06-17 21:54:00,30.125,0.0812251669716,0.0,0,0.0
2014-06-17 21:59:00,33.974,0.0812251669716,0.0,0,0.0
2014-06-17 22:04:00,44.047,0.0530523909851,0.0,0,0.0
2014-06-17 22:09:00,72.62,0.0530523909851,0.0,0,0.0
2014-06-17 22:14:00,31.208,0.0561565228206,0.0,0,0.0
2014-06-17 22:19:00,31.158,0.0593772613412,0.0,0,0.0
2014-06-17 22:24:00,29.995,0.0593772613412,0.0,0,0.0
2014-06-17 22:29:00,32.001,0.0627160067023,0.0,0,0.0
2014-06-17 22:34:00,31.12,0.0627160067023,0.0,0,0.0
2014-06-17 22:39:00,30.209,0.0627160067023,0.0,0,0.0
2014-06-17 22:44:00,31.664,0.0627160067023,0.0,0,0.0
2014-06-17 22:49:00,30.998,0.0627160067023,0.0,0,0.0
2014-06-17 22:54:00,29.344,0.0627160067023,0.0,0,0.0
2014-06-17 22:59:00,33.396,0.0627160067023,0.0,0,0.0
2014-06-17 23:04:00,45.284,0.0627160067023,0.0,0,0.0
2014-06-17 23:09:00,65.833,0.0627160067023,0.0,0,0.0
2014-06-17 23:14:00,31.775,0.0627160067023,0.0,0,0.0
2014-06-17 23:19:00,30.711,0.0627160067023,0.0,0,0.0
2014-06-17 23:24:00,29.996,0.0627160067023,0.0,0,0.0
2014-06-17 23:29:00,31.663,0.0627160067023,0.0,0,0.0
2014-06-17 23:34:00,30.5,0.0627160067023,0.0,0,0.0
2014-06-17 23:39:00,29.951,0.0627160067023,0.0,0,0.0
2014-06-17 23:44:00,31.725,0.0627160067023,0.0,0,0.0
2014-06-17 23:49:00,30.455,0.0627160067023,0.0,0,0.0
2014-06-17 23:54:00,30.099,0.0627160067023,0.0,0,0.0
2014-06-17 23:59:00,32.954,0.0627160067023,0.0,0,0.0
2014-06-18 00:04:00,44.161,0.0627160067023,0.0,0,0.0
2014-06-18 00:09:00,72.79,0.0627160067023,0.0,0,0.0
2014-06-18 00:14:00,31.051,0.0627160067023,0.0,0,0.0
2014-06-18 00:19:00,31.0,0.0627160067023,0.0,0,0.0
2014-06-18 00:24:00,31.702,0.0627160067023,0.0,0,0.0
2014-06-18 00:29:00,31.417,0.0627160067023,0.0,0,0.0
2014-06-18 00:34:00,30.619,0.0627160067023,0.0,0,0.0
2014-06-18 00:39:00,30.044,0.0627160067023,0.0,0,0.0
2014-06-18 00:44:00,31.493,0.0627160067023,0.0,0,0.0
2014-06-18 00:49:00,30.331,0.0627160067023,0.0,0,0.0
2014-06-18 00:54:00,30.501,0.0627160067023,0.0,0,0.0
2014-06-18 00:59:00,33.499,0.0627160067023,0.0,0,0.0
2014-06-18 01:04:00,44.545,0.0627160067023,0.0,0,0.0
2014-06-18 01:09:00,64.955,0.0627160067023,0.0,0,0.0
2014-06-18 01:14:00,31.843,0.0627160067023,0.0,0,0.0
2014-06-18 01:19:00,30.926,0.0627160067023,0.0,0,0.0
2014-06-18 01:24:00,30.057,0.0627160067023,0.0,0,0.0
2014-06-18 01:29:00,32.388,0.0593772613412,0.0250000003725,0,0.0
2014-06-18 01:34:00,29.603,0.0593772613412,0.0,0,0.0
2014-06-18 01:39:00,30.374,0.0593772613412,0.0,0,0.0
2014-06-18 01:44:00,31.499,0.0593772613412,0.0,0,0.0
2014-06-18 01:49:00,30.786,0.0593772613412,0.0,0,0.0
2014-06-18 01:54:00,30.216,0.0593772613412,0.0,0,0.0
2014-06-18 01:59:00,33.313,0.0593772613412,0.0,0,0.0
2014-06-18 02:04:00,44.668,0.0593772613412,0.0,0,0.0
2014-06-18 02:09:00,72.334,0.0593772613412,0.0,0,0.0
2014-06-18 02:14:00,31.121,0.0593772613412,0.0,0,0.0
2014-06-18 02:19:00,30.165,0.0627160067023,0.0,0,0.0
2014-06-18 02:24:00,30.495,0.0627160067023,0.0,0,0.0
2014-06-18 02:29:00,32.377,0.0627160067023,0.0,0,0.0
2014-06-18 02:34:00,30.333,0.0627160067023,0.0,0,0.0
2014-06-18 02:39:00,29.619,0.0627160067023,0.0,0,0.0
2014-06-18 02:44:00,31.262,0.0627160067023,0.0,0,0.0
2014-06-18 02:49:00,31.403,0.0627160067023,0.0,0,0.0
2014-06-18 02:54:00,29.057,0.0629832519686,0.0,0,0.0
2014-06-18 02:59:00,33.333,0.0629832519686,0.0,0,0.0
2014-06-18 03:04:00,48.666,0.0629832519686,0.0,0,0.0
2014-06-18 03:09:00,71.714,0.0629832519686,0.0,0,0.0
2014-06-18 03:14:00,37.066,0.0563637263146,0.550000011921,0,0.0
2014-06-18 03:19:00,30.212,0.0563637263146,0.0,0,0.0
2014-06-18 03:24:00,30.834,0.0563637263146,0.0,0,0.0
2014-06-18 03:29:00,31.957,0.0563637263146,0.0,0,0.0
2014-06-18 03:34:00,30.046,0.0563637263146,0.0,0,0.0
2014-06-18 03:39:00,30.453,0.0563637263146,0.0,0,0.0
2014-06-18 03:44:00,31.597,0.0563637263146,0.0,0,0.0
2014-06-18 03:49:00,30.479,0.0563637263146,0.0,0,0.0
2014-06-18 03:54:00,30.373,0.0563637263146,0.0,0,0.0
2014-06-18 03:59:00,34.334,0.0563637263146,0.0,0,0.0
2014-06-18 04:04:00,44.143,0.0629832519686,0.0,0,0.0
2014-06-18 04:09:00,46.219,0.0629832519686,0.0,0,0.0
2014-06-18 04:14:00,31.498,0.0629832519686,0.0,0,0.0
2014-06-18 04:19:00,29.83,0.0629832519686,0.0,0,0.0
2014-06-18 04:24:00,29.991,0.0629832519686,0.0,0,0.0
2014-06-18 04:29:00,31.95,0.0629832519686,0.0,0,0.0
2014-06-18 04:34:00,29.876,0.0629832519686,0.0,0,0.0
2014-06-18 04:39:00,30.672,0.0629832519686,0.0,0,0.0
2014-06-18 04:44:00,31.619,0.0629832519686,0.0,0,0.0
2014-06-18 04:49:00,30.415,0.0629832519686,0.0,0,0.0
2014-06-18 04:54:00,29.961,0.0629832519686,0.0,0,0.0
2014-06-18 04:59:00,33.454,0.0629832519686,0.0,0,0.0
2014-06-18 05:04:00,45.87,0.0596136601115,0.0250000003725,0,0.0
2014-06-18 05:09:00,72.12,0.0532320217172,0.0500000007451,0,0.0
2014-06-18 05:14:00,30.858,0.118231812635,0.850000023842,0,0.0
2014-06-18 05:19:00,30.487,0.118231812635,0.0,0,0.0
2014-06-18 05:24:00,29.95,0.118231812635,0.0,0,0.0
2014-06-18 05:29:00,31.045,0.118231812635,0.0,0,0.0
2014-06-18 05:34:00,30.954,0.118231812635,0.0,0,0.0
2014-06-18 05:39:00,29.38,0.118231812635,0.0,0,0.0
2014-06-18 05:44:00,73.284,0.435747206424,1.0,0,0.0
2014-06-18 05:49:00,93.0,0.642545409587,0.425000011921,0,-0.11
2014-06-18 05:54:00,49.666,0.299999996735,0.20000000298,0,0.0
2014-06-18 05:59:00,72.722,0.299999996735,0.0,0,0.0
2014-06-18 06:04:00,100.0,0.299999996735,0.75,0,0.0
2014-06-18 06:09:00,72.333,0.299999996735,0.15000000596,0,0.0
2014-06-18 06:14:00,31.332,0.299999996735,0.0500000007451,0,0.0
2014-06-18 06:19:00,30.337,0.299999996735,0.0,0,0.0
2014-06-18 06:24:00,30.541,0.299999996735,0.0,0,0.0
2014-06-18 06:29:00,32.436,0.299999996735,0.0,0,0.0
2014-06-18 06:34:00,29.547,0.298108045906,0.0,0,0.0
2014-06-18 06:39:00,30.45,0.169662116614,0.0,0,0.0
2014-06-18 06:44:00,32.086,0.123398358189,0.0,0,0.0
2014-06-18 06:49:00,30.231,0.123398358189,0.0,0,0.0
2014-06-18 06:54:00,30.598,0.0392931014936,0.0,0,0.0
2014-06-18 06:59:00,33.232,0.0563637246981,0.0,0,0.0
2014-06-18 07:04:00,44.664,0.0596136601115,0.0250000003725,0,0.0
2014-06-18 07:09:00,52.154,0.0392931024285,0.17499999702,0,0.0
2014-06-18 07:14:00,31.179,0.0392931024285,0.0,0,0.0
2014-06-18 07:19:00,30.214,0.0392931024285,0.0,0,0.0
2014-06-18 07:24:00,30.238,0.0392931024285,0.0,0,0.0
2014-06-18 07:29:00,31.666,0.0392931024285,0.0,0,0.0
2014-06-18 07:34:00,29.881,0.0392931024285,0.0,0,0.0
2014-06-18 07:39:00,30.482,0.0392931024285,0.0,0,0.0
2014-06-18 07:44:00,31.454,0.0392931024285,0.0,0,0.0
2014-06-18 07:49:00,30.373,0.0392931024285,0.0,0,0.0
2014-06-18 07:54:00,29.454,0.0418570392846,0.0,0,0.0
2014-06-18 07:59:00,33.241,0.0629832519686,0.0,0,0.0
2014-06-18 08:04:00,44.442,0.0629832519686,0.0,0,0.0
2014-06-18 08:09:00,71.999,0.0629832519686,0.0,0,0.0
2014-06-18 08:14:00,30.955,0.0629832519686,0.0,0,0.0
2014-06-18 08:19:00,30.936,0.0629832519686,0.0,0,0.0
2014-06-18 08:24:00,29.94,0.0629832519686,0.0,0,0.0
2014-06-18 08:29:00,31.657,0.0629832519686,0.0,0,0.0
2014-06-18 08:34:00,30.668,0.0629832519686,0.0,0,0.0
2014-06-18 08:39:00,29.82,0.0629832519686,0.0,0,0.0
2014-06-18 08:44:00,32.17,0.0629832519686,0.0,0,0.0
2014-06-18 08:49:00,28.674,0.0629832519686,0.0,0,0.0
2014-06-18 08:54:00,29.866,0.0629832519686,0.0,0,0.0
2014-06-18 08:59:00,32.946,0.0629832519686,0.0,0,0.0
2014-06-18 09:04:00,44.335,0.0629832519686,0.0,0,0.0
2014-06-18 09:09:00,57.884,0.0532320214882,0.0750000029802,0,0.0
2014-06-18 09:14:00,31.058,0.0532320214882,0.0,0,0.0
2014-06-18 09:19:00,30.432,0.0532320214882,0.0,0,0.0
2014-06-18 09:24:00,30.282,0.0532320214882,0.0,0,0.0
2014-06-18 09:29:00,31.151,0.0532320214882,0.0,0,0.0
2014-06-18 09:34:00,30.331,0.0532320214882,0.0,0,0.0
2014-06-18 09:39:00,30.002,0.0532320214882,0.0,0,0.0
2014-06-18 09:44:00,31.847,0.0532320214882,0.0,0,0.0
2014-06-18 09:49:00,30.179,0.0532320214882,0.0,0,0.0
2014-06-18 09:54:00,29.455,0.0532320214882,0.0,0,0.0
2014-06-18 09:59:00,33.883,0.0629832519686,0.0,0,0.0
2014-06-18 10:04:00,44.052,0.0629832519686,0.0,0,0.0
2014-06-18 10:09:00,52.5,0.0629832519686,0.0,0,0.0
2014-06-18 10:14:00,31.332,0.0629832519686,0.0,0,0.0
2014-06-18 10:19:00,30.035,0.0629832519686,0.0,0,0.0
2014-06-18 10:24:00,30.067,0.0629832519686,0.0,0,0.0
2014-06-18 10:29:00,31.043,0.0629832519686,0.0,0,0.0
2014-06-18 10:34:00,29.961,0.0629832519686,0.0,0,0.0
2014-06-18 10:39:00,30.268,0.0629832519686,0.0,0,0.0
2014-06-18 10:44:00,30.989,0.0629832519686,0.0,0,0.0
2014-06-18 10:49:00,30.232,0.0629832519686,0.0,0,0.0
2014-06-18 10:54:00,30.548,0.0629832519686,0.0,0,0.0
2014-06-18 10:59:00,32.832,0.0629832519686,0.0,0,0.0
2014-06-18 11:04:00,45.0,0.0629832519686,0.0,0,0.0
2014-06-18 11:09:00,70.832,0.0629832519686,0.0,0,0.0
2014-06-18 11:14:00,31.544,0.0497974899718,0.5,0,0.0
2014-06-18 11:19:00,30.821,0.0497974899718,0.0,0,0.0
2014-06-18 11:24:00,29.49,0.0497974899718,0.0,0,0.0
2014-06-18 11:29:00,31.617,0.0497974899718,0.0,0,0.0
2014-06-18 11:34:00,29.933,0.0497974899718,0.0,0,0.0
2014-06-18 11:39:00,30.249,0.0497974899718,0.0,0,0.0
2014-06-18 11:44:00,31.997,0.0497974899718,0.0,0,0.0
2014-06-18 11:49:00,29.504,0.0497974899718,0.0,0,0.0
2014-06-18 11:54:00,30.716,0.0497974899718,0.0,0,0.0
2014-06-18 11:59:00,33.616,0.0497974899718,0.0,0,0.0
2014-06-18 12:04:00,43.214,0.0622539795187,0.0,0,0.0
2014-06-18 12:09:00,71.453,0.0622539795187,0.0,0,0.0
2014-06-18 12:14:00,31.51,0.0622539795187,0.0,0,0.0
2014-06-18 12:19:00,30.95,0.0622539795187,0.0,0,0.0
2014-06-18 12:24:00,29.987,0.0622539795187,0.0,0,0.0
2014-06-18 12:29:00,31.41,0.0622539795187,0.0,0,0.0
2014-06-18 12:34:00,30.786,0.0622539795187,0.0,0,0.0
2014-06-18 12:39:00,29.832,0.0622539795187,0.0,0,0.0
2014-06-18 12:44:00,30.779,0.0622539795187,0.0,0,0.0
2014-06-18 12:49:00,29.707,0.0622539795187,0.0,0,0.0
2014-06-18 12:54:00,30.5,0.0622539795187,0.0,0,0.0
2014-06-18 12:59:00,32.284,0.0622539795187,0.0,0,0.0
2014-06-18 13:04:00,44.338,0.0622539795187,0.0,0,0.0
2014-06-18 13:09:00,78.999,0.0589684692158,0.0250000003725,0,0.0
2014-06-18 13:14:00,32.052,0.0322055302206,0.25,0,0.0
2014-06-18 13:19:00,30.168,0.0322055302206,0.0,0,0.0
2014-06-18 13:24:00,29.504,0.0322055302206,0.0,0,0.0
2014-06-18 13:29:00,31.824,0.0322055302206,0.0,0,0.0
2014-06-18 13:34:00,30.172,0.0322055302206,0.0,0,0.0
2014-06-18 13:39:00,29.978,0.0322055302206,0.0,0,0.0
2014-06-18 13:44:00,31.27,0.0322055302206,0.0,0,0.0
2014-06-18 13:49:00,29.715,0.0322055302206,0.0,0,0.0
2014-06-18 13:54:00,30.332,0.0322055302206,0.0,0,0.0
2014-06-18 13:59:00,33.999,0.0344071068481,0.0,0,0.0
2014-06-18 14:04:00,43.833,0.0622539795187,0.0,0,0.0
2014-06-18 14:09:00,71.953,0.0622539795187,0.0,0,0.0
2014-06-18 14:14:00,31.547,0.0622539795187,0.0,0,0.0
2014-06-18 14:19:00,30.18,0.0622539795187,0.0,0,0.0
2014-06-18 14:24:00,30.991,0.0622539795187,0.0,0,0.0
2014-06-18 14:29:00,30.485,0.0622539795187,0.0,0,0.0
2014-06-18 14:34:00,30.282,0.0622539795187,0.0,0,0.0
2014-06-18 14:39:00,29.881,0.0622539795187,0.0,0,0.0
2014-06-18 14:44:00,31.1,0.0622539795187,0.0,0,0.0
2014-06-18 14:49:00,31.38,0.0622539795187,0.0,0,0.0
2014-06-18 14:54:00,29.176,0.0622539795187,0.0,0,0.0
2014-06-18 14:59:00,33.38,0.0622539795187,0.0,0,0.0
2014-06-18 15:04:00,44.44,0.0622539795187,0.0,0,0.0
2014-06-18 15:09:00,79.215,0.0589684692158,0.0250000003725,0,0.0
2014-06-18 15:14:00,31.843,0.0344071073514,0.22499999404,0,0.0
2014-06-18 15:19:00,29.954,0.0344071073514,0.0,0,0.0
2014-06-18 15:24:00,30.717,0.0344071073514,0.0,0,0.0
2014-06-18 15:29:00,31.986,0.0344071073514,0.0,0,0.0
2014-06-18 15:34:00,28.794,0.0344071073514,0.0,0,0.0
2014-06-18 15:39:00,30.202,0.0344071073514,0.0,0,0.0
2014-06-18 15:44:00,31.286,0.0344071073514,0.0,0,0.0
2014-06-18 15:49:00,30.548,0.0344071073514,0.0,0,0.0
2014-06-18 15:54:00,31.167,0.0344071073514,0.0,0,0.0
2014-06-18 15:59:00,31.949,0.036709608744,0.0,0,0.0
2014-06-18 16:04:00,44.969,0.0622539795187,0.0,0,0.0
2014-06-18 16:09:00,51.217,0.0622539795187,0.0,0,0.0
2014-06-18 16:14:00,31.495,0.0622539795187,0.0,0,0.0
2014-06-18 16:19:00,30.167,0.0622539795187,0.0,0,0.0
2014-06-18 16:24:00,30.499,0.0622539795187,0.0,0,0.0
2014-06-18 16:29:00,30.773,0.0622539795187,0.0,0,0.0
2014-06-18 16:34:00,30.053,0.0622539795187,0.0,0,0.0
2014-06-18 16:39:00,30.326,0.0622539795187,0.0,0,0.0
2014-06-18 16:44:00,31.453,0.0622539795187,0.0,0,0.0
2014-06-18 16:49:00,30.388,0.0622539795187,0.0,0,0.0
2014-06-18 16:54:00,29.658,0.0622539795187,0.0,0,0.0
2014-06-18 16:59:00,32.501,0.0622539795187,0.0,0,0.0
2014-06-18 17:04:00,44.999,0.0622539795187,0.0,0,0.0
2014-06-18 17:09:00,78.547,0.0557981325131,0.0500000007451,0,0.0
2014-06-18 17:14:00,31.767,0.0391148512749,0.34999999404,0,0.0
2014-06-18 17:19:00,30.622,0.0391148512749,0.0,0,0.0
2014-06-18 17:24:00,30.381,0.0391148512749,0.0,0,0.0
2014-06-18 17:29:00,32.173,0.0391148512749,0.0,0,0.0
2014-06-18 17:34:00,29.956,0.0391148512749,0.0,0,0.0
2014-06-18 17:39:00,30.548,0.0391148512749,0.0,0,0.0
2014-06-18 17:44:00,31.122,0.0391148512749,0.0,0,0.0
2014-06-18 17:49:00,30.87,0.0391148512749,0.0,0,0.0
2014-06-18 17:54:00,29.16,0.0391148512749,0.0,0,0.0
2014-06-18 17:59:00,32.707,0.0344071063112,0.0,0,0.0
2014-06-18 18:04:00,44.728,0.0622539795187,0.0,0,0.0
2014-06-18 18:09:00,51.665,0.0622539795187,0.0,0,0.0
2014-06-18 18:14:00,31.381,0.0622539795187,0.0,0,0.0
2014-06-18 18:19:00,30.124,0.0622539795187,0.0,0,0.0
2014-06-18 18:24:00,29.932,0.0622539795187,0.0,0,0.0
2014-06-18 18:29:00,31.94,0.0622539795187,0.0,0,0.0
2014-06-18 18:34:00,30.121,0.0622539795187,0.0,0,0.0
2014-06-18 18:39:00,30.881,0.0622539795187,0.0,0,0.0
2014-06-18 18:44:00,31.5,0.0622539795187,0.0,0,0.0
2014-06-18 18:49:00,29.878,0.0622539795187,0.0,0,0.0
2014-06-18 18:54:00,30.57,0.0622539795187,0.0,0,0.0
2014-06-18 18:59:00,33.326,0.0622539795187,0.0,0,0.0
2014-06-18 19:04:00,45.715,0.0622539795187,0.0,0,0.0
2014-06-18 19:09:00,79.123,0.0622539795187,0.0,0,0.0
2014-06-18 19:14:00,31.217,0.0442405317488,0.449999988079,0,0.0
2014-06-18 19:19:00,29.834,0.0442405317488,0.0,0,0.0
2014-06-18 19:24:00,30.661,0.0442405317488,0.0,0,0.0
2014-06-18 19:29:00,31.293,0.0442405317488,0.0,0,0.0
2014-06-18 19:34:00,29.881,0.0443516916245,0.0,0,0.0
2014-06-18 19:39:00,30.0,0.0443516916245,0.0,0,0.0
2014-06-18 19:44:00,31.1,0.0443516916245,0.0,0,0.0
2014-06-18 19:49:00,31.0,0.0443516916245,0.0,0,0.0
2014-06-18 19:54:00,29.574,0.0443516916245,0.0,0,0.0
2014-06-18 19:59:00,34.188,0.0443516916245,0.0,0,0.0
2014-06-18 20:04:00,43.707,0.0625325945203,0.0,0,0.0
2014-06-18 20:09:00,72.437,0.0625325945203,0.0,0,0.0
2014-06-18 20:14:00,30.901,0.0592149963257,0.0250000003725,0,0.0
2014-06-18 20:19:00,30.381,0.0592149963257,0.0,0,0.0
2014-06-18 20:24:00,30.001,0.0592149963257,0.0,0,0.0
2014-06-18 20:29:00,32.494,0.0592149963257,0.0,0,0.0
2014-06-18 20:34:00,29.453,0.0592149963257,0.0,0,0.0
2014-06-18 20:39:00,31.378,0.0592149963257,0.0,0,0.0
2014-06-18 20:44:00,31.0,0.0592149963257,0.0,0,0.0
2014-06-18 20:49:00,30.15,0.0592149963257,0.0,0,0.0
2014-06-18 20:54:00,30.174,0.0592149963257,0.0,0,0.0
2014-06-18 20:59:00,33.27,0.0592149963257,0.0,0,0.0
2014-06-18 21:04:00,44.666,0.0625325945203,0.0,0,0.0
2014-06-18 21:09:00,79.0,0.0592149963257,0.0250000003725,0,0.0
2014-06-18 21:14:00,31.384,0.0592149979768,0.550000011921,0,0.0
2014-06-18 21:19:00,30.56,0.0592149979768,0.0,0,0.0
2014-06-18 21:24:00,31.049,0.0592149979768,0.0,0,0.0
2014-06-18 21:29:00,31.047,0.0592149979768,0.0,0,0.0
2014-06-18 21:34:00,31.149,0.0625325962309,0.0250000003725,0,0.0
2014-06-18 21:39:00,29.435,0.0625325962309,0.0,0,0.0
2014-06-18 21:44:00,30.887,0.0625325962309,0.0,0,0.0
2014-06-18 21:49:00,30.528,0.0625325962309,0.0,0,0.0
2014-06-18 21:54:00,30.167,0.0625325962309,0.0,0,0.0
2014-06-18 21:59:00,32.997,0.0592149979768,0.0,0,0.0
2014-06-18 22:04:00,44.566,0.0592149963257,0.0,0,0.0
2014-06-18 22:09:00,78.715,0.0592149963257,0.0,0,0.0
2014-06-18 22:14:00,31.946,0.0592149963257,0.0,0,0.0
2014-06-18 22:19:00,30.834,0.0592149963257,0.0,0,0.0
2014-06-18 22:24:00,30.494,0.0625325945203,0.0,0,0.0
2014-06-18 22:29:00,31.48,0.0625325945203,0.0,0,0.0
2014-06-18 22:34:00,31.16,0.0625325945203,0.0,0,0.0
2014-06-18 22:39:00,30.389,0.0625325945203,0.0,0,0.0
2014-06-18 22:44:00,30.953,0.0625325945203,0.0,0,0.0
2014-06-18 22:49:00,30.384,0.0625325945203,0.0,0,0.0
2014-06-18 22:54:00,30.768,0.0625325945203,0.0,0,0.0
2014-06-18 22:59:00,32.014,0.0625325945203,0.0,0,0.0
2014-06-18 23:04:00,44.704,0.0625325945203,0.0,0,0.0
2014-06-18 23:09:00,78.787,0.0592149963257,0.0250000003725,0,0.0
2014-06-18 23:14:00,33.388,0.0769976426054,0.675000011921,0,0.0
2014-06-18 23:19:00,28.788,0.0769976426054,0.0,0,0.0
2014-06-18 23:24:00,30.215,0.0769976426054,0.0,0,0.0
2014-06-18 23:29:00,31.18,0.0769976426054,0.0,0,0.0
2014-06-18 23:34:00,30.219,0.0769976426054,0.0,0,0.0
2014-06-18 23:39:00,29.897,0.0769976426054,0.0,0,0.0
2014-06-18 23:44:00,31.333,0.0769976426054,0.0,0,0.0
2014-06-18 23:49:00,30.431,0.0769976426054,0.0,0,0.0
2014-06-18 23:54:00,29.623,0.0769976426054,0.0,0,0.0
2014-06-18 23:59:00,32.646,0.0731997218119,0.0,0,0.0
2014-06-19 00:04:00,43.999,0.0625325945203,0.0,0,0.0
2014-06-19 00:09:00,79.051,0.0625325945203,0.0,0,0.0
2014-06-19 00:14:00,32.447,0.0625325945203,0.0,0,0.0
2014-06-19 00:19:00,29.214,0.0625325945203,0.0,0,0.0
2014-06-19 00:24:00,30.499,0.0625325945203,0.0,0,0.0
2014-06-19 00:29:00,32.173,0.0625325945203,0.0,0,0.0
2014-06-19 00:34:00,30.171,0.0625325945203,0.0,0,0.0
2014-06-19 00:39:00,29.838,0.0625325945203,0.0,0,0.0
2014-06-19 00:44:00,31.334,0.0625325945203,0.0,0,0.0
2014-06-19 00:49:00,30.0,0.0625325945203,0.0,0,0.0
2014-06-19 00:54:00,29.952,0.0625325945203,0.0,0,0.0
2014-06-19 00:59:00,33.909,0.0625325945203,0.0,0,0.0
2014-06-19 01:04:00,45.333,0.0625325945203,0.0,0,0.0
2014-06-19 01:09:00,57.781,0.0592149963257,0.0250000003725,0,0.0
2014-06-19 01:14:00,31.599,0.0592149963257,0.0,0,0.0
2014-06-19 01:19:00,30.944,0.0592149963257,0.0,0,0.0
2014-06-19 01:24:00,29.113,0.0592149963257,0.0,0,0.0
2014-06-19 01:29:00,32.657,0.0560142774088,0.0250000003725,0,0.0
2014-06-19 01:34:00,29.501,0.0560142774088,0.0,0,0.0
2014-06-19 01:39:00,30.501,0.0560142774088,0.0,0,0.0
2014-06-19 01:44:00,31.496,0.0560142774088,0.0,0,0.0
2014-06-19 01:49:00,30.826,0.0560142774088,0.0,0,0.0
2014-06-19 01:54:00,29.79,0.0560142774088,0.0,0,0.0
2014-06-19 01:59:00,33.38,0.0592149963257,0.0,0,0.0
2014-06-19 02:04:00,44.834,0.0592149963257,0.0,0,0.0
2014-06-19 02:09:00,78.833,0.0592149963257,0.0,0,0.0
2014-06-19 02:14:00,32.035,0.0592149963257,0.0,0,0.0
2014-06-19 02:19:00,30.459,0.0625325945203,0.0,0,0.0
2014-06-19 02:24:00,30.214,0.0625325945203,0.0,0,0.0
2014-06-19 02:29:00,31.284,0.0625325945203,0.0,0,0.0
2014-06-19 02:34:00,29.881,0.0625325945203,0.0,0,0.0
2014-06-19 02:39:00,30.003,0.0625325945203,0.0,0,0.0
2014-06-19 02:44:00,31.121,0.0625325945203,0.0,0,0.0
2014-06-19 02:49:00,30.383,0.0625325945203,0.0,0,0.0
2014-06-19 02:54:00,30.668,0.0625325945203,0.0,0,0.0
2014-06-19 02:59:00,32.165,0.0625325945203,0.0,0,0.0
2014-06-19 03:04:00,44.836,0.0625325945203,0.0,0,0.0
2014-06-19 03:09:00,59.336,0.0592149963257,0.0250000003725,0,0.0
2014-06-19 03:14:00,31.548,0.0592149963257,0.0,0,0.0
2014-06-19 03:19:00,31.169,0.0592149963257,0.0,0,0.0
2014-06-19 03:24:00,29.481,0.0592149963257,0.0,0,0.0
2014-06-19 03:29:00,35.621,0.0560142774088,0.0250000003725,0,0.0
2014-06-19 03:34:00,30.319,0.0560142774088,0.0,0,0.0
2014-06-19 03:39:00,30.169,0.0560142774088,0.0,0,0.0
2014-06-19 03:44:00,35.661,0.0560142774088,0.0,0,0.0
2014-06-19 03:49:00,29.166,0.0560142774088,0.0,0,0.0
2014-06-19 03:54:00,29.868,0.0561525155742,0.0,0,0.0
2014-06-19 03:59:00,32.96,0.0593726898446,0.0,0,0.0
2014-06-19 04:04:00,44.832,0.0593726898446,0.0,0,0.0
2014-06-19 04:09:00,52.789,0.0593726898446,0.0,0,0.0
2014-06-19 04:14:00,31.662,0.0593726898446,0.0,0,0.0
2014-06-19 04:19:00,30.88,0.0627108391357,0.0,0,0.0
2014-06-19 04:24:00,29.166,0.0627108391357,0.0,0,0.0
2014-06-19 04:29:00,31.279,0.0627108391357,0.0,0,0.0
2014-06-19 04:34:00,30.213,0.0627108391357,0.0,0,0.0
2014-06-19 04:39:00,30.12,0.0627108391357,0.0,0,0.0
2014-06-19 04:44:00,31.369,0.0627108391357,0.0,0,0.0
2014-06-19 04:49:00,30.281,0.0627108391357,0.0,0,0.0
2014-06-19 04:54:00,29.879,0.0627108391357,0.0,0,0.0
2014-06-19 04:59:00,34.187,0.0627108391357,0.0,0,0.0
2014-06-19 05:04:00,43.666,0.0627108391357,0.0,0,0.0
2014-06-19 05:09:00,78.717,0.0593726898446,0.0250000003725,0,0.0
2014-06-19 05:14:00,31.608,0.0561525155742,0.0250000003725,0,0.0
2014-06-19 05:19:00,31.33,0.0561525155742,0.0,0,0.0
2014-06-19 05:24:00,29.832,0.0561525155742,0.0,0,0.0
2014-06-19 05:29:00,31.114,0.0561525155742,0.0,0,0.0
2014-06-19 05:34:00,30.203,0.0561525155742,0.0,0,0.0
2014-06-19 05:39:00,30.5,0.0561525155742,0.0,0,0.0
2014-06-19 05:44:00,31.046,0.0561525155742,0.0,0,0.0
2014-06-19 05:49:00,30.116,0.0561525155742,0.0,0,0.0
2014-06-19 05:54:00,30.102,0.0561525155742,0.0,0,0.0
2014-06-19 05:59:00,33.342,0.0593726898446,0.0,0,0.0
2014-06-19 06:04:00,44.381,0.0627108391357,0.0,0,0.0
2014-06-19 06:09:00,86.0,0.0627108391357,0.0,0,0.0
2014-06-19 06:14:00,31.287,0.0561525155742,0.0500000007451,0,0.0
2014-06-19 06:19:00,30.881,0.0561525155742,0.0,0,0.0
2014-06-19 06:24:00,31.482,0.0561525155742,0.0,0,0.0
2014-06-19 06:29:00,30.301,0.0561525155742,0.0,0,0.0
2014-06-19 06:34:00,30.785,0.0561525155742,0.0,0,0.0
2014-06-19 06:39:00,30.547,0.0561525155742,0.0,0,0.0
2014-06-19 06:44:00,31.62,0.0561525155742,0.0,0,0.0
2014-06-19 06:49:00,29.923,0.0561525155742,0.0,0,0.0
2014-06-19 06:54:00,29.901,0.0561525155742,0.0,0,0.0
2014-06-19 06:59:00,33.381,0.0561525155742,0.0,0,0.0
2014-06-19 07:04:00,44.334,0.0627108391357,0.0,0,0.0
2014-06-19 07:09:00,51.985,0.0627108391357,0.0,0,0.0
2014-06-19 07:14:00,31.499,0.0627108391357,0.0,0,0.0
2014-06-19 07:19:00,30.499,0.0627108391357,0.0,0,0.0
2014-06-19 07:24:00,29.815,0.0627108391357,0.0,0,0.0
2014-06-19 07:29:00,31.779,0.0627108391357,0.0,0,0.0
2014-06-19 07:34:00,29.876,0.0627108391357,0.0,0,0.0
2014-06-19 07:39:00,30.008,0.0627108391357,0.0,0,0.0
2014-06-19 07:44:00,31.67,0.0627108391357,0.0,0,0.0
2014-06-19 07:49:00,30.049,0.0627108391357,0.0,0,0.0
2014-06-19 07:54:00,29.901,0.0627108391357,0.0,0,0.0
2014-06-19 07:59:00,33.046,0.0627108391357,0.0,0,0.0
2014-06-19 08:04:00,44.499,0.0627108391357,0.0,0,0.0
2014-06-19 08:09:00,85.833,0.053048916402,0.0750000029802,0,0.0
2014-06-19 08:14:00,30.833,0.050060437823,0.0250000003725,0,0.0
2014-06-19 08:19:00,30.118,0.050060437823,0.0,0,0.0
2014-06-19 08:24:00,30.378,0.050060437823,0.0,0,0.0
2014-06-19 08:29:00,31.619,0.050060437823,0.0,0,0.0
2014-06-19 08:34:00,30.55,0.050060437823,0.0,0,0.0
2014-06-19 08:39:00,30.287,0.050060437823,0.0,0,0.0
2014-06-19 08:44:00,31.168,0.050060437823,0.0,0,0.0
2014-06-19 08:49:00,29.997,0.050060437823,0.0,0,0.0
2014-06-19 08:54:00,30.213,0.050060437823,0.0,0,0.0
2014-06-19 08:59:00,33.332,0.0593726898446,0.0,0,0.0
2014-06-19 09:04:00,44.166,0.0627108391357,0.0,0,0.0
2014-06-19 09:09:00,59.443,0.0627108391357,0.0,0,0.0
2014-06-19 09:14:00,31.5,0.0627108391357,0.0,0,0.0
2014-06-19 09:19:00,30.665,0.0627108391357,0.0,0,0.0
2014-06-19 09:24:00,29.282,0.0627108391357,0.0,0,0.0
2014-06-19 09:29:00,31.714,0.0627108391357,0.0,0,0.0
2014-06-19 09:34:00,29.993,0.0627108391357,0.0,0,0.0
2014-06-19 09:39:00,30.123,0.0627108391357,0.0,0,0.0
2014-06-19 09:44:00,31.046,0.0627108391357,0.0,0,0.0
2014-06-19 09:49:00,30.332,0.0627108391357,0.0,0,0.0
2014-06-19 09:54:00,30.286,0.0627108391357,0.0,0,0.0
2014-06-19 09:59:00,33.872,0.0627108391357,0.0,0,0.0
2014-06-19 10:04:00,43.881,0.0627108391357,0.0,0,0.0
2014-06-19 10:09:00,57.953,0.053048916402,0.0750000029802,0,0.0
2014-06-19 10:14:00,31.465,0.053048916402,0.0,0,0.0
2014-06-19 10:19:00,30.053,0.053048916402,0.0,0,0.0
2014-06-19 10:24:00,29.699,0.053048916402,0.0,0,0.0
2014-06-19 10:29:00,31.442,0.053048916402,0.0,0,0.0
2014-06-19 10:34:00,30.122,0.053048916402,0.0,0,0.0
2014-06-19 10:39:00,30.166,0.053048916402,0.0,0,0.0
2014-06-19 10:44:00,31.712,0.053048916402,0.0,0,0.0
2014-06-19 10:49:00,29.944,0.053048916402,0.0,0,0.0
2014-06-19 10:54:00,30.09,0.053048916402,0.0,0,0.0
2014-06-19 10:59:00,33.328,0.0627108391357,0.0,0,0.0
2014-06-19 11:04:00,44.232,0.0627108391357,0.0,0,0.0
2014-06-19 11:09:00,78.999,0.0627108391357,0.0,0,0.0
2014-06-19 11:14:00,31.336,0.0627108391357,0.0,0,0.0
2014-06-19 11:19:00,30.451,0.0627108391357,0.0,0,0.0
2014-06-19 11:24:00,31.046,0.0627108391357,0.0,0,0.0
2014-06-19 11:29:00,30.552,0.0627108391357,0.0,0,0.0
2014-06-19 11:34:00,30.039,0.0627108391357,0.0,0,0.0
2014-06-19 11:39:00,30.377,0.0627108391357,0.0,0,0.0
2014-06-19 11:44:00,30.49,0.0627108391357,0.0,0,0.0
2014-06-19 11:49:00,30.166,0.0627108391357,0.0,0,0.0
2014-06-19 11:54:00,29.99,0.0627108391357,0.0,0,0.0
2014-06-19 11:59:00,33.5,0.0627108391357,0.0,0,0.0
2014-06-19 12:04:00,44.5,0.0627108391357,0.0,0,0.0
2014-06-19 12:09:00,85.545,0.053048916402,0.0750000029802,0,0.0
2014-06-19 12:14:00,31.616,0.047175264775,0.40000000596,0,0.0
2014-06-19 12:19:00,30.326,0.047175264775,0.0,0,0.0
2014-06-19 12:24:00,29.51,0.047175264775,0.0,0,0.0
2014-06-19 12:29:00,31.67,0.047175264775,0.0,0,0.0
2014-06-19 12:34:00,30.49,0.047175264775,0.0,0,0.0
2014-06-19 12:39:00,30.959,0.047175264775,0.0,0,0.0
2014-06-19 12:44:00,30.713,0.047175264775,0.0,0,0.0
2014-06-19 12:49:00,30.334,0.047175264775,0.0,0,0.0
2014-06-19 12:54:00,30.166,0.047175264775,0.0,0,0.0
2014-06-19 12:59:00,32.586,0.0392214103991,0.0,0,0.0
2014-06-19 13:04:00,44.38,0.062689546265,0.0,0,0.0
2014-06-19 13:09:00,85.833,0.062689546265,0.0,0,0.0
2014-06-19 13:14:00,30.999,0.059353852913,0.0250000003725,0,0.0
2014-06-19 13:19:00,30.001,0.059353852913,0.0,0,0.0
2014-06-19 13:24:00,29.835,0.059353852913,0.0,0,0.0
2014-06-19 13:29:00,31.464,0.059353852913,0.0,0,0.0
2014-06-19 13:34:00,31.171,0.059353852913,0.0,0,0.0
2014-06-19 13:39:00,29.213,0.059353852913,0.0,0,0.0
2014-06-19 13:44:00,31.5,0.059353852913,0.0,0,0.0
2014-06-19 13:49:00,29.268,0.059353852913,0.0,0,0.0
2014-06-19 13:54:00,31.365,0.0561360035004,0.0250000003725,0,0.0
2014-06-19 13:59:00,31.867,0.0561360035004,0.0,0,0.0
2014-06-19 14:04:00,44.447,0.059353852913,0.0,0,0.0
2014-06-19 14:09:00,79.333,0.0561360035004,0.0250000003725,0,0.0
2014-06-19 14:14:00,31.71,0.0301029997277,0.25,0,0.0
2014-06-19 14:19:00,30.787,0.0301029997277,0.0,0,0.0
2014-06-19 14:24:00,29.875,0.0301029997277,0.0,0,0.0
2014-06-19 14:29:00,31.61,0.0301029997277,0.0,0,0.0
2014-06-19 14:34:00,30.555,0.0301029997277,0.0,0,0.0
2014-06-19 14:39:00,29.332,0.0301029997277,0.0,0,0.0
2014-06-19 14:44:00,31.169,0.0322288423405,0.0,0,0.0
2014-06-19 14:49:00,30.174,0.0322288423405,0.0,0,0.0
2014-06-19 14:54:00,30.455,0.0322288423405,0.0,0,0.0
2014-06-19 14:59:00,33.169,0.0344559093375,0.0,0,0.0
2014-06-19 15:04:00,44.334,0.062689546265,0.0,0,0.0
2014-06-19 15:09:00,87.0,0.062689546265,0.0,0,0.0
2014-06-19 15:14:00,30.213,0.059353852913,0.0250000003725,0,0.0
2014-06-19 15:19:00,29.997,0.059353852913,0.0,0,0.0
2014-06-19 15:24:00,30.627,0.059353852913,0.0,0,0.0
2014-06-19 15:29:00,30.889,0.059353852913,0.0,0,0.0
2014-06-19 15:34:00,30.114,0.059353852913,0.0,0,0.0
2014-06-19 15:39:00,29.998,0.059353852913,0.0,0,0.0
2014-06-19 15:44:00,31.333,0.059353852913,0.0,0,0.0
2014-06-19 15:49:00,31.697,0.059353852913,0.0,0,0.0
2014-06-19 15:54:00,28.833,0.059353852913,0.0,0,0.0
2014-06-19 15:59:00,32.852,0.059353852913,0.0,0,0.0
2014-06-19 16:04:00,45.332,0.062689546265,0.0,0,0.0
2014-06-19 16:09:00,52.445,0.0444142524046,0.15000000596,0,0.0
2014-06-19 16:14:00,30.791,0.0444142524046,0.0,0,0.0
2014-06-19 16:19:00,30.713,0.0444142524046,0.0,0,0.0
2014-06-19 16:24:00,29.622,0.0444142524046,0.0,0,0.0
2014-06-19 16:29:00,32.22,0.0444142524046,0.0,0,0.0
2014-06-19 16:34:00,29.334,0.0444142524046,0.0,0,0.0
2014-06-19 16:39:00,29.655,0.0444142524046,0.0,0,0.0
2014-06-19 16:44:00,31.335,0.0444142524046,0.0,0,0.0
2014-06-19 16:49:00,31.281,0.0444142524046,0.0,0,0.0
2014-06-19 16:54:00,28.88,0.0444142524046,0.0,0,0.0
2014-06-19 16:59:00,34.0,0.062689546265,0.0,0,0.0
2014-06-19 17:04:00,43.286,0.062689546265,0.0,0,0.0
2014-06-19 17:09:00,86.0,0.062689546265,0.0,0,0.0
2014-06-19 17:14:00,31.167,0.062689546265,0.0,0,0.0
2014-06-19 17:19:00,30.121,0.062689546265,0.0,0,0.0
2014-06-19 17:24:00,30.665,0.062689546265,0.0,0,0.0
2014-06-19 17:29:00,31.558,0.062689546265,0.0,0,0.0
2014-06-19 17:34:00,30.953,0.062689546265,0.0,0,0.0
2014-06-19 17:39:00,29.215,0.062689546265,0.0,0,0.0
2014-06-19 17:44:00,31.663,0.062689546265,0.0,0,0.0
2014-06-19 17:49:00,30.283,0.062689546265,0.0,0,0.0
2014-06-19 17:54:00,29.834,0.062689546265,0.0,0,0.0
2014-06-19 17:59:00,32.648,0.062689546265,0.0,0,0.0
2014-06-19 18:04:00,44.666,0.062689546265,0.0,0,0.0
2014-06-19 18:09:00,86.0,0.0500481901221,0.10000000149,0,0.0
2014-06-19 18:14:00,31.77,0.0561360022764,0.449999988079,0,0.0
2014-06-19 18:19:00,30.338,0.0561360022764,0.0,0,0.0
2014-06-19 18:24:00,31.546,0.0561360022764,0.0,0,0.0
2014-06-19 18:29:00,31.962,0.0561360022764,0.0,0,0.0
2014-06-19 18:34:00,29.534,0.0561360022764,0.0,0,0.0
2014-06-19 18:39:00,29.666,0.0561360022764,0.0,0,0.0
2014-06-19 18:44:00,31.317,0.0561360022764,0.0,0,0.0
2014-06-19 18:49:00,29.999,0.0561360022764,0.0,0,0.0
2014-06-19 18:54:00,29.948,0.0561360022764,0.0,0,0.0
2014-06-19 18:59:00,34.035,0.0444142517596,0.0,0,0.0
2014-06-19 19:04:00,44.166,0.062689546265,0.0,0,0.0
2014-06-19 19:09:00,57.79,0.062689546265,0.0,0,0.0
2014-06-19 19:14:00,31.389,0.062689546265,0.0,0,0.0
2014-06-19 19:19:00,30.954,0.062689546265,0.0,0,0.0
2014-06-19 19:24:00,30.379,0.062689546265,0.0,0,0.0
2014-06-19 19:29:00,31.785,0.062689546265,0.0,0,0.0
2014-06-19 19:34:00,30.435,0.062689546265,0.0,0,0.0
2014-06-19 19:39:00,30.446,0.062689546265,0.0,0,0.0
2014-06-19 19:44:00,31.166,0.062689546265,0.0,0,0.0
2014-06-19 19:49:00,30.167,0.062689546265,0.0,0,0.0
2014-06-19 19:54:00,29.452,0.062689546265,0.0,0,0.0
2014-06-19 19:59:00,33.047,0.062689546265,0.0,0,0.0
2014-06-19 20:04:00,44.454,0.062689546265,0.0,0,0.0
2014-06-19 20:09:00,59.846,0.062689546265,0.0,0,0.0
2014-06-19 20:14:00,31.668,0.0734168751568,0.675000011921,0,0.0
2014-06-19 20:19:00,31.495,0.0734168751568,0.0,0,0.0
2014-06-19 20:24:00,28.834,0.0734168751568,0.0,0,0.0
2014-06-19 20:29:00,31.674,0.0734168751568,0.0,0,0.0
2014-06-19 20:34:00,29.62,0.0733583578876,0.0,0,0.0
2014-06-19 20:39:00,30.548,0.0733583578876,0.0,0,0.0
2014-06-19 20:44:00,31.869,0.0733583578876,0.0,0,0.0
2014-06-19 20:49:00,30.609,0.0733583578876,0.0,0,0.0
2014-06-19 20:54:00,30.049,0.0733583578876,0.0,0,0.0
2014-06-19 20:59:00,33.231,0.0733583578876,0.0,0,0.0
2014-06-19 21:04:00,44.878,0.0626472559179,0.0,0,0.0
2014-06-19 21:09:00,58.0,0.0626472559179,0.0,0,0.0
2014-06-19 21:14:00,30.832,0.0626472559179,0.0,0,0.0
2014-06-19 21:19:00,30.503,0.0626472559179,0.0,0,0.0
2014-06-19 21:24:00,30.16,0.0626472559179,0.0,0,0.0
2014-06-19 21:29:00,31.5,0.0626472559179,0.0,0,0.0
2014-06-19 21:34:00,30.119,0.0626472559179,0.0,0,0.0
2014-06-19 21:39:00,29.758,0.0626472559179,0.0,0,0.0
2014-06-19 21:44:00,31.235,0.0593164396241,0.0250000003725,0,0.0
2014-06-19 21:49:00,30.499,0.0593164396241,0.0,0,0.0
2014-06-19 21:54:00,30.213,0.0593164396241,0.0,0,0.0
2014-06-19 21:59:00,32.819,0.0593164396241,0.0,0,0.0
2014-06-19 22:04:00,45.168,0.0593164396241,0.0,0,0.0
2014-06-19 22:09:00,86.0,0.0443974004965,0.125,0,0.0
2014-06-19 22:14:00,31.62,0.0443974004965,0.0,0,0.0
2014-06-19 22:19:00,30.502,0.0443974004965,0.0,0,0.0
2014-06-19 22:24:00,30.6,0.0443974004965,0.0,0,0.0
2014-06-19 22:29:00,32.109,0.0443974004965,0.0,0,0.0
2014-06-19 22:34:00,30.169,0.0471547954171,0.0,0,0.0
2014-06-19 22:39:00,30.167,0.0471547954171,0.0,0,0.0
2014-06-19 22:44:00,30.973,0.0471547954171,0.0,0,0.0
2014-06-19 22:49:00,30.286,0.0471547954171,0.0,0,0.0
2014-06-19 22:54:00,30.045,0.0471547954171,0.0,0,0.0
2014-06-19 22:59:00,34.149,0.0626472559179,0.0,0,0.0
2014-06-19 23:04:00,42.999,0.0626472559179,0.0,0,0.0
2014-06-19 23:09:00,86.12,0.0626472559179,0.0,0,0.0
2014-06-19 23:14:00,32.05,0.0626472559179,0.0,0,0.0
2014-06-19 23:19:00,29.998,0.0626472559179,0.0,0,0.0
2014-06-19 23:24:00,30.334,0.0626472559179,0.0,0,0.0
2014-06-19 23:29:00,31.999,0.0626472559179,0.0,0,0.0
2014-06-19 23:34:00,30.785,0.0626472559179,0.0,0,0.0
2014-06-19 23:39:00,29.879,0.0626472559179,0.0,0,0.0
2014-06-19 23:44:00,31.007,0.0626472559179,0.0,0,0.0
2014-06-19 23:49:00,29.993,0.0626472559179,0.0,0,0.0
2014-06-19 23:54:00,30.333,0.0626472559179,0.0,0,0.0
2014-06-19 23:59:00,31.998,0.0626472559179,0.0,0,0.0
2014-06-20 00:04:00,44.955,0.0626472559179,0.0,0,0.0
2014-06-20 00:09:00,85.833,0.0500238620835,0.10000000149,0,0.0
2014-06-20 00:14:00,32.207,0.10269311214,0.75,0,0.0
2014-06-20 00:19:00,30.832,0.10269311214,0.0,0,0.0
2014-06-20 00:24:00,29.834,0.10269311214,0.0,0,0.0
2014-06-20 00:29:00,31.458,0.10269311214,0.0,0,0.0
2014-06-20 00:34:00,30.214,0.10269311214,0.0,0,0.0
2014-06-20 00:39:00,29.887,0.10269311214,0.0,0,0.0
2014-06-20 00:44:00,31.068,0.10269311214,0.0,0,0.0
2014-06-20 00:49:00,30.379,0.10269311214,0.0,0,0.0
2014-06-20 00:54:00,29.952,0.10269311214,0.0,0,0.0
2014-06-20 00:59:00,33.532,0.0851729525056,0.0,0,0.0
2014-06-20 01:04:00,43.999,0.0626472559179,0.0,0,0.0
2014-06-20 01:09:00,86.12,0.0593164396241,0.0250000003725,0,0.0
2014-06-20 01:14:00,32.212,0.0593164396241,0.0,0,0.0
2014-06-20 01:19:00,29.667,0.0593164396241,0.0,0,0.0
2014-06-20 01:24:00,30.665,0.0593164396241,0.0,0,0.0
2014-06-20 01:29:00,31.288,0.0593164396241,0.0,0,0.0
2014-06-20 01:34:00,30.385,0.0593164396241,0.0,0,0.0
2014-06-20 01:39:00,31.131,0.0593164396241,0.0,0,0.0
2014-06-20 01:44:00,31.388,0.0593164396241,0.0,0,0.0
2014-06-20 01:49:00,30.826,0.0593164396241,0.0,0,0.0
2014-06-20 01:54:00,30.669,0.0593164396241,0.0,0,0.0
2014-06-20 01:59:00,32.881,0.0626472559179,0.0,0,0.0
2014-06-20 02:04:00,44.119,0.0626472559179,0.0,0,0.0
2014-06-20 02:09:00,86.333,0.0443973998926,0.15000000596,0,0.0
2014-06-20 02:14:00,32.0,0.0443973998926,0.0,0,0.0
2014-06-20 02:19:00,30.501,0.0443973998926,0.0,0,0.0
2014-06-20 02:24:00,29.837,0.0443973998926,0.0,0,0.0
2014-06-20 02:29:00,31.113,0.0443973998926,0.0,0,0.0
2014-06-20 02:34:00,30.049,0.0443973998926,0.0,0,0.0
2014-06-20 02:39:00,30.501,0.0443973998926,0.0,0,0.0
2014-06-20 02:44:00,31.509,0.0443973998926,0.0,0,0.0
2014-06-20 02:49:00,30.218,0.0443973998926,0.0,0,0.0
2014-06-20 02:54:00,29.903,0.0443973998926,0.0,0,0.0
2014-06-20 02:59:00,33.235,0.0626472559179,0.0,0,0.0
2014-06-20 03:04:00,44.289,0.0626472559179,0.0,0,0.0
2014-06-20 03:09:00,85.948,0.0593164396241,0.0250000003725,0,0.0
2014-06-20 03:14:00,31.785,0.053006164226,0.0500000007451,0,0.0
2014-06-20 03:19:00,30.833,0.053006164226,0.0,0,0.0
2014-06-20 03:24:00,31.714,0.053006164226,0.0,0,0.0
2014-06-20 03:29:00,31.357,0.053006164226,0.0,0,0.0
2014-06-20 03:34:00,34.618,0.0500238620835,0.0250000003725,0,0.0
2014-06-20 03:39:00,34.09,0.0471547952075,0.0250000003725,0,0.0
2014-06-20 03:44:00,31.729,0.0471547952075,0.0,0,0.0
2014-06-20 03:49:00,29.098,0.0471547952075,0.0,0,0.0
2014-06-20 03:54:00,30.286,0.0471547952075,0.0,0,0.0
2014-06-20 03:59:00,33.5,0.0500238620835,0.0,0,0.0
2014-06-20 04:04:00,43.671,0.0561032070746,0.0,0,0.0
2014-06-20 04:09:00,65.166,0.0561032070746,0.0,0,0.0
2014-06-20 04:14:00,31.165,0.0561032070746,0.0,0,0.0
2014-06-20 04:19:00,30.17,0.0561032070746,0.0,0,0.0
2014-06-20 04:24:00,30.053,0.0593164396241,0.0,0,0.0
2014-06-20 04:29:00,31.074,0.0626472559179,0.0,0,0.0
2014-06-20 04:34:00,30.211,0.0626472559179,0.0,0,0.0
2014-06-20 04:39:00,29.953,0.0626472559179,0.0,0,0.0
2014-06-20 04:44:00,31.999,0.0626472559179,0.0,0,0.0
2014-06-20 04:49:00,29.314,0.0626472559179,0.0,0,0.0
2014-06-20 04:54:00,30.724,0.0625789758247,0.0,0,0.0
2014-06-20 04:59:00,33.094,0.0625789758247,0.0,0,0.0
2014-06-20 05:04:00,44.264,0.0625789758247,0.0,0,0.0
2014-06-20 05:09:00,86.0,0.0443701840518,0.15000000596,0,0.0
2014-06-20 05:14:00,31.429,0.0443701840518,0.0,0,0.0
2014-06-20 05:19:00,30.205,0.0443701840518,0.0,0,0.0
2014-06-20 05:24:00,29.833,0.0443701840518,0.0,0,0.0
2014-06-20 05:29:00,31.332,0.0443701840518,0.0,0,0.0
2014-06-20 05:34:00,30.001,0.0443701840518,0.0,0,0.0
2014-06-20 05:39:00,30.17,0.0443701840518,0.0,0,0.0
2014-06-20 05:44:00,31.318,0.0443701840518,0.0,0,0.0
2014-06-20 05:49:00,30.124,0.0443701840518,0.0,0,0.0
2014-06-20 05:54:00,30.054,0.0443701840518,0.0,0,0.0
2014-06-20 05:59:00,33.332,0.0625789758247,0.0,0,0.0
2014-06-20 06:04:00,44.333,0.0625789758247,0.0,0,0.0
2014-06-20 06:09:00,60.667,0.0625789758247,0.0,0,0.0
2014-06-20 06:14:00,30.498,0.0625789758247,0.0,0,0.0
2014-06-20 06:19:00,30.218,0.0625789758247,0.0,0,0.0
2014-06-20 06:24:00,30.15,0.0625789758247,0.0,0,0.0
2014-06-20 06:29:00,31.333,0.0625789758247,0.0,0,0.0
2014-06-20 06:34:00,31.45,0.0625789758247,0.0,0,0.0
2014-06-20 06:39:00,29.549,0.0625789758247,0.0,0,0.0
2014-06-20 06:44:00,31.645,0.0625789758247,0.0,0,0.0
2014-06-20 06:49:00,30.443,0.0625789758247,0.0,0,0.0
2014-06-20 06:54:00,30.168,0.0625789758247,0.0,0,0.0
2014-06-20 06:59:00,33.043,0.0625789758247,0.0,0,0.0
2014-06-20 07:04:00,44.384,0.0625789758247,0.0,0,0.0
2014-06-20 07:09:00,86.0,0.0499845771829,0.10000000149,0,0.0
2014-06-20 07:14:00,31.303,0.0499845771829,0.0,0,0.0
2014-06-20 07:19:00,30.167,0.0499845771829,0.0,0,0.0
2014-06-20 07:24:00,30.213,0.0499845771829,0.0,0,0.0
2014-06-20 07:29:00,30.942,0.0499845771829,0.0,0,0.0
2014-06-20 07:34:00,30.213,0.0499845771829,0.0,0,0.0
2014-06-20 07:39:00,29.9,0.0499845771829,0.0,0,0.0
2014-06-20 07:44:00,31.543,0.0499845771829,0.0,0,0.0
2014-06-20 07:49:00,30.157,0.0499845771829,0.0,0,0.0
2014-06-20 07:54:00,29.94,0.0499845771829,0.0,0,0.0
2014-06-20 07:59:00,34.336,0.0625789758247,0.0,0,0.0
2014-06-20 08:04:00,43.382,0.0625789758247,0.0,0,0.0
2014-06-20 08:09:00,65.0,0.0625789758247,0.0,0,0.0
2014-06-20 08:14:00,30.844,0.0625789758247,0.0,0,0.0
2014-06-20 08:19:00,31.0,0.0625789758247,0.0,0,0.0
2014-06-20 08:24:00,29.501,0.0625789758247,0.0,0,0.0
2014-06-20 08:29:00,32.334,0.0625789758247,0.0,0,0.0
2014-06-20 08:34:00,29.499,0.0625789758247,0.0,0,0.0
2014-06-20 08:39:00,29.666,0.0625789758247,0.0,0,0.0
2014-06-20 08:44:00,31.119,0.0625789758247,0.0,0,0.0
2014-06-20 08:49:00,30.166,0.0625789758247,0.0,0,0.0
2014-06-20 08:54:00,30.053,0.0625789758247,0.0,0,0.0
2014-06-20 08:59:00,32.836,0.0625789758247,0.0,0,0.0
2014-06-20 09:04:00,45.786,0.0625789758247,0.0,0,0.0
2014-06-20 09:09:00,92.833,0.0367667350951,0.22499999404,0,0.0
2014-06-20 09:14:00,31.35,0.0367667350951,0.0,0,0.0
2014-06-20 09:19:00,30.166,0.0367667350951,0.0,0,0.0
2014-06-20 09:24:00,30.165,0.0367667350951,0.0,0,0.0
2014-06-20 09:29:00,31.622,0.0367667350951,0.0,0,0.0
2014-06-20 09:34:00,30.058,0.0367667350951,0.0,0,0.0
2014-06-20 09:39:00,30.448,0.0367667350951,0.0,0,0.0
2014-06-20 09:44:00,31.159,0.0367667350951,0.0,0,0.0
2014-06-20 09:49:00,29.872,0.0367667350951,0.0,0,0.0
2014-06-20 09:54:00,29.783,0.0367667350951,0.0,0,0.0
2014-06-20 09:59:00,33.568,0.0625789758247,0.0,0,0.0
2014-06-20 10:04:00,44.668,0.0625789758247,0.0,0,0.0
2014-06-20 10:09:00,59.668,0.0625789758247,0.0,0,0.0
2014-06-20 10:14:00,31.499,0.0625789758247,0.0,0,0.0
2014-06-20 10:19:00,30.176,0.0625789758247,0.0,0,0.0
2014-06-20 10:24:00,31.166,0.0625789758247,0.0,0,0.0
2014-06-20 10:29:00,30.007,0.0625789758247,0.0,0,0.0
2014-06-20 10:34:00,30.454,0.0625789758247,0.0,0,0.0
2014-06-20 10:39:00,30.214,0.0625789758247,0.0,0,0.0
2014-06-20 10:44:00,30.499,0.0625789758247,0.0,0,0.0
2014-06-20 10:49:00,30.332,0.0625789758247,0.0,0,0.0
2014-06-20 10:54:00,30.444,0.0625789758247,0.0,0,0.0
2014-06-20 10:59:00,33.035,0.0625789758247,0.0,0,0.0
2014-06-20 11:04:00,43.652,0.0625789758247,0.0,0,0.0
2014-06-20 11:09:00,64.333,0.0625789758247,0.0,0,0.0
2014-06-20 11:14:00,31.346,0.0625789758247,0.0,0,0.0
2014-06-20 11:19:00,30.983,0.0625789758247,0.0,0,0.0
2014-06-20 11:24:00,29.499,0.0625789758247,0.0,0,0.0
2014-06-20 11:29:00,31.662,0.0625789758247,0.0,0,0.0
2014-06-20 11:34:00,30.284,0.0625789758247,0.0,0,0.0
2014-06-20 11:39:00,30.668,0.0625789758247,0.0,0,0.0
2014-06-20 11:44:00,31.21,0.0625789758247,0.0,0,0.0
2014-06-20 11:49:00,30.668,0.0625789758247,0.0,0,0.0
2014-06-20 11:54:00,30.049,0.0625789758247,0.0,0,0.0
2014-06-20 11:59:00,32.957,0.0625789758247,0.0,0,0.0
2014-06-20 12:04:00,44.087,0.0625789758247,0.0,0,0.0
2014-06-20 12:09:00,86.833,0.0625789758247,0.0,0,0.0
2014-06-20 12:14:00,31.162,0.0625789758247,0.0,0,0.0
2014-06-20 12:19:00,29.668,0.0625789758247,0.0,0,0.0
2014-06-20 12:24:00,31.091,0.0625789758247,0.0,0,0.0
2014-06-20 12:29:00,31.544,0.0625789758247,0.0,0,0.0
2014-06-20 12:34:00,29.619,0.0625789758247,0.0,0,0.0
2014-06-20 12:39:00,29.382,0.0625789758247,0.0,0,0.0
2014-06-20 12:44:00,31.388,0.0592560317047,0.0250000003725,0,0.0
2014-06-20 12:49:00,30.327,0.0592560317047,0.0,0,0.0
2014-06-20 12:54:00,30.111,0.0592560317047,0.0,0,0.0
2014-06-20 12:59:00,32.499,0.0592560317047,0.0,0,0.0
2014-06-20 13:04:00,45.333,0.0592560317047,0.0,0,0.0
2014-06-20 13:09:00,64.948,0.0560502516479,0.0250000003725,0,0.0
2014-06-20 13:14:00,32.503,0.0559214523042,0.0,0,0.0
2014-06-20 13:19:00,29.539,0.0559214523042,0.0,0,0.0
2014-06-20 13:24:00,29.988,0.0559214523042,0.0,0,0.0
2014-06-20 13:29:00,31.832,0.0559214523042,0.0,0,0.0
2014-06-20 13:34:00,29.455,0.0591091177159,0.0,0,0.0
2014-06-20 13:39:00,30.263,0.0591091177159,0.0,0,0.0
2014-06-20 13:44:00,31.255,0.0591091177159,0.0,0,0.0
2014-06-20 13:49:00,30.82,0.0559214523042,0.0250000003725,0,0.0
2014-06-20 13:54:00,29.771,0.0559214523042,0.0,0,0.0
2014-06-20 13:59:00,32.881,0.0591091177159,0.0,0,0.0
2014-06-20 14:04:00,44.164,0.0591091177159,0.0,0,0.0
2014-06-20 14:09:00,92.833,0.0591091177159,0.0,0,0.0
2014-06-20 14:14:00,31.145,0.0559214523042,0.0250000003725,0,0.0
2014-06-20 14:19:00,30.332,0.0559214523042,0.0,0,0.0
2014-06-20 14:24:00,31.11,0.0559214523042,0.0,0,0.0
2014-06-20 14:29:00,30.713,0.0559214523042,0.0,0,0.0
2014-06-20 14:34:00,30.051,0.0559214523042,0.0,0,0.0
2014-06-20 14:39:00,29.89,0.0591091177159,0.0,0,0.0
2014-06-20 14:44:00,32.045,0.0591091177159,0.0,0,0.0
2014-06-20 14:49:00,29.287,0.0591091177159,0.0,0,0.0
2014-06-20 14:54:00,30.217,0.0591091177159,0.0,0,0.0
2014-06-20 14:59:00,33.517,0.0591091177159,0.0,0,0.0
2014-06-20 15:04:00,43.67,0.0624129287519,0.0,0,0.0
2014-06-20 15:09:00,92.833,0.0624129287519,0.0,0,0.0
2014-06-20 15:14:00,31.114,0.0624129287519,0.0,0,0.0
2014-06-20 15:19:00,30.289,0.0624129287519,0.0,0,0.0
2014-06-20 15:24:00,29.88,0.0624129287519,0.0,0,0.0
2014-06-20 15:29:00,31.508,0.0624129287519,0.0,0,0.0
2014-06-20 15:34:00,30.385,0.0624129287519,0.0,0,0.0
2014-06-20 15:39:00,30.272,0.0624129287519,0.0,0,0.0
2014-06-20 15:44:00,32.165,0.0624129287519,0.0,0,0.0
2014-06-20 15:49:00,31.501,0.0591091177159,0.0250000003725,0,0.0
2014-06-20 15:54:00,29.165,0.0591091177159,0.0,0,0.0
2014-06-20 15:59:00,34.947,0.0559214523042,0.0250000003725,0,0.0
2014-06-20 16:04:00,43.881,0.0559214523042,0.0,0,0.0
2014-06-20 16:09:00,92.833,0.0559214523042,0.0,0,0.0
2014-06-20 16:14:00,31.453,0.0528485592283,0.0250000003725,0,0.0
2014-06-20 16:19:00,31.665,0.049889011419,0.0250000003725,0,0.0
2014-06-20 16:24:00,29.85,0.049889011419,0.0,0,0.0
2014-06-20 16:29:00,31.008,0.049889011419,0.0,0,0.0
2014-06-20 16:34:00,29.952,0.049889011419,0.0,0,0.0
2014-06-20 16:39:00,30.373,0.0528485592283,0.0,0,0.0
2014-06-20 16:44:00,30.843,0.0528485592283,0.0,0,0.0
2014-06-20 16:49:00,30.157,0.0559214523042,0.0,0,0.0
2014-06-20 16:54:00,29.954,0.0559214523042,0.0,0,0.0
2014-06-20 16:59:00,33.714,0.0559214523042,0.0,0,0.0
2014-06-20 17:04:00,43.616,0.0591091177159,0.0,0,0.0
2014-06-20 17:09:00,59.545,0.0624129287519,0.0,0,0.0
2014-06-20 17:14:00,31.114,0.0624129287519,0.0,0,0.0
2014-06-20 17:19:00,30.334,0.0624129287519,0.0,0,0.0
2014-06-20 17:24:00,30.119,0.0624129287519,0.0,0,0.0
2014-06-20 17:29:00,32.223,0.0624129287519,0.0,0,0.0
2014-06-20 17:34:00,29.991,0.0624129287519,0.0,0,0.0
2014-06-20 17:39:00,29.49,0.0624129287519,0.0,0,0.0
2014-06-20 17:44:00,31.843,0.0624129287519,0.0,0,0.0
2014-06-20 17:49:00,30.336,0.0624129287519,0.0,0,0.0
2014-06-20 17:54:00,29.506,0.0624129287519,0.0,0,0.0
2014-06-20 17:59:00,32.926,0.0624129287519,0.0,0,0.0
2014-06-20 18:04:00,44.546,0.0624129287519,0.0,0,0.0
2014-06-20 18:09:00,64.451,0.0624129287519,0.0,0,0.0
2014-06-20 18:14:00,32.709,0.0624129287519,0.0,0,0.0
2014-06-20 18:19:00,29.001,0.0624129287519,0.0,0,0.0
2014-06-20 18:24:00,30.497,0.0624129287519,0.0,0,0.0
2014-06-20 18:29:00,31.826,0.0624129287519,0.0,0,0.0
2014-06-20 18:34:00,30.221,0.0624129287519,0.0,0,0.0
2014-06-20 18:39:00,29.663,0.0624129287519,0.0,0,0.0
2014-06-20 18:44:00,31.225,0.0624129287519,0.0,0,0.0
2014-06-20 18:49:00,30.287,0.0624129287519,0.0,0,0.0
2014-06-20 18:54:00,29.715,0.0624129287519,0.0,0,0.0
2014-06-20 18:59:00,32.809,0.0624129287519,0.0,0,0.0
2014-06-20 19:04:00,44.45,0.0624129287519,0.0,0,0.0
2014-06-20 19:09:00,92.833,0.0624129287519,0.0,0,0.0
2014-06-20 19:14:00,30.953,0.0624129287519,0.0,0,0.0
2014-06-20 19:19:00,31.832,0.0624129287519,0.0,0,0.0
2014-06-20 19:24:00,29.981,0.0624129287519,0.0,0,0.0
2014-06-20 19:29:00,73.333,0.132005928322,1.0,0,0.0
2014-06-20 19:34:00,100.0,0.213349215077,0.324999988079,0,0.0
2014-06-20 19:39:00,65.098,0.243078394925,0.10000000149,0,0.0
2014-06-20 19:44:00,32.119,0.243078394925,0.0,0,0.0
2014-06-20 19:49:00,29.953,0.243078394925,0.0,0,0.0
2014-06-20 19:54:00,30.187,0.243078394925,0.0,0,0.0
2014-06-20 19:59:00,33.377,0.243078394925,0.0,0,0.0
2014-06-20 20:04:00,44.27,0.355400375799,0.324999988079,0,0.0
2014-06-20 20:09:00,100.0,0.492178308038,0.324999988079,0,0.0
2014-06-20 20:14:00,32.5,0.492178308038,0.0,0,0.0
2014-06-20 20:19:00,29.955,0.148738267541,0.0,0,0.0
2014-06-20 20:24:00,30.213,0.0847453629331,0.0,0,0.0
2014-06-20 20:29:00,31.279,0.0693742174677,0.0,0,0.0
2014-06-20 20:34:00,30.217,0.0693742174677,0.0,0,0.0
2014-06-20 20:39:00,30.953,0.0693742174677,0.0,0,0.0
2014-06-20 20:44:00,31.217,0.0693742174677,0.0,0,0.0
2014-06-20 20:49:00,29.458,0.0693742174677,0.0,0,0.0
2014-06-20 20:54:00,29.832,0.0322140472726,0.0,0,0.0
2014-06-20 20:59:00,34.116,0.0624129287519,0.0,0,0.0
2014-06-20 21:04:00,43.533,0.0624129287519,0.0,0,0.0
2014-06-20 21:09:00,92.833,0.0624129287519,0.0,0,0.0
2014-06-20 21:14:00,31.547,0.0624129287519,0.0,0,0.0
2014-06-20 21:19:00,30.175,0.0624129287519,0.0,0,0.0
2014-06-20 21:24:00,30.662,0.0624129287519,0.0,0,0.0
2014-06-20 21:29:00,31.834,0.0591091177159,0.0250000003725,0,0.0
2014-06-20 21:34:00,30.169,0.0589856177354,0.0,0,0.0
2014-06-20 21:39:00,31.168,0.055813168939,0.0250000003725,0,0.0
2014-06-20 21:44:00,30.494,0.055813168939,0.0,0,0.0
2014-06-20 21:49:00,30.0,0.055813168939,0.0,0,0.0
2014-06-20 21:54:00,30.154,0.055813168939,0.0,0,0.0
2014-06-20 21:59:00,33.989,0.055813168939,0.0,0,0.0
2014-06-20 22:04:00,43.667,0.055813168939,0.0,0,0.0
2014-06-20 22:09:00,64.833,0.055813168939,0.0,0,0.0
2014-06-20 22:14:00,30.959,0.055813168939,0.0,0,0.0
2014-06-20 22:19:00,30.767,0.0589856177354,0.0,0,0.0
2014-06-20 22:24:00,30.727,0.0589856177354,0.0,0,0.0
2014-06-20 22:29:00,31.273,0.0622733584892,0.0,0,0.0
2014-06-20 22:34:00,30.273,0.0622733584892,0.0,0,0.0
2014-06-20 22:39:00,30.807,0.0622733584892,0.0,0,0.0
2014-06-20 22:44:00,31.112,0.0622733584892,0.0,0,0.0
2014-06-20 22:49:00,30.052,0.0622733584892,0.0,0,0.0
2014-06-20 22:54:00,30.284,0.0622733584892,0.0,0,0.0
2014-06-20 22:59:00,33.05,0.0622733584892,0.0,0,0.0
2014-06-20 23:04:00,44.621,0.0622733584892,0.0,0,0.0
2014-06-20 23:09:00,92.833,0.0622733584892,0.0,0,0.0
2014-06-20 23:14:00,32.0,0.0622733584892,0.0,0,0.0
2014-06-20 23:19:00,30.659,0.0622733584892,0.0,0,0.0
2014-06-20 23:24:00,30.456,0.0622733584892,0.0,0,0.0
2014-06-20 23:29:00,31.04,0.0622733584892,0.0,0,0.0
2014-06-20 23:34:00,30.29,0.0622733584892,0.0,0,0.0
2014-06-20 23:39:00,29.787,0.0622733584892,0.0,0,0.0
2014-06-20 23:44:00,31.381,0.0622733584892,0.0,0,0.0
2014-06-20 23:49:00,30.497,0.0622733584892,0.0,0,0.0
2014-06-20 23:54:00,29.833,0.0622733584892,0.0,0,0.0
2014-06-20 23:59:00,32.315,0.0622733584892,0.0,0,0.0
2014-06-21 00:04:00,43.88,0.0622733584892,0.0,0,0.0
2014-06-21 00:09:00,92.833,0.0622733584892,0.0,0,0.0
2014-06-21 00:14:00,31.387,0.0622733584892,0.0,0,0.0
2014-06-21 00:19:00,30.237,0.0622733584892,0.0,0,0.0
2014-06-21 00:24:00,30.439,0.0622733584892,0.0,0,0.0
2014-06-21 00:29:00,32.041,0.0622733584892,0.0,0,0.0
2014-06-21 00:34:00,31.669,0.0589856177354,0.0250000003725,0,0.0
2014-06-21 00:39:00,29.203,0.0589856177354,0.0,0,0.0
2014-06-21 00:44:00,31.498,0.0589856177354,0.0,0,0.0
2014-06-21 00:49:00,29.498,0.0589856177354,0.0,0,0.0
2014-06-21 00:54:00,30.286,0.0589856177354,0.0,0,0.0
2014-06-21 00:59:00,33.333,0.0589856177354,0.0,0,0.0
2014-06-21 01:04:00,44.047,0.0589856177354,0.0,0,0.0
2014-06-21 01:09:00,100.0,0.0527546511165,0.0500000007451,0,0.0
2014-06-21 01:14:00,30.955,0.0527546511165,0.0,0,0.0
2014-06-21 01:19:00,30.549,0.0527546511165,0.0,0,0.0
2014-06-21 01:24:00,30.288,0.055813168939,0.0,0,0.0
2014-06-21 01:29:00,31.88,0.055813168939,0.0,0,0.0
2014-06-21 01:34:00,29.833,0.055813168939,0.0,0,0.0
2014-06-21 01:39:00,30.336,0.055813168939,0.0,0,0.0
2014-06-21 01:44:00,31.329,0.055813168939,0.0,0,0.0
2014-06-21 01:49:00,29.667,0.055813168939,0.0,0,0.0
2014-06-21 01:54:00,30.999,0.055813168939,0.0,0,0.0
2014-06-21 01:59:00,32.67,0.0622733584892,0.0,0,0.0
2014-06-21 02:04:00,44.832,0.0622733584892,0.0,0,0.0
2014-06-21 02:09:00,65.16,0.0589856177354,0.0250000003725,0,0.0
2014-06-21 02:14:00,32.006,0.0589856177354,0.0,0,0.0
2014-06-21 02:19:00,30.119,0.0589856177354,0.0,0,0.0
2014-06-21 02:24:00,31.214,0.055813168939,0.0250000003725,0,0.0
2014-06-21 02:29:00,31.135,0.055813168939,0.0,0,0.0
2014-06-21 02:34:00,30.268,0.055813168939,0.0,0,0.0
2014-06-21 02:39:00,30.171,0.055813168939,0.0,0,0.0
2014-06-21 02:44:00,31.497,0.055813168939,0.0,0,0.0
2014-06-21 02:49:00,30.278,0.055813168939,0.0,0,0.0
2014-06-21 02:54:00,29.664,0.055813168939,0.0,0,0.0
2014-06-21 02:59:00,33.288,0.0589856177354,0.0,0,0.0
2014-06-21 03:04:00,44.832,0.0589856177354,0.0,0,0.0
2014-06-21 03:09:00,100.0,0.0527546511165,0.0500000007451,0,0.0
2014-06-21 03:14:00,31.26,0.0527546511165,0.0250000003725,0,0.0
2014-06-21 03:19:00,30.715,0.0527546511165,0.0,0,0.0
2014-06-21 03:24:00,30.165,0.0527546511165,0.0,0,0.0
2014-06-21 03:29:00,33.115,0.0527546511165,0.0,0,0.0
2014-06-21 03:34:00,29.225,0.0527546511165,0.0,0,0.0
2014-06-21 03:39:00,30.497,0.0527546511165,0.0,0,0.0
2014-06-21 03:44:00,31.166,0.0527546511165,0.0,0,0.0
2014-06-21 03:49:00,34.052,0.0527546511165,0.0,0,0.0
2014-06-21 03:54:00,31.22,0.0527546511165,0.0,0,0.0
2014-06-21 03:59:00,32.278,0.0589856177354,0.0,0,0.0
2014-06-21 04:04:00,44.778,0.0622733584892,0.0,0,0.0
2014-06-21 04:09:00,92.833,0.0622733584892,0.0,0,0.0
2014-06-21 04:14:00,31.834,0.0622733584892,0.0,0,0.0
2014-06-21 04:19:00,30.277,0.0622733584892,0.0,0,0.0
2014-06-21 04:24:00,34.17,0.0589856177354,0.0250000003725,0,0.0
2014-06-21 04:29:00,31.339,0.0589856177354,0.0,0,0.0
2014-06-21 04:34:00,29.984,0.0589856177354,0.0,0,0.0
2014-06-21 04:39:00,29.461,0.0589856177354,0.0,0,0.0
2014-06-21 04:44:00,30.88,0.0589856177354,0.0,0,0.0
2014-06-21 04:49:00,30.169,0.0589856177354,0.0,0,0.0
2014-06-21 04:54:00,29.837,0.0589856177354,0.0,0,0.0
2014-06-21 04:59:00,32.667,0.0589856177354,0.0,0,0.0
2014-06-21 05:04:00,45.166,0.0589856177354,0.0,0,0.0
2014-06-21 05:09:00,100.0,0.0527546511165,0.0500000007451,0,0.0
2014-06-21 05:14:00,31.368,0.055813168939,0.0,0,0.0
2014-06-21 05:19:00,30.894,0.055813168939,0.0,0,0.0
2014-06-21 05:24:00,29.099,0.055813168939,0.0,0,0.0
2014-06-21 05:29:00,31.722,0.055813168939,0.0,0,0.0
2014-06-21 05:34:00,30.007,0.055813168939,0.0,0,0.0
2014-06-21 05:39:00,31.157,0.055813168939,0.0,0,0.0
2014-06-21 05:44:00,30.539,0.055813168939,0.0,0,0.0
2014-06-21 05:49:00,29.981,0.055813168939,0.0,0,0.0
2014-06-21 05:54:00,30.165,0.0561278523551,0.0,0,0.0
2014-06-21 05:59:00,32.665,0.062679035307,0.0,0,0.0
2014-06-21 06:04:00,44.334,0.062679035307,0.0,0,0.0
2014-06-21 06:09:00,100.0,0.0593445542054,0.0250000003725,0,0.0
2014-06-21 06:14:00,31.379,0.0593445542054,0.0,0,0.0
2014-06-21 06:19:00,29.613,0.0593445542054,0.0,0,0.0
2014-06-21 06:24:00,30.001,0.0593445542054,0.0,0,0.0
2014-06-21 06:29:00,31.715,0.0593445542054,0.0,0,0.0
2014-06-21 06:34:00,29.618,0.0593445542054,0.0,0,0.0
2014-06-21 06:39:00,30.047,0.0593445542054,0.0,0,0.0
2014-06-21 06:44:00,31.167,0.0593445542054,0.0,0,0.0
2014-06-21 06:49:00,29.953,0.0593445542054,0.0,0,0.0
2014-06-21 06:54:00,31.048,0.0593445542054,0.0,0,0.0
2014-06-21 06:59:00,32.165,0.062679035307,0.0,0,0.0
2014-06-21 07:04:00,44.384,0.062679035307,0.0,0,0.0
2014-06-21 07:09:00,100.0,0.0593445542054,0.0250000003725,0,0.0
2014-06-21 07:14:00,31.512,0.0593445542054,0.0,0,0.0
2014-06-21 07:19:00,30.786,0.0593445542054,0.0,0,0.0
2014-06-21 07:24:00,29.716,0.0593445542054,0.0,0,0.0
2014-06-21 07:29:00,31.214,0.0593445542054,0.0,0,0.0
2014-06-21 07:34:00,29.557,0.0593445542054,0.0,0,0.0
2014-06-21 07:39:00,30.215,0.0593445542054,0.0,0,0.0
2014-06-21 07:44:00,31.493,0.0593445542054,0.0,0,0.0
2014-06-21 07:49:00,29.949,0.0593445542054,0.0,0,0.0
2014-06-21 07:54:00,30.718,0.0593445542054,0.0,0,0.0
2014-06-21 07:59:00,31.666,0.062679035307,0.0,0,0.0
2014-06-21 08:04:00,44.5,0.062679035307,0.0,0,0.0
2014-06-21 08:09:00,100.0,0.0593445542054,0.0250000003725,0,0.0
2014-06-21 08:14:00,31.56,0.0561278523551,0.0250000003725,0,0.0
2014-06-21 08:19:00,31.332,0.0561278523551,0.0,0,0.0
2014-06-21 08:24:00,28.621,0.0561278523551,0.0,0,0.0
2014-06-21 08:29:00,32.835,0.0561278523551,0.0,0,0.0
2014-06-21 08:34:00,28.855,0.0561278523551,0.0,0,0.0
2014-06-21 08:39:00,29.962,0.0561278523551,0.0,0,0.0
2014-06-21 08:44:00,31.204,0.0561278523551,0.0,0,0.0
2014-06-21 08:49:00,30.444,0.0561278523551,0.0,0,0.0
2014-06-21 08:54:00,29.168,0.0561278523551,0.0,0,0.0
2014-06-21 08:59:00,32.72,0.0593445542054,0.0,0,0.0
2014-06-21 09:04:00,45.105,0.062679035307,0.0,0,0.0
2014-06-21 09:09:00,64.829,0.0593445542054,0.0250000003725,0,0.0
2014-06-21 09:14:00,38.135,0.0500421433479,0.47499999404,0,0.0
2014-06-21 09:19:00,29.883,0.0500421433479,0.0,0,0.0
2014-06-21 09:24:00,30.065,0.0500421433479,0.0,0,0.0
2014-06-21 09:29:00,31.387,0.0500421433479,0.0,0,0.0
2014-06-21 09:34:00,29.668,0.0500421433479,0.0,0,0.0
2014-06-21 09:39:00,30.124,0.0500421433479,0.0,0,0.0
2014-06-21 09:44:00,31.057,0.0500421433479,0.0,0,0.0
2014-06-21 09:49:00,30.665,0.0500421433479,0.0,0,0.0
2014-06-21 09:54:00,29.782,0.0500421433479,0.0,0,0.0
2014-06-21 09:59:00,33.021,0.0471701761209,0.0,0,0.0
2014-06-21 10:04:00,45.217,0.062679035307,0.0,0,0.0
2014-06-21 10:09:00,100.0,0.062679035307,0.0,0,0.0
2014-06-21 10:14:00,31.942,0.0593445542054,0.0250000003725,0,0.0
2014-06-21 10:19:00,29.876,0.0593445542054,0.0,0,0.0
2014-06-21 10:24:00,30.334,0.0593445542054,0.0,0,0.0
2014-06-21 10:29:00,31.327,0.0593445542054,0.0,0,0.0
2014-06-21 10:34:00,29.702,0.0593445542054,0.0,0,0.0
2014-06-21 10:39:00,30.947,0.0593445542054,0.0,0,0.0
2014-06-21 10:44:00,30.331,0.0593445542054,0.0,0,0.0
2014-06-21 10:49:00,30.151,0.0593445542054,0.0,0,0.0
2014-06-21 10:54:00,30.115,0.0593445542054,0.0,0,0.0
2014-06-21 10:59:00,33.197,0.0593445542054,0.0,0,0.0
2014-06-21 11:04:00,44.496,0.062679035307,0.0,0,0.0
2014-06-21 11:09:00,66.833,0.062679035307,0.0,0,0.0
2014-06-21 11:14:00,31.498,0.062679035307,0.0,0,0.0
2014-06-21 11:19:00,29.95,0.062679035307,0.0,0,0.0
2014-06-21 11:24:00,30.668,0.062679035307,0.0,0,0.0
2014-06-21 11:29:00,31.184,0.062679035307,0.0,0,0.0
2014-06-21 11:34:00,29.693,0.062679035307,0.0,0,0.0
2014-06-21 11:39:00,30.166,0.062679035307,0.0,0,0.0
2014-06-21 11:44:00,31.156,0.062679035307,0.0,0,0.0
2014-06-21 11:49:00,30.287,0.062679035307,0.0,0,0.0
2014-06-21 11:54:00,30.05,0.062679035307,0.0,0,0.0
2014-06-21 11:59:00,32.832,0.062679035307,0.0,0,0.0
2014-06-21 12:04:00,45.434,0.062679035307,0.0,0,0.0
2014-06-21 12:09:00,65.115,0.062679035307,0.0,0,0.0
2014-06-21 12:14:00,31.188,0.062679035307,0.0,0,0.0
2014-06-21 12:19:00,30.667,0.062679035307,0.0,0,0.0
2014-06-21 12:24:00,29.666,0.062679035307,0.0,0,0.0
2014-06-21 12:29:00,31.837,0.062679035307,0.0,0,0.0
2014-06-21 12:34:00,29.003,0.062679035307,0.0,0,0.0
2014-06-21 12:39:00,30.168,0.062679035307,0.0,0,0.0
2014-06-21 12:44:00,31.329,0.062679035307,0.0,0,0.0
2014-06-21 12:49:00,29.999,0.062679035307,0.0,0,0.0
2014-06-21 12:54:00,29.788,0.062679035307,0.0,0,0.0
2014-06-21 12:59:00,33.886,0.062679035307,0.0,0,0.0
2014-06-21 13:04:00,43.631,0.062679035307,0.0,0,0.0
2014-06-21 13:09:00,100.0,0.062679035307,0.0,0,0.0
2014-06-21 13:14:00,31.404,0.0561278523551,0.0500000007451,0,0.0
2014-06-21 13:19:00,30.169,0.0561278523551,0.0,0,0.0
2014-06-21 13:24:00,30.779,0.0561278523551,0.0,0,0.0
2014-06-21 13:29:00,30.999,0.0561278523551,0.0,0,0.0
2014-06-21 13:34:00,29.792,0.0561278523551,0.0,0,0.0
2014-06-21 13:39:00,30.361,0.0561278523551,0.0,0,0.0
2014-06-21 13:44:00,30.937,0.0561278523551,0.0,0,0.0
2014-06-21 13:49:00,31.195,0.0530275328889,0.0250000003725,0,0.0
2014-06-21 13:54:00,29.115,0.0530275328889,0.0,0,0.0
2014-06-21 13:59:00,32.382,0.0530275328889,0.0,0,0.0
2014-06-21 14:04:00,44.501,0.0593445542054,0.0,0,0.0
2014-06-21 14:09:00,100.0,0.0593445542054,0.0,0,0.0
2014-06-21 14:14:00,38.499,0.0555047181867,0.0250000003725,0,0.0
2014-06-21 14:19:00,30.452,0.0555047181867,0.0,0,0.0
2014-06-21 14:24:00,29.878,0.0555047181867,0.0,0,0.0
2014-06-21 14:29:00,31.22,0.0555047181867,0.0,0,0.0
2014-06-21 14:34:00,29.616,0.0555047181867,0.0,0,0.0
2014-06-21 14:39:00,30.496,0.0586338851578,0.0,0,0.0
2014-06-21 14:44:00,31.831,0.0586338851578,0.0,0,0.0
2014-06-21 14:49:00,29.832,0.0586338851578,0.0,0,0.0
2014-06-21 14:54:00,30.17,0.0586338851578,0.0,0,0.0
2014-06-21 14:59:00,32.498,0.0586338851578,0.0,0,0.0
2014-06-21 15:04:00,44.722,0.0618759252008,0.0,0,0.0
2014-06-21 15:09:00,100.0,0.0618759252008,0.0,0,0.0
2014-06-21 15:14:00,31.123,0.0467809369865,0.125,0,0.0
2014-06-21 15:19:00,30.549,0.0467809369865,0.0,0,0.0
2014-06-21 15:24:00,29.807,0.0467809369865,0.0,0,0.0
2014-06-21 15:29:00,31.78,0.0467809369865,0.0,0,0.0
2014-06-21 15:34:00,30.327,0.0467809369865,0.0,0,0.0
2014-06-21 15:39:00,30.385,0.0467809369865,0.0,0,0.0
2014-06-21 15:44:00,31.323,0.0467809369865,0.0,0,0.0
2014-06-21 15:49:00,31.115,0.0440894822936,0.0250000003725,0,0.0
2014-06-21 15:54:00,29.03,0.0440894822936,0.0,0,0.0
2014-06-21 15:59:00,32.949,0.0440894822936,0.0,0,0.0
2014-06-21 16:04:00,44.713,0.0586338851578,0.0,0,0.0
2014-06-21 16:09:00,100.0,0.0586338851578,0.0,0,0.0
2014-06-21 16:14:00,37.822,0.0555047181867,0.0250000003725,0,0.0
2014-06-21 16:19:00,30.447,0.0555047181867,0.0,0,0.0
2014-06-21 16:24:00,29.381,0.0555047181867,0.0,0,0.0
2014-06-21 16:29:00,32.168,0.0555047181867,0.0,0,0.0
2014-06-21 16:34:00,29.719,0.0555047181867,0.0,0,0.0
2014-06-21 16:39:00,30.059,0.0586338851578,0.0,0,0.0
2014-06-21 16:44:00,31.056,0.0586338851578,0.0,0,0.0
2014-06-21 16:49:00,30.166,0.0586338851578,0.0,0,0.0
2014-06-21 16:54:00,30.294,0.0586338851578,0.0,0,0.0
2014-06-21 16:59:00,33.058,0.0586338851578,0.0,0,0.0
2014-06-21 17:04:00,44.818,0.0618759252008,0.0,0,0.0
2014-06-21 17:09:00,100.0,0.0586338851578,0.0250000003725,0,0.0
2014-06-21 17:14:00,37.999,0.0586338851578,0.0,0,0.0
2014-06-21 17:19:00,30.329,0.0586338851578,0.0,0,0.0
2014-06-21 17:24:00,31.116,0.0586338851578,0.0,0,0.0
2014-06-21 17:29:00,31.7,0.0586338851578,0.0,0,0.0
2014-06-21 17:34:00,29.5,0.0586338851578,0.0,0,0.0
2014-06-21 17:39:00,30.329,0.0586338851578,0.0,0,0.0
2014-06-21 17:44:00,31.323,0.0586338851578,0.0,0,0.0
2014-06-21 17:49:00,30.499,0.0586338851578,0.0,0,0.0
2014-06-21 17:54:00,29.498,0.0586338851578,0.0,0,0.0
2014-06-21 17:59:00,33.665,0.0618759252008,0.0,0,0.0
2014-06-21 18:04:00,44.111,0.0618759252008,0.0,0,0.0
2014-06-21 18:09:00,100.0,0.0618759252008,0.0,0,0.0
2014-06-21 18:14:00,37.537,0.0618759252008,0.0,0,0.0
2014-06-21 18:19:00,30.773,0.0618759252008,0.0,0,0.0
2014-06-21 18:24:00,30.674,0.0618759252008,0.0,0,0.0
2014-06-21 18:29:00,31.489,0.0618759252008,0.0,0,0.0
2014-06-21 18:34:00,30.023,0.0618759252008,0.0,0,0.0
2014-06-21 18:39:00,30.449,0.0618759252008,0.0,0,0.0
2014-06-21 18:44:00,31.158,0.0618759252008,0.0,0,0.0
2014-06-21 18:49:00,29.839,0.0618759252008,0.0,0,0.0
2014-06-21 18:54:00,30.0,0.0618759252008,0.0,0,0.0
2014-06-21 18:59:00,33.007,0.0618759252008,0.0,0,0.0
2014-06-21 19:04:00,44.842,0.0618759252008,0.0,0,0.0
2014-06-21 19:09:00,100.0,0.0618759252008,0.0,0,0.0
2014-06-21 19:14:00,38.173,0.0586338851578,0.0250000003725,0,0.0
2014-06-21 19:19:00,29.983,0.0586338851578,0.0,0,0.0
2014-06-21 19:24:00,30.339,0.0586338851578,0.0,0,0.0
2014-06-21 19:29:00,31.335,0.0586338851578,0.0,0,0.0
2014-06-21 19:34:00,29.833,0.0586338851578,0.0,0,0.0
2014-06-21 19:39:00,31.173,0.0586338851578,0.0,0,0.0
2014-06-21 19:44:00,30.956,0.0586338851578,0.0,0,0.0
2014-06-21 19:49:00,29.38,0.0586338851578,0.0,0,0.0
2014-06-21 19:54:00,29.812,0.0586338851578,0.0,0,0.0
2014-06-21 19:59:00,32.681,0.0586338851578,0.0,0,0.0
2014-06-21 20:04:00,45.12,0.0618759252008,0.0,0,0.0
2014-06-21 20:09:00,64.673,0.0618759252008,0.0,0,0.0
2014-06-21 20:14:00,31.557,0.0618759252008,0.0,0,0.0
2014-06-21 20:19:00,30.669,0.0618759252008,0.0,0,0.0
2014-06-21 20:24:00,29.788,0.0618759252008,0.0,0,0.0
2014-06-21 20:29:00,31.227,0.0618759252008,0.0,0,0.0
2014-06-21 20:34:00,29.812,0.0618759252008,0.0,0,0.0
2014-06-21 20:39:00,30.122,0.0618759252008,0.0,0,0.0
2014-06-21 20:44:00,31.38,0.0618759252008,0.0,0,0.0
2014-06-21 20:49:00,29.786,0.0618759252008,0.0,0,0.0
2014-06-21 20:54:00,30.046,0.0618759252008,0.0,0,0.0
2014-06-21 20:59:00,33.33,0.0618759252008,0.0,0,0.0
2014-06-21 21:04:00,44.334,0.0618759252008,0.0,0,0.0
2014-06-21 21:09:00,100.0,0.0618759252008,0.0,0,0.0
2014-06-21 21:14:00,38.838,0.0555047181867,0.0500000007451,0,0.0
2014-06-21 21:19:00,29.979,0.0524870981064,0.0250000003725,0,0.0
2014-06-21 21:24:00,30.164,0.0524870981064,0.0,0,0.0
2014-06-21 21:29:00,31.692,0.0524870981064,0.0,0,0.0
2014-06-21 21:34:00,30.451,0.0524870981064,0.0,0,0.0
2014-06-21 21:39:00,29.95,0.0524870981064,0.0,0,0.0
2014-06-21 21:44:00,31.544,0.0495796475825,0.0250000003725,0,0.0
2014-06-21 21:49:00,31.289,0.0495796475825,0.0,0,0.0
2014-06-21 21:54:00,29.771,0.0495796475825,0.0,0,0.0
2014-06-21 21:59:00,32.957,0.0495796475825,0.0,0,0.0
2014-06-21 22:04:00,44.673,0.0555047181867,0.0,0,0.0
2014-06-21 22:09:00,100.0,0.0555047181867,0.0250000003725,0,0.0
2014-06-21 22:14:00,31.501,0.0555047181867,0.0,0,0.0
2014-06-21 22:19:00,30.287,0.0555047181867,0.0,0,0.0
2014-06-21 22:24:00,30.551,0.0555047181867,0.0,0,0.0
2014-06-21 22:29:00,31.461,0.0555047181867,0.0,0,0.0
2014-06-21 22:34:00,30.502,0.060773254965,0.0,0,0.0
2014-06-21 22:39:00,29.551,0.060773254965,0.0,0,0.0
2014-06-21 22:44:00,31.323,0.060773254965,0.0,0,0.0
2014-06-21 22:49:00,29.666,0.060773254965,0.0,0,0.0
2014-06-21 22:54:00,30.832,0.060773254965,0.0,0,0.0
2014-06-21 22:59:00,31.668,0.0642947977819,0.0,0,0.0
2014-06-21 23:04:00,44.28,0.0642947977819,0.0,0,0.0
2014-06-21 23:09:00,100.0,0.0642947977819,0.0,0,0.0
2014-06-21 23:14:00,38.883,0.060773254965,0.0250000003725,0,0.0
2014-06-21 23:19:00,30.111,0.060773254965,0.0,0,0.0
2014-06-21 23:24:00,30.503,0.060773254965,0.0,0,0.0
2014-06-21 23:29:00,32.06,0.060773254965,0.0,0,0.0
2014-06-21 23:34:00,29.447,0.060773254965,0.0,0,0.0
2014-06-21 23:39:00,29.882,0.060773254965,0.0,0,0.0
2014-06-21 23:44:00,31.003,0.060773254965,0.0,0,0.0
2014-06-21 23:49:00,30.5,0.060773254965,0.0,0,0.0
2014-06-21 23:54:00,29.321,0.060773254965,0.0,0,0.0
2014-06-21 23:59:00,32.256,0.060773254965,0.0,0,0.0
2014-06-22 00:04:00,44.71,0.060773254965,0.0250000003725,0,0.0
2014-06-22 00:09:00,100.0,0.0396116961165,0.375,0,0.0
2014-06-22 00:14:00,38.323,0.0396116961165,0.0,0,0.0
2014-06-22 00:19:00,31.334,0.0396116961165,0.0,0,0.0
2014-06-22 00:24:00,29.62,0.0396116961165,0.0,0,0.0
2014-06-22 00:29:00,31.095,0.0396116961165,0.0,0,0.0
2014-06-22 00:34:00,29.614,0.0396116961165,0.0,0,0.0
2014-06-22 00:39:00,30.168,0.0396116961165,0.0,0,0.0
2014-06-22 00:44:00,31.83,0.0396116961165,0.0,0,0.0
2014-06-22 00:49:00,29.501,0.0396116961165,0.0,0,0.0
2014-06-22 00:54:00,29.837,0.0370661750464,0.0,0,0.0
2014-06-22 00:59:00,32.807,0.060773254965,0.0250000003725,0,0.0
2014-06-22 01:04:00,45.496,0.060773254965,0.0,0,0.0
2014-06-22 01:09:00,64.886,0.060773254965,0.0,0,0.0
2014-06-22 01:14:00,38.177,0.0450516840495,0.125,0,0.0
2014-06-22 01:19:00,30.503,0.0450516840495,0.0,0,0.0
2014-06-22 01:24:00,30.331,0.0450516840495,0.0,0,0.0
2014-06-22 01:29:00,32.492,0.0450516840495,0.0,0,0.0
2014-06-22 01:34:00,29.5,0.0450516840495,0.0,0,0.0
2014-06-22 01:39:00,30.048,0.0450516840495,0.0,0,0.0
2014-06-22 01:44:00,31.279,0.0450516840495,0.0,0,0.0
2014-06-22 01:49:00,30.006,0.0479499803528,0.0,0,0.0
2014-06-22 01:54:00,30.342,0.0479499803528,0.0,0,0.0
2014-06-22 01:59:00,32.805,0.0479499803528,0.0,0,0.0
2014-06-22 02:04:00,45.498,0.0642947977819,0.0,0,0.0
2014-06-22 02:09:00,100.0,0.0642947977819,0.0,0,0.0
2014-06-22 02:14:00,37.497,0.0422728825845,0.17499999702,0,0.0
2014-06-22 02:19:00,30.617,0.0422728825845,0.0,0,0.0
2014-06-22 02:24:00,30.217,0.0422728825845,0.0,0,0.0
2014-06-22 02:29:00,32.167,0.0422728825845,0.0,0,0.0
2014-06-22 02:34:00,29.286,0.0422728825845,0.0,0,0.0
2014-06-22 02:39:00,30.594,0.0422728825845,0.0,0,0.0
2014-06-22 02:44:00,31.56,0.0422728825845,0.0,0,0.0
2014-06-22 02:49:00,30.219,0.0422728825845,0.0,0,0.0
2014-06-22 02:54:00,30.113,0.0422728825845,0.0,0,0.0
2014-06-22 02:59:00,32.496,0.0422728825845,0.0,0,0.0
2014-06-22 03:04:00,45.049,0.0642947977819,0.0,0,0.0
2014-06-22 03:09:00,100.0,0.060773254965,0.0250000003725,0,0.0
2014-06-22 03:14:00,41.88,0.0541122208008,0.0500000007451,0,0.0
2014-06-22 03:19:00,31.004,0.0422728819766,0.10000000149,0,0.0
2014-06-22 03:24:00,30.332,0.0422728819766,0.0,0,0.0
2014-06-22 03:29:00,35.659,0.0396116957674,0.0250000003725,0,0.0
2014-06-22 03:34:00,30.338,0.0396116957674,0.0,0,0.0
2014-06-22 03:39:00,30.199,0.0396116957674,0.0,0,0.0
2014-06-22 03:44:00,31.398,0.0396116957674,0.0,0,0.0
2014-06-22 03:49:00,30.167,0.0396116957674,0.0,0,0.0
2014-06-22 03:54:00,30.048,0.0396116957674,0.0,0,0.0
2014-06-22 03:59:00,32.839,0.0422728819766,0.0,0,0.0
2014-06-22 04:04:00,44.499,0.045051683838,0.0250000003725,0,0.0
2014-06-22 04:09:00,100.0,0.0509695792695,0.0500000007451,0,0.0
2014-06-22 04:14:00,38.333,0.045051683838,0.0500000007451,0,0.0
2014-06-22 04:19:00,30.496,0.0479499801324,0.0,0,0.0
2014-06-22 04:24:00,30.833,0.0479499801324,0.0,0,0.0
2014-06-22 04:29:00,31.658,0.0479499801324,0.0,0,0.0
2014-06-22 04:34:00,28.968,0.0479499801324,0.0,0,0.0
2014-06-22 04:39:00,30.007,0.0479499801324,0.0,0,0.0
2014-06-22 04:44:00,31.278,0.0479499801324,0.0,0,0.0
2014-06-22 04:49:00,31.547,0.0479499801324,0.0,0,0.0
2014-06-22 04:54:00,28.814,0.0509695792695,0.0,0,0.0
2014-06-22 04:59:00,33.276,0.0573795770682,0.0,0,0.0
2014-06-22 05:04:00,44.206,0.0642947977819,0.0,0,0.0
2014-06-22 05:09:00,100.0,0.0642947977819,0.0,0,0.0
2014-06-22 05:14:00,38.133,0.0573795770682,0.0500000007451,0,0.0
2014-06-22 05:19:00,30.071,0.0573795770682,0.0,0,0.0
2014-06-22 05:24:00,30.086,0.0573795770682,0.0,0,0.0
2014-06-22 05:29:00,31.249,0.0573795770682,0.0,0,0.0
2014-06-22 05:34:00,29.623,0.0573795770682,0.0,0,0.0
2014-06-22 05:39:00,30.713,0.0573795770682,0.0,0,0.0
2014-06-22 05:44:00,30.664,0.0573795770682,0.0,0,0.0
2014-06-22 05:49:00,31.124,0.0573795770682,0.0,0,0.0
2014-06-22 05:54:00,29.539,0.0573795770682,0.0,0,0.0
2014-06-22 05:59:00,32.511,0.0573795770682,0.0,0,0.0
2014-06-22 06:04:00,45.12,0.0642947977819,0.0,0,0.0
2014-06-22 06:09:00,100.0,0.060773254965,0.0250000003725,0,0.0
2014-06-22 06:14:00,38.049,0.0573795770682,0.0250000003725,0,0.0
2014-06-22 06:19:00,30.0,0.0573795770682,0.0,0,0.0
2014-06-22 06:24:00,30.668,0.0573795770682,0.0,0,0.0
2014-06-22 06:29:00,31.614,0.0573795770682,0.0,0,0.0
2014-06-22 06:34:00,30.21,0.0573795770682,0.0,0,0.0
2014-06-22 06:39:00,30.619,0.0573795770682,0.0,0,0.0
2014-06-22 06:44:00,32.716,0.0573795770682,0.0,0,0.0
2014-06-22 06:49:00,29.668,0.0573795770682,0.0,0,0.0
2014-06-22 06:54:00,29.666,0.057817450228,0.0,0,0.0
2014-06-22 06:59:00,32.896,0.0612733887155,0.0,0,0.0
2014-06-22 07:04:00,44.437,0.0648607913142,0.0,0,0.0
2014-06-22 07:09:00,100.0,0.0612733887155,0.0250000003725,0,0.0
2014-06-22 07:14:00,37.773,0.0612733887155,0.0,0,0.0
2014-06-22 07:19:00,29.879,0.0612733887155,0.0,0,0.0
2014-06-22 07:24:00,29.499,0.0612733887155,0.0,0,0.0
2014-06-22 07:29:00,31.476,0.0612733887155,0.0,0,0.0
2014-06-22 07:34:00,30.511,0.0612733887155,0.0,0,0.0
2014-06-22 07:39:00,29.5,0.0612733887155,0.0,0,0.0
2014-06-22 07:44:00,31.789,0.0612733887155,0.0,0,0.0
2014-06-22 07:49:00,29.712,0.0612733887155,0.0,0,0.0
2014-06-22 07:54:00,30.667,0.0612733887155,0.0,0,0.0
2014-06-22 07:59:00,32.283,0.0648607913142,0.0,0,0.0
2014-06-22 08:04:00,44.718,0.0648607913142,0.0,0,0.0
2014-06-22 08:09:00,66.886,0.0648607913142,0.0,0,0.0
2014-06-22 08:14:00,38.551,0.0323436802357,0.324999988079,0,0.0
2014-06-22 08:19:00,30.209,0.0323436802357,0.0,0,0.0
2014-06-22 08:24:00,30.623,0.0323436802357,0.0,0,0.0
2014-06-22 08:29:00,31.532,0.0323436802357,0.0,0,0.0
2014-06-22 08:34:00,30.497,0.0323436802357,0.0,0,0.0
2014-06-22 08:39:00,29.173,0.0323436802357,0.0,0,0.0
2014-06-22 08:44:00,31.114,0.0323436802357,0.0,0,0.0
2014-06-22 08:49:00,31.032,0.0323436802357,0.0,0,0.0
2014-06-22 08:54:00,29.166,0.0323436802357,0.0,0,0.0
2014-06-22 08:59:00,32.991,0.0323436802357,0.0,0,0.0
2014-06-22 09:04:00,45.114,0.0648607913142,0.0,0,0.0
2014-06-22 09:09:00,100.0,0.0648607913142,0.0,0,0.0
2014-06-22 09:14:00,38.225,0.0612733887155,0.0250000003725,0,0.0
2014-06-22 09:19:00,31.001,0.0612733887155,0.0,0,0.0
2014-06-22 09:24:00,30.108,0.0612733887155,0.0,0,0.0
2014-06-22 09:29:00,31.714,0.0612733887155,0.0,0,0.0
2014-06-22 09:34:00,29.79,0.0612733887155,0.0,0,0.0
2014-06-22 09:39:00,30.868,0.0612733887155,0.0,0,0.0
2014-06-22 09:44:00,30.667,0.0612733887155,0.0,0,0.0
2014-06-22 09:49:00,30.17,0.0612733887155,0.0,0,0.0
2014-06-22 09:54:00,30.048,0.0612733887155,0.0,0,0.0
2014-06-22 09:59:00,33.127,0.0612733887155,0.0,0,0.0
2014-06-22 10:04:00,44.484,0.0648607913142,0.0,0,0.0
2014-06-22 10:09:00,31.718,0.135352788247,0.975000023842,0,0.0
2014-06-22 10:14:00,31.334,0.135352788247,0.0,0,0.0
2014-06-22 10:19:00,31.496,0.135352788247,0.0,0,0.0
2014-06-22 10:24:00,28.499,0.135352788247,0.0,0,0.0
2014-06-22 10:29:00,31.193,0.135352788247,0.0,0,0.0
2014-06-22 10:34:00,30.73,0.135352788247,0.0,0,0.0
2014-06-22 10:39:00,29.546,0.135352788247,0.0,0,0.0
2014-06-22 10:44:00,30.943,0.135352788247,0.0,0,0.0
2014-06-22 10:49:00,30.214,0.135352788247,0.0,0,0.0
2014-06-22 10:54:00,30.164,0.135352788247,0.0,0,0.0
2014-06-22 10:59:00,33.168,0.0648607913142,0.0,0,0.0
2014-06-22 11:04:00,44.501,0.0371641726254,0.375,0,0.0
2014-06-22 11:09:00,100.0,0.0544913809077,0.15000000596,0,0.0
2014-06-22 11:14:00,37.891,0.0578174511879,0.0250000003725,0,0.0
2014-06-22 11:19:00,30.454,0.0578174511879,0.0,0,0.0
2014-06-22 11:24:00,30.547,0.0578174511879,0.0,0,0.0
2014-06-22 11:29:00,30.93,0.0578174511879,0.0,0,0.0
2014-06-22 11:34:00,30.052,0.0578174511879,0.0,0,0.0
2014-06-22 11:39:00,29.792,0.0578174511879,0.0,0,0.0
2014-06-22 11:44:00,31.549,0.0578174511879,0.0,0,0.0
2014-06-22 11:49:00,30.282,0.0578174511879,0.0,0,0.0
2014-06-22 11:54:00,29.877,0.0424514866991,0.0,0,0.0
2014-06-22 11:59:00,33.676,0.0612733887155,0.0,0,0.0
2014-06-22 12:04:00,45.499,0.0648607913142,0.0,0,0.0
2014-06-22 12:09:00,100.0,0.0648607913142,0.0,0,0.0
2014-06-22 12:14:00,38.495,0.0544913797413,0.0750000029802,0,0.0
2014-06-22 12:19:00,30.173,0.0544913797413,0.0,0,0.0
2014-06-22 12:24:00,29.954,0.0544913797413,0.0,0,0.0
2014-06-22 12:29:00,31.423,0.0544913797413,0.0,0,0.0
2014-06-22 12:34:00,29.946,0.0544913797413,0.0,0,0.0
2014-06-22 12:39:00,31.002,0.0544913797413,0.0,0,0.0
2014-06-22 12:44:00,31.292,0.0544913797413,0.0,0,0.0
2014-06-22 12:49:00,30.053,0.0544913797413,0.0,0,0.0
2014-06-22 12:54:00,30.499,0.0544913797413,0.0,0,0.0
2014-06-22 12:59:00,33.169,0.0544913797413,0.0,0,0.0
2014-06-22 13:04:00,44.956,0.0648607913142,0.0,0,0.0
2014-06-22 13:09:00,100.0,0.0648607913142,0.0,0,0.0
2014-06-22 13:14:00,38.287,0.0648607913142,0.0,0,0.0
2014-06-22 13:19:00,30.88,0.0648607913142,0.0,0,0.0
2014-06-22 13:24:00,30.331,0.0648607913142,0.0,0,0.0
2014-06-22 13:29:00,31.484,0.0648607913142,0.0,0,0.0
2014-06-22 13:34:00,29.834,0.0648607913142,0.0,0,0.0
2014-06-22 13:39:00,30.165,0.0648607913142,0.0,0,0.0
2014-06-22 13:44:00,31.335,0.0648607913142,0.0,0,0.0
2014-06-22 13:49:00,29.842,0.0648607913142,0.0,0,0.0
2014-06-22 13:54:00,30.122,0.0612733887155,0.0250000003725,0,0.0
2014-06-22 13:59:00,32.808,0.0612733887155,0.0,0,0.0
2014-06-22 14:04:00,45.216,0.0612733887155,0.0,0,0.0
2014-06-22 14:09:00,100.0,0.0612733887155,0.0,0,0.0
2014-06-22 14:14:00,38.0,0.0612733887155,0.0,0,0.0
2014-06-22 14:19:00,30.663,0.0612733887155,0.0,0,0.0
2014-06-22 14:24:00,31.118,0.0612733887155,0.0,0,0.0
2014-06-22 14:29:00,30.47,0.0612733887155,0.0,0,0.0
2014-06-22 14:34:00,30.046,0.0612733887155,0.0,0,0.0
2014-06-22 14:39:00,31.001,0.0612733887155,0.0,0,0.0
2014-06-22 14:44:00,30.668,0.0648607913142,0.0,0,0.0
2014-06-22 14:49:00,29.671,0.0648607913142,0.0,0,0.0
2014-06-22 14:54:00,29.79,0.0648607913142,0.0,0,0.0
2014-06-22 14:59:00,33.366,0.0648607913142,0.0,0,0.0
2014-06-22 15:04:00,45.619,0.0648607913142,0.0,0,0.0
2014-06-22 15:09:00,100.0,0.0648607913142,0.0,0,0.0
2014-06-22 15:14:00,45.821,0.0398343259228,0.20000000298,0,0.0
2014-06-22 15:19:00,29.995,0.0398343259228,0.0,0,0.0
2014-06-22 15:24:00,29.949,0.0398343259228,0.0,0,0.0
2014-06-22 15:29:00,31.375,0.0398343259228,0.0,0,0.0
2014-06-22 15:34:00,29.674,0.0398343259228,0.0,0,0.0
2014-06-22 15:39:00,30.63,0.0398343259228,0.0,0,0.0
2014-06-22 15:44:00,30.376,0.0398343259228,0.0,0,0.0
2014-06-22 15:49:00,30.284,0.0398343259228,0.0,0,0.0
2014-06-22 15:54:00,30.043,0.0398343259228,0.0,0,0.0
2014-06-22 15:59:00,32.955,0.0398343259228,0.0,0,0.0
2014-06-22 16:04:00,44.381,0.0615884149047,0.0250000003725,0,0.0
2014-06-22 16:09:00,100.0,0.0615884149047,0.0,0,0.0
2014-06-22 16:14:00,38.011,0.0580931791076,0.0250000003725,0,0.0
2014-06-22 16:19:00,31.329,0.0580931791076,0.0,0,0.0
2014-06-22 16:24:00,30.168,0.0483933267989,0.0750000029802,0,0.0
2014-06-22 16:29:00,30.786,0.0454160961331,0.0250000003725,0,0.0
2014-06-22 16:34:00,29.877,0.0454160961331,0.0,0,0.0
2014-06-22 16:39:00,30.331,0.0425637600359,0.0250000003725,0,0.0
2014-06-22 16:44:00,31.471,0.039834325724,0.0250000003725,0,0.0
2014-06-22 16:49:00,29.941,0.0372257225245,0.0250000003725,0,0.0
2014-06-22 16:54:00,30.735,0.0372257225245,0.0250000003725,0,0.0
2014-06-22 16:59:00,32.226,0.034735800576,0.0250000003725,0,0.0
2014-06-22 17:04:00,45.0,0.034735800576,0.0250000003725,0,0.0
2014-06-22 17:09:00,100.0,0.0514973695789,0.25,0,0.0
2014-06-22 17:14:00,45.624,0.0425637608259,0.0,0,0.0
2014-06-22 17:19:00,29.87,0.0398343264795,0.0,0,0.0
2014-06-22 17:24:00,30.17,0.0398343264795,0.0,0,0.0
2014-06-22 17:29:00,31.509,0.0372257232462,0.0,0,0.0
2014-06-22 17:34:00,30.119,0.0347358012644,0.0,0,0.0
2014-06-22 17:39:00,30.371,0.0323623304448,0.0,0,0.0
2014-06-22 17:44:00,31.458,0.0301029997315,0.0,0,0.0
2014-06-22 17:49:00,30.551,0.0323623303068,0.0,0,0.0
2014-06-22 17:54:00,30.834,0.0347358011195,0.0,0,0.0
2014-06-22 17:59:00,32.66,0.0652173997826,0.0,0,0.0
2014-06-22 18:04:00,44.837,0.0615884149047,0.0250000003725,0,0.0
2014-06-22 18:09:00,100.0,0.0615884149047,0.0,0,0.0
2014-06-22 18:14:00,45.454,0.0615884149047,0.0,0,0.0
2014-06-22 18:19:00,31.215,0.0615884149047,0.0,0,0.0
2014-06-22 18:24:00,29.384,0.0615884149047,0.0,0,0.0
2014-06-22 18:29:00,32.292,0.0615884149047,0.0,0,0.0
2014-06-22 18:34:00,30.001,0.0615884149047,0.0,0,0.0
2014-06-22 18:39:00,30.814,0.0615884149047,0.0,0,0.0
2014-06-22 18:44:00,30.792,0.0615884149047,0.0,0,0.0
2014-06-22 18:49:00,29.88,0.0615884149047,0.0,0,0.0
2014-06-22 18:54:00,29.99,0.0652173997826,0.0,0,0.0
2014-06-22 18:59:00,32.836,0.0652173997826,0.0,0,0.0
2014-06-22 19:04:00,44.833,0.0615884149047,0.0250000003725,0,0.0
2014-06-22 19:09:00,65.728,0.0454160965674,0.125,0,0.0
2014-06-22 19:14:00,44.66,0.0398343261216,0.0500000007451,0,0.0
2014-06-22 19:19:00,30.108,0.0398343261216,0.0,0,0.0
2014-06-22 19:24:00,29.884,0.0398343261216,0.0,0,0.0
2014-06-22 19:29:00,32.439,0.0398343261216,0.0,0,0.0
2014-06-22 19:34:00,30.213,0.0398343261216,0.0,0,0.0
2014-06-22 19:39:00,30.297,0.0398343261216,0.0,0,0.0
2014-06-22 19:44:00,31.619,0.0398343261216,0.0,0,0.0
2014-06-22 19:49:00,29.882,0.0398343261216,0.0,0,0.0
2014-06-22 19:54:00,29.847,0.0398343261216,0.0250000003725,0,0.0
2014-06-22 19:59:00,33.028,0.0547300630651,0.0,0,0.0
2014-06-22 20:04:00,44.62,0.0580931791076,0.0250000003725,0,0.0
2014-06-22 20:09:00,100.0,0.0483933267989,0.0750000029802,0,0.0
2014-06-22 20:14:00,44.842,0.0483933267989,0.0,0,0.0
2014-06-22 20:19:00,30.322,0.0483933267989,0.0,0,0.0
2014-06-22 20:24:00,31.4,0.0483933267989,0.0,0,0.0
2014-06-22 20:29:00,30.368,0.0483933267989,0.0,0,0.0
2014-06-22 20:34:00,30.156,0.0483933267989,0.0,0,0.0
2014-06-22 20:39:00,29.986,0.0483933267989,0.0,0,0.0
2014-06-22 20:44:00,31.29,0.0514973684459,0.0,0,0.0
2014-06-22 20:49:00,30.223,0.0514973684459,0.0,0,0.0
2014-06-22 20:54:00,30.667,0.0547300628194,0.0,0,0.0
2014-06-22 20:59:00,32.989,0.0652173997826,0.0,0,0.0
2014-06-22 21:04:00,44.666,0.0652173997826,0.0,0,0.0
2014-06-22 21:09:00,100.0,0.0615884149047,0.0250000003725,0,0.0
2014-06-22 21:14:00,38.722,0.0615884149047,0.0,0,0.0
2014-06-22 21:19:00,30.535,0.0615884149047,0.0,0,0.0
2014-06-22 21:24:00,29.665,0.0615884149047,0.0,0,0.0
2014-06-22 21:29:00,31.992,0.0580931791076,0.0250000003725,0,0.0
2014-06-22 21:34:00,30.338,0.0580931791076,0.0,0,0.0
2014-06-22 21:39:00,30.167,0.0580931791076,0.0,0,0.0
2014-06-22 21:44:00,31.463,0.0547300630651,0.0250000003725,0,0.0
2014-06-22 21:49:00,29.879,0.0547300630651,0.0,0,0.0
2014-06-22 21:54:00,30.5,0.0547300630651,0.0,0,0.0
2014-06-22 21:59:00,32.016,0.0580931791076,0.0,0,0.0
2014-06-22 22:04:00,45.501,0.0547300630651,0.0250000003725,0,0.0
2014-06-22 22:09:00,100.0,0.0547300630651,0.0,0,0.0
2014-06-22 22:14:00,45.287,0.0483933270255,0.0500000007451,0,0.0
2014-06-22 22:19:00,30.216,0.0514973686819,0.0,0,0.0
2014-06-22 22:24:00,30.175,0.0514973686819,0.0,0,0.0
2014-06-22 22:29:00,32.623,0.0514973686819,0.0,0,0.0
2014-06-22 22:34:00,30.623,0.0547300630651,0.0,0,0.0
2014-06-22 22:39:00,30.223,0.0547300630651,0.0,0,0.0
2014-06-22 22:44:00,31.288,0.0547300630651,0.0,0,0.0
2014-06-22 22:49:00,31.049,0.0547300630651,0.0,0,0.0
2014-06-22 22:54:00,29.884,0.0580931791076,0.0,0,0.0
2014-06-22 22:59:00,32.599,0.0580931791076,0.0,0,0.0
2014-06-22 23:04:00,45.328,0.0652173997826,0.0,0,0.0
2014-06-22 23:09:00,100.0,0.0547300628194,0.0750000029802,0,0.0
2014-06-22 23:14:00,45.507,0.0301029999285,0.22499999404,0,0.0
2014-06-22 23:19:00,30.88,0.0301029999285,0.0,0,0.0
2014-06-22 23:24:00,30.005,0.0301029999285,0.0,0,0.0
2014-06-22 23:29:00,32.334,0.0301029999285,0.0,0,0.0
2014-06-22 23:34:00,30.283,0.0301029999423,0.0,0,0.0
2014-06-22 23:39:00,30.658,0.0301029999423,0.0,0,0.0
2014-06-22 23:44:00,30.376,0.0301029999423,0.0,0,0.0
2014-06-22 23:49:00,29.956,0.0301029999423,0.0,0,0.0
2014-06-22 23:54:00,30.272,0.0301029999423,0.0,0,0.0
2014-06-22 23:59:00,32.255,0.0376296904369,0.0,0,0.0
2014-06-23 00:04:00,45.166,0.0675791781764,0.0,0,0.0
2014-06-23 00:09:00,100.0,0.0528428133985,0.10000000149,0,0.0
2014-06-23 00:14:00,51.455,0.0528428133985,0.0,0,0.0
2014-06-23 00:19:00,31.05,0.0528428133985,0.0,0,0.0
2014-06-23 00:24:00,30.322,0.0528428133985,0.0,0,0.0
2014-06-23 00:29:00,31.336,0.0528428133985,0.0,0,0.0
2014-06-23 00:34:00,29.836,0.0528428133985,0.0,0,0.0
2014-06-23 00:39:00,30.119,0.0528428133985,0.0,0,0.0
2014-06-23 00:44:00,31.351,0.0495221477072,0.0250000003725,0,0.0
2014-06-23 00:49:00,29.987,0.0495221477072,0.0,0,0.0
2014-06-23 00:54:00,30.333,0.0495221477072,0.0,0,0.0
2014-06-23 00:59:00,34.167,0.0636731496199,0.0,0,0.0
2014-06-23 01:04:00,43.834,0.0636731496199,0.0,0,0.0
2014-06-23 01:09:00,100.0,0.0636731496199,0.0,0,0.0
2014-06-23 01:14:00,45.001,0.0636731496199,0.0,0,0.0
2014-06-23 01:19:00,30.667,0.0636731496199,0.0,0,0.0
2014-06-23 01:24:00,30.482,0.0636731496199,0.0,0,0.0
2014-06-23 01:29:00,32.62,0.0636731496199,0.0,0,0.0
2014-06-23 01:34:00,29.37,0.0675791781764,0.0,0,0.0
2014-06-23 01:39:00,30.287,0.0675791781764,0.0,0,0.0
2014-06-23 01:44:00,31.538,0.0636731496199,0.0250000003725,0,0.0
2014-06-23 01:49:00,30.107,0.0636731496199,0.0,0,0.0
2014-06-23 01:54:00,30.544,0.0636731496199,0.0,0,0.0
2014-06-23 01:59:00,32.713,0.0636731496199,0.0,0,0.0
2014-06-23 02:04:00,44.29,0.0636731496199,0.0,0,0.0
2014-06-23 02:09:00,64.662,0.0463427546928,0.125,0,0.0
2014-06-23 02:14:00,37.774,0.040398871467,0.0500000007451,0,0.0
2014-06-23 02:19:00,30.546,0.040398871467,0.0,0,0.0
2014-06-23 02:24:00,30.622,0.040398871467,0.0,0,0.0
2014-06-23 02:29:00,31.874,0.040398871467,0.0,0,0.0
2014-06-23 02:34:00,30.783,0.04330242865,0.0,0,0.0
2014-06-23 02:39:00,29.6,0.04330242865,0.0,0,0.0
2014-06-23 02:44:00,31.565,0.04330242865,0.0,0,0.0
2014-06-23 02:49:00,30.333,0.04330242865,0.0,0,0.0
2014-06-23 02:54:00,29.882,0.04330242865,0.0,0,0.0
2014-06-23 02:59:00,32.864,0.0599163312518,0.0,0,0.0
2014-06-23 03:04:00,44.998,0.0675791781764,0.0,0,0.0
2014-06-23 03:09:00,100.0,0.0675791781764,0.0,0,0.0
2014-06-23 03:14:00,53.383,0.0636731496199,0.0250000003725,0,0.0
2014-06-23 03:19:00,29.818,0.0636731496199,0.0,0,0.0
2014-06-23 03:24:00,31.164,0.0636731496199,0.0,0,0.0
2014-06-23 03:29:00,34.547,0.0636731496199,0.0,0,0.0
2014-06-23 03:34:00,30.716,0.0636731496199,0.0,0,0.0
2014-06-23 03:39:00,29.619,0.0636731496199,0.0,0,0.0
2014-06-23 03:44:00,31.897,0.0636731496199,0.0,0,0.0
2014-06-23 03:49:00,29.832,0.0636731496199,0.0,0,0.0
2014-06-23 03:54:00,29.832,0.0636731496199,0.0,0,0.0
2014-06-23 03:59:00,33.004,0.0636731496199,0.0,0,0.0
2014-06-23 04:04:00,44.345,0.0675791781764,0.0,0,0.0
2014-06-23 04:09:00,100.0,0.0403988712557,0.20000000298,0,0.0
2014-06-23 04:14:00,51.84,0.03762968943,0.0250000003725,0,0.0
2014-06-23 04:19:00,30.538,0.03762968943,0.0,0,0.0
2014-06-23 04:24:00,29.955,0.03762968943,0.0,0,0.0
2014-06-23 04:29:00,31.424,0.03762968943,0.0,0,0.0
2014-06-23 04:34:00,29.903,0.03762968943,0.0,0,0.0
2014-06-23 04:39:00,30.984,0.03762968943,0.0,0,0.0
2014-06-23 04:44:00,30.208,0.03762968943,0.0,0,0.0
2014-06-23 04:49:00,29.886,0.03762968943,0.0,0,0.0
2014-06-23 04:54:00,29.945,0.03762968943,0.0,0,0.0
2014-06-23 04:59:00,32.667,0.0636731496199,0.0,0,0.0
2014-06-23 05:04:00,44.831,0.0675791781764,0.0,0,0.0
2014-06-23 05:09:00,100.0,0.0636731496199,0.0250000003725,0,0.0
2014-06-23 05:14:00,51.756,0.0599163312518,0.0250000003725,0,0.0
2014-06-23 05:19:00,31.783,0.0599163312518,0.0,0,0.0
2014-06-23 05:24:00,29.166,0.0599163312518,0.0,0,0.0
2014-06-23 05:29:00,31.838,0.0599163312518,0.0,0,0.0
2014-06-23 05:34:00,29.549,0.0599163312518,0.0,0,0.0
2014-06-23 05:39:00,30.49,0.0599163312518,0.0,0,0.0
2014-06-23 05:44:00,31.331,0.0599163312518,0.0,0,0.0
2014-06-23 05:49:00,30.122,0.0599163312518,0.0,0,0.0
2014-06-23 05:54:00,29.603,0.0599163312518,0.0,0,0.0
2014-06-23 05:59:00,32.725,0.0636731496199,0.0,0,0.0
2014-06-23 06:04:00,44.391,0.0675791781764,0.0,0,0.0
2014-06-23 06:09:00,64.622,0.0528428133985,0.10000000149,0,0.0
2014-06-23 06:14:00,45.213,0.0301030000806,0.20000000298,0,0.0
2014-06-23 06:19:00,29.751,0.0301030000806,0.0,0,0.0
2014-06-23 06:24:00,29.831,0.0301030000806,0.0,0,0.0
2014-06-23 06:29:00,31.552,0.0301030000806,0.0,0,0.0
2014-06-23 06:34:00,29.871,0.0301030000806,0.0,0,0.0
2014-06-23 06:39:00,30.403,0.0301030000806,0.0,0,0.0
2014-06-23 06:44:00,31.871,0.0301030000806,0.0,0,0.0
2014-06-23 06:49:00,29.794,0.0301030000806,0.0,0,0.0
2014-06-23 06:54:00,30.228,0.0301030000806,0.0,0,0.0
2014-06-23 06:59:00,32.683,0.0403988712557,0.0,0,0.0
2014-06-23 07:04:00,44.667,0.0675791781764,0.0,0,0.0
2014-06-23 07:09:00,100.0,0.0675791781764,0.0,0,0.0
2014-06-23 07:14:00,51.935,0.0599163312518,0.0500000007451,0,0.0
2014-06-23 07:19:00,30.116,0.0599163312518,0.0,0,0.0
2014-06-23 07:24:00,29.72,0.0599163312518,0.0,0,0.0
2014-06-23 07:29:00,31.99,0.0599163312518,0.0,0,0.0
2014-06-23 07:34:00,30.933,0.0599163312518,0.0,0,0.0
2014-06-23 07:39:00,29.38,0.0599163312518,0.0,0,0.0
2014-06-23 07:44:00,30.944,0.0599163312518,0.0,0,0.0
2014-06-23 07:49:00,30.216,0.0599163312518,0.0,0,0.0
2014-06-23 07:54:00,29.952,0.0602476254473,0.0,0,0.0
2014-06-23 07:59:00,33.373,0.0602476254473,0.0,0,0.0
2014-06-23 08:04:00,44.17,0.0640522954953,0.0250000003725,0,0.0
2014-06-23 08:09:00,100.0,0.0640522954953,0.0,0,0.0
2014-06-23 08:14:00,45.339,0.0640522954953,0.0,0,0.0
2014-06-23 08:19:00,30.381,0.0640522954953,0.0,0,0.0
2014-06-23 08:24:00,29.593,0.0640522954953,0.0,0,0.0
2014-06-23 08:29:00,32.44,0.0640522954953,0.0,0,0.0
2014-06-23 08:34:00,28.55,0.0640522954953,0.0,0,0.0
2014-06-23 08:39:00,31.953,0.0640522954953,0.0,0,0.0
2014-06-23 08:44:00,30.049,0.0640522954953,0.0,0,0.0
2014-06-23 08:49:00,29.768,0.0640522954953,0.0,0,0.0
2014-06-23 08:54:00,30.008,0.0680090495789,0.0,0,0.0
2014-06-23 08:59:00,32.786,0.0680090495789,0.0,0,0.0
2014-06-23 09:04:00,45.216,0.0680090495789,0.0,0,0.0
2014-06-23 09:09:00,65.119,0.0680090495789,0.0,0,0.0
2014-06-23 09:14:00,46.371,0.0680090495789,0.0,0,0.0
2014-06-23 09:19:00,29.125,0.0680090495789,0.0,0,0.0
2014-06-23 09:24:00,30.381,0.0680090495789,0.0,0,0.0
2014-06-23 09:29:00,31.216,0.0680090495789,0.0,0,0.0
2014-06-23 09:34:00,30.0,0.0680090495789,0.0,0,0.0
2014-06-23 09:39:00,30.003,0.0680090495789,0.0,0,0.0
2014-06-23 09:44:00,31.614,0.0680090495789,0.0,0,0.0
2014-06-23 09:49:00,29.495,0.0680090495789,0.0,0,0.0
2014-06-23 09:54:00,30.127,0.0680090495789,0.0,0,0.0
2014-06-23 09:59:00,32.857,0.0680090495789,0.0,0,0.0
2014-06-23 10:04:00,44.323,0.0680090495789,0.0,0,0.0
2014-06-23 10:09:00,100.0,0.0565931394227,0.0750000029802,0,0.0
2014-06-23 10:14:00,51.923,0.0530868523967,0.0250000003725,0,0.0
2014-06-23 10:19:00,31.078,0.0530868523967,0.0,0,0.0
2014-06-23 10:24:00,28.882,0.0530868523967,0.0,0,0.0
2014-06-23 10:29:00,31.842,0.0530868523967,0.0,0,0.0
2014-06-23 10:34:00,31.005,0.0530868523967,0.0,0,0.0
2014-06-23 10:39:00,29.224,0.0530868523967,0.0,0,0.0
2014-06-23 10:44:00,31.376,0.0530868523967,0.0,0,0.0
2014-06-23 10:49:00,30.363,0.0530868523967,0.0,0,0.0
2014-06-23 10:54:00,30.285,0.0530868523967,0.0,0,0.0
2014-06-23 10:59:00,33.033,0.0640522954953,0.0,0,0.0
2014-06-23 11:04:00,45.839,0.0680090495789,0.0,0,0.0
2014-06-23 11:09:00,100.0,0.0680090495789,0.0,0,0.0
2014-06-23 11:14:00,52.559,0.0602476254473,0.0500000007451,0,0.0
2014-06-23 11:19:00,30.822,0.0602476254473,0.0,0,0.0
2014-06-23 11:24:00,29.218,0.0602476254473,0.0,0,0.0
2014-06-23 11:29:00,31.864,0.0602476254473,0.0,0,0.0
2014-06-23 11:34:00,30.375,0.0602476254473,0.0,0,0.0
2014-06-23 11:39:00,29.786,0.0602476254473,0.0,0,0.0
2014-06-23 11:44:00,31.557,0.0602476254473,0.0,0,0.0
2014-06-23 11:49:00,30.336,0.0602476254473,0.0,0,0.0
2014-06-23 11:54:00,30.015,0.0602476254473,0.0,0,0.0
2014-06-23 11:59:00,33.333,0.0602476254473,0.0,0,0.0
2014-06-23 12:04:00,44.34,0.0680090495789,0.0,0,0.0
2014-06-23 12:09:00,100.0,0.0680090495789,0.0,0,0.0
2014-06-23 12:14:00,52.502,0.0640522954953,0.0250000003725,0,0.0
2014-06-23 12:19:00,29.679,0.0640522954953,0.0,0,0.0
2014-06-23 12:24:00,29.66,0.0640522954953,0.0,0,0.0
2014-06-23 12:29:00,32.501,0.0640522954953,0.0,0,0.0
2014-06-23 12:34:00,29.126,0.0640522954953,0.0,0,0.0
2014-06-23 12:39:00,30.207,0.0640522954953,0.0,0,0.0
2014-06-23 12:44:00,31.287,0.0640522954953,0.0,0,0.0
2014-06-23 12:49:00,31.38,0.0640522954953,0.0,0,0.0
2014-06-23 12:54:00,28.721,0.0640522954953,0.0,0,0.0
2014-06-23 12:59:00,33.268,0.0640522954953,0.0,0,0.0
2014-06-23 13:04:00,43.991,0.0680090495789,0.0,0,0.0
2014-06-23 13:09:00,100.0,0.0680090495789,0.0,0,0.0
2014-06-23 13:14:00,51.996,0.0680090495789,0.0,0,0.0
2014-06-23 13:19:00,31.045,0.0680090495789,0.0,0,0.0
2014-06-23 13:24:00,29.65,0.0680090495789,0.0,0,0.0
2014-06-23 13:29:00,31.677,0.0680090495789,0.0,0,0.0
2014-06-23 13:34:00,30.831,0.0680090495789,0.0,0,0.0
2014-06-23 13:39:00,29.499,0.0680090495789,0.0,0,0.0
2014-06-23 13:44:00,30.485,0.0680090495789,0.0,0,0.0
2014-06-23 13:49:00,29.947,0.0680090495789,0.0,0,0.0
2014-06-23 13:54:00,30.271,0.0640522954953,0.0250000003725,0,0.0
2014-06-23 13:59:00,33.927,0.0640522954953,0.0,0,0.0
2014-06-23 14:04:00,43.34,0.0602476254473,0.0250000003725,0,0.0
2014-06-23 14:09:00,100.0,0.0602476254473,0.0,0,0.0
2014-06-23 14:14:00,51.548,0.0602476254473,0.0,0,0.0
2014-06-23 14:19:00,30.335,0.0602476254473,0.0,0,0.0
2014-06-23 14:24:00,29.952,0.0602476254473,0.0,0,0.0
2014-06-23 14:29:00,31.393,0.0602476254473,0.0,0,0.0
2014-06-23 14:34:00,29.785,0.0602476254473,0.0,0,0.0
2014-06-23 14:39:00,31.385,0.0602476254473,0.0,0,0.0
2014-06-23 14:44:00,31.496,0.0640522954953,0.0,0,0.0
2014-06-23 14:49:00,29.933,0.0640522954953,0.0,0,0.0
2014-06-23 14:54:00,30.436,0.0680090495789,0.0,0,0.0
2014-06-23 14:59:00,33.111,0.0680090495789,0.0,0,0.0
2014-06-23 15:04:00,45.0,0.0680090495789,0.0,0,0.0
2014-06-23 15:09:00,100.0,0.0680090495789,0.0,0,0.0
2014-06-23 15:14:00,52.13,0.0602476254473,0.0500000007451,0,0.0
2014-06-23 15:19:00,31.055,0.0602476254473,0.0,0,0.0
2014-06-23 15:24:00,29.666,0.0602476254473,0.0,0,0.0
2014-06-23 15:29:00,31.026,0.0602476254473,0.0,0,0.0
2014-06-23 15:34:00,29.896,0.0602476254473,0.0,0,0.0
2014-06-23 15:39:00,29.998,0.0602476254473,0.0,0,0.0
2014-06-23 15:44:00,31.603,0.0602476254473,0.0,0,0.0
2014-06-23 15:49:00,30.169,0.0602476254473,0.0,0,0.0
2014-06-23 15:54:00,30.276,0.0602476254473,0.0,0,0.0
2014-06-23 15:59:00,33.3,0.0602476254473,0.0,0,0.0
2014-06-23 16:04:00,44.049,0.0680090495789,0.0,0,0.0
2014-06-23 16:09:00,100.0,0.0680090495789,0.0,0,0.0
2014-06-23 16:14:00,51.993,0.0680194284199,0.0,0,0.0
2014-06-23 16:19:00,30.951,0.0680194284199,0.0,0,0.0
2014-06-23 16:24:00,29.721,0.0680194284199,0.0,0,0.0
2014-06-23 16:29:00,31.966,0.0680194284199,0.0,0,0.0
2014-06-23 16:34:00,30.663,0.0680194284199,0.0,0,0.0
2014-06-23 16:39:00,30.055,0.0680194284199,0.0,0,0.0
2014-06-23 16:44:00,31.79,0.0680194284199,0.0,0,0.0
2014-06-23 16:49:00,30.12,0.0680194284199,0.0,0,0.0
2014-06-23 16:54:00,30.054,0.0680194284199,0.0,0,0.0
2014-06-23 16:59:00,33.159,0.0680194284199,0.0,0,0.0
2014-06-23 17:04:00,45.998,0.0680194284199,0.0,0,0.0
2014-06-23 17:09:00,100.0,0.0680194284199,0.0,0,0.0
2014-06-23 17:14:00,57.994,0.0377043048398,0.22499999404,0,0.0
2014-06-23 17:19:00,30.287,0.0377043048398,0.0,0,0.0
2014-06-23 17:24:00,30.05,0.0377043048398,0.0,0,0.0
2014-06-23 17:29:00,31.177,0.0377043048398,0.0,0,0.0
2014-06-23 17:34:00,30.03,0.0377043048398,0.0,0,0.0
2014-06-23 17:39:00,30.599,0.0377043048398,0.0,0,0.0
2014-06-23 17:44:00,31.287,0.0377043048398,0.0,0,0.0
2014-06-23 17:49:00,30.151,0.0377043048398,0.0,0,0.0
2014-06-23 17:54:00,29.702,0.0377043048398,0.0,0,0.0
2014-06-23 17:59:00,32.879,0.0377043048398,0.0,0,0.0
2014-06-23 18:04:00,44.472,0.0602556222214,0.0500000007451,0,0.0
2014-06-23 18:09:00,64.825,0.0377043044328,0.17499999702,0,0.0
2014-06-23 18:14:00,45.125,0.0325068746305,0.0500000007451,0,0.0
2014-06-23 18:19:00,31.219,0.0325068746305,0.0,0,0.0
2014-06-23 18:24:00,30.824,0.0325068746305,0.0,0,0.0
2014-06-23 18:29:00,32.148,0.0325068746305,0.0,0,0.0
2014-06-23 18:34:00,29.784,0.0325068746305,0.0,0,0.0
2014-06-23 18:39:00,30.216,0.0325068746305,0.0,0,0.0
2014-06-23 18:44:00,31.129,0.0325068746305,0.0,0,0.0
2014-06-23 18:49:00,30.169,0.0325068746305,0.0,0,0.0
2014-06-23 18:54:00,30.502,0.0350397223553,0.0250000003725,0,0.0
2014-06-23 18:59:00,72.163,0.167011577101,0.975000023842,0,0.0
2014-06-23 19:04:00,100.0,0.264213933,0.34999999404,0,0.0
2014-06-23 19:09:00,100.0,0.312440310063,0.125,0,0.0
2014-06-23 19:14:00,65.383,0.322639455481,0.0250000003725,0,0.0
2014-06-23 19:19:00,46.884,0.322639455481,0.0,0,0.0
2014-06-23 19:24:00,43.17,0.609021472861,0.574999988079,0,-0.11
2014-06-23 19:29:00,51.8378,0.299999996735,0.0500000007451,0,0.0
2014-06-23 19:34:00,30.181,0.299999996735,0.0,0,0.0
2014-06-23 19:39:00,29.959,0.299999996735,0.0,0,0.0
2014-06-23 19:44:00,31.388,0.299999996735,0.0,0,0.0
2014-06-23 19:49:00,29.83,0.188893198604,0.0,0,0.0
2014-06-23 19:54:00,30.0,0.100128585925,0.0,0,0.0
2014-06-23 19:59:00,32.808,0.0763990385097,0.0,0,0.0
2014-06-23 20:04:00,44.667,0.110763091771,0.20000000298,0,0.0
2014-06-23 20:09:00,43.338,0.122065900134,0.0500000007451,0,0.0
2014-06-23 20:14:00,31.711,0.0301030000844,0.0,0,0.0
2014-06-23 20:19:00,30.952,0.0350397217746,0.0,0,0.0
2014-06-23 20:24:00,29.551,0.0350397217746,0.0,0,0.0
2014-06-23 20:29:00,31.122,0.0350397217746,0.0,0,0.0
2014-06-23 20:34:00,29.911,0.0350397217746,0.0,0,0.0
2014-06-23 20:39:00,30.077,0.0350397217746,0.0,0,0.0
2014-06-23 20:44:00,31.383,0.0350397217746,0.0,0,0.0
2014-06-23 20:49:00,31.455,0.0350397217746,0.0,0,0.0
2014-06-23 20:54:00,29.548,0.0602556222214,0.0,0,0.0
2014-06-23 20:59:00,32.669,0.0680194284199,0.0,0,0.0
2014-06-23 21:04:00,44.289,0.0680194284199,0.0,0,0.0
2014-06-23 21:09:00,66.615,0.0680194284199,0.0,0,0.0
2014-06-23 21:14:00,38.498,0.0350397221617,0.25,0,0.0
2014-06-23 21:19:00,30.121,0.0350397221617,0.0,0,0.0
2014-06-23 21:24:00,30.024,0.0350397221617,0.0,0,0.0
2014-06-23 21:29:00,30.675,0.0350397221617,0.0,0,0.0
2014-06-23 21:34:00,29.999,0.0350397221617,0.0,0,0.0
2014-06-23 21:39:00,30.004,0.0350397221617,0.0,0,0.0
2014-06-23 21:44:00,32.001,0.0325068744466,0.0250000003725,0,0.0
2014-06-23 21:49:00,29.642,0.0325068744466,0.0,0,0.0
2014-06-23 21:54:00,29.721,0.0325068744466,0.0,0,0.0
2014-06-23 21:59:00,64.107,0.220562904902,0.949999988079,0,0.0
2014-06-23 22:04:00,72.715,0.153303857931,0.0250000003725,0,0.0
2014-06-23 22:09:00,66.168,0.167011567151,0.0500000007451,0,0.0
2014-06-23 22:14:00,45.656,0.167011567151,0.0,0,0.0
2014-06-23 22:19:00,29.676,0.167011567151,0.0,0,0.0
2014-06-23 22:24:00,30.168,0.167011567151,0.0,0,0.0
2014-06-23 22:29:00,32.033,0.167011567151,0.0,0,0.0
2014-06-23 22:34:00,31.067,0.160070228614,0.0,0,0.0
2014-06-23 22:39:00,30.337,0.160070228614,0.0,0,0.0
2014-06-23 22:44:00,31.124,0.167011567151,0.0250000003725,0,0.0
2014-06-23 22:49:00,30.037,0.0530927415972,0.0,0,0.0
2014-06-23 22:54:00,30.5,0.0566000488106,0.0,0,0.0
2014-06-23 22:59:00,33.002,0.0602556222214,0.0250000003725,0,0.0
2014-06-23 23:04:00,43.664,0.0530927415972,0.0500000007451,0,0.0
2014-06-23 23:09:00,65.386,0.0465145326064,0.0500000007451,0,0.0
2014-06-23 23:14:00,38.391,0.0405032792973,0.25,0,0.0
2014-06-23 23:19:00,30.452,0.0405032792973,0.0,0,0.0
2014-06-23 23:24:00,29.877,0.0405032792973,0.0,0,0.0
2014-06-23 23:29:00,33.824,0.0405032792973,0.0,0,0.0
2014-06-23 23:34:00,29.334,0.0377043043921,0.0,0,0.0
2014-06-23 23:39:00,29.599,0.0377043043921,0.0,0,0.0
2014-06-23 23:44:00,31.334,0.0377043043921,0.0,0,0.0
2014-06-23 23:49:00,31.671,0.0377043043921,0.0250000003725,0,0.0
2014-06-23 23:54:00,28.834,0.0325068745937,0.0,0,0.0
2014-06-23 23:59:00,33.012,0.0325068744466,0.0,0,0.0
2014-06-24 00:04:00,43.951,0.0640614484984,0.0,0,0.0
2014-06-24 00:09:00,30.669,0.110763096265,0.800000011921,0,0.0
2014-06-24 00:14:00,33.621,0.110763096265,0.0,0,0.0
2014-06-24 00:19:00,29.048,0.110763096265,0.0,0,0.0
2014-06-24 00:24:00,30.84,0.110763096265,0.0,0,0.0
2014-06-24 00:29:00,31.338,0.110763096265,0.0,0,0.0
2014-06-24 00:34:00,30.953,0.109408393427,0.0,0,0.0
2014-06-24 00:39:00,29.05,0.104111763713,0.0,0,0.0
2014-06-24 00:44:00,31.004,0.104111763713,0.0,0,0.0
2014-06-24 00:49:00,30.121,0.104111763713,0.0,0,0.0
2014-06-24 00:54:00,30.38,0.104111763713,0.0,0,0.0
2014-06-24 00:59:00,33.674,0.0674492374242,0.0,0,0.0
2014-06-24 01:04:00,43.167,0.0674492374242,0.0,0,0.0
2014-06-24 01:09:00,65.167,0.0674492374242,0.0,0,0.0
2014-06-24 01:14:00,38.546,0.0674492374242,0.0,0,0.0
2014-06-24 01:19:00,29.291,0.0674492374242,0.0,0,0.0
2014-06-24 01:24:00,30.717,0.0674492374242,0.0,0,0.0
2014-06-24 01:29:00,31.501,0.0674492374242,0.0,0,0.0
2014-06-24 01:34:00,29.978,0.0674492374242,0.0,0,0.0
2014-06-24 01:39:00,30.498,0.0674492374242,0.0,0,0.0
2014-06-24 01:44:00,31.042,0.0674492374242,0.0,0,0.0
2014-06-24 01:49:00,29.849,0.0674492374242,0.0,0,0.0
2014-06-24 01:54:00,30.982,0.0674492374242,0.0,0,0.0
2014-06-24 01:59:00,32.557,0.0674492374242,0.0,0,0.0
2014-06-24 02:04:00,45.172,0.0674492374242,0.0,0,0.0
2014-06-24 02:09:00,66.667,0.0674492374242,0.0,0,0.0
2014-06-24 02:14:00,39.333,0.0598161560468,0.0500000007451,0,0.0
2014-06-24 02:19:00,29.286,0.0598161560468,0.0,0,0.0
2014-06-24 02:24:00,29.835,0.0598161560468,0.0,0,0.0
2014-06-24 02:29:00,31.382,0.0598161560468,0.0,0,0.0
2014-06-24 02:34:00,29.503,0.0598161560468,0.0,0,0.0
2014-06-24 02:39:00,30.171,0.0598161560468,0.0,0,0.0
2014-06-24 02:44:00,30.976,0.0598161560468,0.0,0,0.0
2014-06-24 02:49:00,31.227,0.0598161560468,0.0,0,0.0
2014-06-24 02:54:00,29.414,0.0598161560468,0.0,0,0.0
2014-06-24 02:59:00,31.788,0.0598161560468,0.0,0,0.0
2014-06-24 03:04:00,48.557,0.0674492374242,0.0,0,0.0
2014-06-24 03:09:00,66.809,0.0674492374242,0.0,0,0.0
2014-06-24 03:14:00,44.66,0.0674492374242,0.0,0,0.0
2014-06-24 03:19:00,30.668,0.0674492374242,0.0,0,0.0
2014-06-24 03:24:00,29.483,0.0674492374242,0.0,0,0.0
2014-06-24 03:29:00,31.618,0.0674492374242,0.0,0,0.0
2014-06-24 03:34:00,33.836,0.0674492374242,0.0,0,0.0
2014-06-24 03:39:00,30.832,0.0674492374242,0.0,0,0.0
2014-06-24 03:44:00,31.291,0.0674492374242,0.0,0,0.0
2014-06-24 03:49:00,31.921,0.0674492374242,0.0,0,0.0
2014-06-24 03:54:00,28.24,0.0674492374242,0.0,0,0.0
2014-06-24 03:59:00,33.0,0.0674492374242,0.0,0,0.0
2014-06-24 04:04:00,44.287,0.0674492374242,0.0,0,0.0
2014-06-24 04:09:00,65.319,0.0598161560468,0.0500000007451,0,0.0
2014-06-24 04:14:00,38.429,0.0562202879962,0.47499999404,0,0.0
2014-06-24 04:19:00,30.32,0.0562202879962,0.0,0,0.0
2014-06-24 04:24:00,29.055,0.0562202879962,0.0,0,0.0
2014-06-24 04:29:00,31.288,0.0562202879962,0.0,0,0.0
2014-06-24 04:34:00,29.214,0.0562202879962,0.0,0,0.0
2014-06-24 04:39:00,30.565,0.0562202879962,0.0,0,0.0
2014-06-24 04:44:00,30.713,0.0562202879962,0.0,0,0.0
2014-06-24 04:49:00,29.829,0.0562202879962,0.0,0,0.0
2014-06-24 04:54:00,30.623,0.0562202879962,0.0,0,0.0
2014-06-24 04:59:00,32.67,0.0494602639465,0.0,0,0.0
2014-06-24 05:04:00,43.501,0.0674492374242,0.0,0,0.0
2014-06-24 05:09:00,66.336,0.0674492374242,0.0,0,0.0
2014-06-24 05:14:00,45.724,0.0403680074251,0.40000000596,0,0.0
2014-06-24 05:19:00,31.155,0.0403680074251,0.0,0,0.0
2014-06-24 05:24:00,28.981,0.0403680074251,0.0,0,0.0
2014-06-24 05:29:00,30.495,0.0403680074251,0.0,0,0.0
2014-06-24 05:34:00,29.881,0.0403680074251,0.0,0,0.0
2014-06-24 05:39:00,30.774,0.0403680074251,0.0,0,0.0
2014-06-24 05:44:00,31.164,0.0403680074251,0.0,0,0.0
2014-06-24 05:49:00,30.293,0.0403680074251,0.0,0,0.0
2014-06-24 05:54:00,29.641,0.0403680074251,0.0,0,0.0
2014-06-24 05:59:00,33.237,0.0403680074251,0.0,0,0.0
2014-06-24 06:04:00,43.501,0.0674492374242,0.0,0,0.0
2014-06-24 06:09:00,65.834,0.0674492374242,0.0,0,0.0
2014-06-24 06:14:00,45.334,0.0674492374242,0.0,0,0.0
2014-06-24 06:19:00,30.001,0.0674492374242,0.0,0,0.0
2014-06-24 06:24:00,30.338,0.0674492374242,0.0,0,0.0
2014-06-24 06:29:00,31.166,0.0674492374242,0.0,0,0.0
2014-06-24 06:34:00,29.667,0.0674492374242,0.0,0,0.0
2014-06-24 06:39:00,31.501,0.0674492374242,0.0,0,0.0
2014-06-24 06:44:00,30.834,0.0674492374242,0.0,0,0.0
2014-06-24 06:49:00,29.498,0.0674492374242,0.0,0,0.0
2014-06-24 06:54:00,29.837,0.0674492374242,0.0,0,0.0
2014-06-24 06:59:00,33.794,0.0674492374242,0.0,0,0.0
2014-06-24 07:04:00,43.635,0.0635585242141,0.0250000003725,0,0.0
2014-06-24 07:09:00,66.0,0.0598161560468,0.0250000003725,0,0.0
2014-06-24 07:14:00,45.392,0.0598161560468,0.0,0,0.0
2014-06-24 07:19:00,30.833,0.0598161560468,0.0,0,0.0
2014-06-24 07:24:00,30.001,0.0598161560468,0.0,0,0.0
2014-06-24 07:29:00,29.971,0.0598161560468,0.0,0,0.0
2014-06-24 07:34:00,29.667,0.0598161560468,0.0,0,0.0
2014-06-24 07:39:00,29.834,0.0598161560468,0.0,0,0.0
2014-06-24 07:44:00,31.118,0.0598161560468,0.0,0,0.0
2014-06-24 07:49:00,30.175,0.0598161560468,0.0,0,0.0
2014-06-24 07:54:00,29.55,0.0635585242141,0.0,0,0.0
2014-06-24 07:59:00,33.182,0.0674492374242,0.0,0,0.0
2014-06-24 08:04:00,43.5,0.0635585242141,0.0250000003725,0,0.0
2014-06-24 08:09:00,66.5,0.0527689949632,0.0750000029802,0,0.0
2014-06-24 08:14:00,45.326,0.046291997151,0.0500000007451,0,0.0
2014-06-24 08:19:00,29.787,0.046291997151,0.0,0,0.0
2014-06-24 08:24:00,29.874,0.046291997151,0.0,0,0.0
2014-06-24 08:29:00,31.168,0.046291997151,0.0,0,0.0
2014-06-24 08:34:00,31.424,0.046291997151,0.0,0,0.0
2014-06-24 08:39:00,29.024,0.046291997151,0.0,0,0.0
2014-06-24 08:44:00,30.501,0.046291997151,0.0,0,0.0
2014-06-24 08:49:00,29.495,0.046291997151,0.0,0,0.0
2014-06-24 08:54:00,29.621,0.0494277613159,0.0,0,0.0
2014-06-24 08:59:00,33.687,0.0597635515133,0.0,0,0.0
2014-06-24 09:04:00,43.332,0.0634983350572,0.0250000003725,0,0.0
2014-06-24 09:09:00,33.538,0.138125163612,0.925000011921,0,0.0
2014-06-24 09:14:00,30.993,0.138125163612,0.0,0,0.0
2014-06-24 09:19:00,30.338,0.138125163612,0.0,0,0.0
2014-06-24 09:24:00,30.635,0.138125163612,0.0,0,0.0
2014-06-24 09:29:00,30.699,0.138125163612,0.0,0,0.0
2014-06-24 09:34:00,30.092,0.138125163612,0.0,0,0.0
2014-06-24 09:39:00,30.489,0.138125163612,0.0,0,0.0
2014-06-24 09:44:00,29.618,0.138125163612,0.0,0,0.0
2014-06-24 09:49:00,29.878,0.138125163612,0.0,0,0.0
2014-06-24 09:54:00,29.776,0.132018295281,0.0,0,0.0
2014-06-24 09:59:00,34.185,0.0673810100502,0.0,0,0.0
2014-06-24 10:04:00,43.496,0.0673810100502,0.0,0,0.0
2014-06-24 10:09:00,30.784,0.0634983350572,0.0250000003725,0,0.0
2014-06-24 10:14:00,31.718,0.0634983350572,0.0,0,0.0
2014-06-24 10:19:00,30.834,0.0634983350572,0.0,0,0.0
2014-06-24 10:24:00,29.449,0.0634983350572,0.0,0,0.0
2014-06-24 10:29:00,32.504,0.0634983350572,0.0,0,0.0
2014-06-24 10:34:00,28.708,0.0634983350572,0.0,0,0.0
2014-06-24 10:39:00,29.463,0.0634983350572,0.0,0,0.0
2014-06-24 10:44:00,30.993,0.0634983350572,0.0,0,0.0
2014-06-24 10:49:00,29.796,0.0634983350572,0.0,0,0.0
2014-06-24 10:54:00,29.781,0.0634983350572,0.0,0,0.0
2014-06-24 10:59:00,32.726,0.0673810100502,0.0,0,0.0
2014-06-24 11:04:00,45.22,0.0673810100502,0.0,0,0.0
2014-06-24 11:09:00,68.428,0.0432407708568,0.17499999702,0,0.0
2014-06-24 11:14:00,44.54,0.0432407708568,0.0,0,0.0
2014-06-24 11:19:00,30.499,0.0432407708568,0.0,0,0.0
2014-06-24 11:24:00,30.042,0.0432407708568,0.0,0,0.0
2014-06-24 11:29:00,31.45,0.0432407708568,0.0,0,0.0
2014-06-24 11:34:00,30.601,0.0432407708568,0.0,0,0.0
2014-06-24 11:39:00,29.713,0.0432407708568,0.0,0,0.0
2014-06-24 11:44:00,31.159,0.0432407708568,0.0,0,0.0
2014-06-24 11:49:00,30.336,0.0432407708568,0.0,0,0.0
2014-06-24 11:54:00,30.499,0.0432407708568,0.0,0,0.0
2014-06-24 11:59:00,31.652,0.0673810100502,0.0,0,0.0
2014-06-24 12:04:00,45.12,0.0673810100502,0.0,0,0.0
2014-06-24 12:09:00,29.863,0.144399535085,0.975000023842,0,0.0
2014-06-24 12:14:00,32.116,0.144399535085,0.0,0,0.0
2014-06-24 12:19:00,29.633,0.144399535085,0.0,0,0.0
2014-06-24 12:24:00,30.162,0.144399535085,0.0,0,0.0
2014-06-24 12:29:00,31.472,0.144399535085,0.0,0,0.0
2014-06-24 12:34:00,28.776,0.144399535085,0.0,0,0.0
2014-06-24 12:39:00,30.512,0.144399535085,0.0,0,0.0
2014-06-24 12:44:00,31.288,0.144399535085,0.0,0,0.0
2014-06-24 12:49:00,30.005,0.144399535085,0.0,0,0.0
2014-06-24 12:54:00,29.831,0.144399535085,0.0,0,0.0
2014-06-24 12:59:00,32.516,0.0673810100502,0.0,0,0.0
2014-06-24 13:04:00,44.001,0.0634983350572,0.0250000003725,0,0.0
2014-06-24 13:09:00,73.334,0.0527302261779,0.0750000029802,0,0.0
2014-06-24 13:14:00,45.618,0.0527302261779,0.0,0,0.0
2014-06-24 13:19:00,30.386,0.0527302261779,0.0,0,0.0
2014-06-24 13:24:00,29.955,0.0527302261779,0.0,0,0.0
2014-06-24 13:29:00,31.367,0.0527302261779,0.0,0,0.0
2014-06-24 13:34:00,29.951,0.0527302261779,0.0,0,0.0
2014-06-24 13:39:00,30.881,0.0527302261779,0.0,0,0.0
2014-06-24 13:44:00,29.996,0.0527302261779,0.0,0,0.0
2014-06-24 13:49:00,29.916,0.0527302261779,0.0,0,0.0
2014-06-24 13:54:00,29.547,0.0561748215205,0.0,0,0.0
2014-06-24 13:59:00,33.995,0.0634983350572,0.0250000003725,0,0.0
2014-06-24 14:04:00,43.285,0.0561748217825,0.0500000007451,0,0.0
2014-06-24 14:09:00,31.507,0.144399523241,0.899999976158,0,0.0
2014-06-24 14:14:00,30.875,0.144399523241,0.0,0,0.0
2014-06-24 14:19:00,31.967,0.144399523241,0.0,0,0.0
2014-06-24 14:24:00,29.833,0.144399523241,0.0,0,0.0
2014-06-24 14:29:00,29.746,0.144399523241,0.0,0,0.0
2014-06-24 14:34:00,30.174,0.144399523241,0.0,0,0.0
2014-06-24 14:39:00,29.835,0.144399523241,0.0,0,0.0
2014-06-24 14:44:00,31.168,0.144399523241,0.0,0,0.0
2014-06-24 14:49:00,29.834,0.138125154849,0.0,0,0.0
2014-06-24 14:54:00,30.501,0.126077985197,0.0,0,0.0
2014-06-24 14:59:00,32.175,0.0673810100502,0.0,0,0.0
2014-06-24 15:04:00,44.787,0.0634983350572,0.0250000003725,0,0.0
2014-06-24 15:09:00,69.666,0.0494277615567,0.10000000149,0,0.0
2014-06-24 15:14:00,45.709,0.0494277615567,0.0,0,0.0
2014-06-24 15:19:00,29.62,0.0494277615567,0.0,0,0.0
2014-06-24 15:24:00,30.755,0.0494277615567,0.0,0,0.0
2014-06-24 15:29:00,30.27,0.0494277615567,0.0,0,0.0
2014-06-24 15:34:00,30.336,0.0462653362553,0.0250000003725,0,0.0
2014-06-24 15:39:00,30.255,0.0462653362553,0.0,0,0.0
2014-06-24 15:44:00,30.547,0.043240770196,0.0250000003725,0,0.0
2014-06-24 15:49:00,29.888,0.043240770196,0.0,0,0.0
2014-06-24 15:54:00,29.611,0.0462653362553,0.0,0,0.0
2014-06-24 15:59:00,34.329,0.0527302264292,0.0500000007451,0,0.0
2014-06-24 16:04:00,42.998,0.0462653362553,0.0500000007451,0,0.0
2014-06-24 16:09:00,30.645,0.164236362845,0.899999976158,0,0.0
2014-06-24 16:14:00,31.876,0.164236362845,0.0,0,0.0
2014-06-24 16:19:00,30.256,0.164236362845,0.0,0,0.0
2014-06-24 16:24:00,29.651,0.157454292384,0.0,0,0.0
2014-06-24 16:29:00,30.971,0.157454292384,0.0,0,0.0
2014-06-24 16:34:00,30.765,0.150842284586,0.0,0,0.0
2014-06-24 16:39:00,29.882,0.150842284586,0.0,0,0.0
2014-06-24 16:44:00,30.62,0.150842284586,0.0,0,0.0
2014-06-24 16:49:00,30.713,0.138125154849,0.0,0,0.0
2014-06-24 16:54:00,29.172,0.126077985197,0.0,0,0.0
2014-06-24 16:59:00,32.17,0.0673810100502,0.0,0,0.0
2014-06-24 17:04:00,45.456,0.0634983350572,0.0250000003725,0,0.0
2014-06-24 17:09:00,39.005,0.0597635515133,0.0250000003725,0,0.0
2014-06-24 17:14:00,30.366,0.0324711618109,0.22499999404,0,0.0
2014-06-24 17:19:00,30.294,0.0324711618109,0.0,0,0.0
2014-06-24 17:24:00,30.938,0.0324711618109,0.0,0,0.0
2014-06-24 17:29:00,30.382,0.0324711618109,0.0,0,0.0
2014-06-24 17:34:00,30.339,0.0324711618109,0.0,0,0.0
2014-06-24 17:39:00,30.123,0.0324711618109,0.0,0,0.0
2014-06-24 17:44:00,30.956,0.0324711618109,0.0,0,0.0
2014-06-24 17:49:00,29.877,0.0324711618109,0.0,0,0.0
2014-06-24 17:54:00,29.667,0.0349645499012,0.0,0,0.0
2014-06-24 17:59:00,33.325,0.0375858098155,0.0,0,0.0
2014-06-24 18:04:00,43.618,0.0493990965694,0.125,0,0.0
2014-06-24 18:09:00,37.953,0.0713456847335,0.5,0,0.0
2014-06-24 18:14:00,31.424,0.0713456847335,0.0,0,0.0
2014-06-24 18:19:00,30.673,0.0713456847335,0.0,0,0.0
2014-06-24 18:24:00,30.492,0.0713456847335,0.0,0,0.0
2014-06-24 18:29:00,31.786,0.0713456847335,0.0,0,0.0
2014-06-24 18:34:00,29.533,0.0713456847335,0.0,0,0.0
2014-06-24 18:39:00,30.315,0.0713456847335,0.0,0,0.0
2014-06-24 18:44:00,30.348,0.0713456847335,0.0,0,0.0
2014-06-24 18:49:00,29.834,0.0713456847335,0.0,0,0.0
2014-06-24 18:54:00,29.834,0.0526960369233,0.0,0,0.0
2014-06-24 18:59:00,33.684,0.0673208506763,0.0,0,0.0
2014-06-24 19:04:00,44.0,0.0673208506763,0.0,0,0.0
2014-06-24 19:09:00,67.5,0.0673208506763,0.0,0,0.0
2014-06-24 19:14:00,45.453,0.0673208506763,0.0,0,0.0
2014-06-24 19:19:00,30.883,0.0673208506763,0.0,0,0.0
2014-06-24 19:24:00,29.497,0.0673208506763,0.0,0,0.0
2014-06-24 19:29:00,31.119,0.0673208506763,0.0,0,0.0
2014-06-24 19:34:00,30.665,0.0673208506763,0.0,0,0.0
2014-06-24 19:39:00,29.376,0.0673208506763,0.0,0,0.0
2014-06-24 19:44:00,31.772,0.0673208506763,0.0,0,0.0
2014-06-24 19:49:00,29.679,0.0673208506763,0.0,0,0.0
2014-06-24 19:54:00,30.048,0.0673208506763,0.0,0,0.0
2014-06-24 19:59:00,33.607,0.0673208506763,0.0,0,0.0
2014-06-24 20:04:00,44.009,0.0673208506763,0.0,0,0.0
2014-06-24 20:09:00,73.0,0.0673208506763,0.0,0,0.0
2014-06-24 20:14:00,45.929,0.0673208506763,0.0,0,0.0
2014-06-24 20:19:00,30.387,0.0673208506763,0.0,0,0.0
2014-06-24 20:24:00,30.172,0.0673208506763,0.0,0,0.0
2014-06-24 20:29:00,31.53,0.0673208506763,0.0,0,0.0
2014-06-24 20:34:00,29.832,0.0673208506763,0.0,0,0.0
2014-06-24 20:39:00,31.176,0.0673208506763,0.0,0,0.0
2014-06-24 20:44:00,30.493,0.0673208506763,0.0,0,0.0
2014-06-24 20:49:00,30.451,0.0673208506763,0.0,0,0.0
2014-06-24 20:54:00,31.042,0.0673208506763,0.0,0,0.0
2014-06-24 20:59:00,31.947,0.0673208506763,0.0,0,0.0
2014-06-24 21:04:00,44.88,0.0673208506763,0.0,0,0.0
2014-06-24 21:09:00,73.167,0.0673208506763,0.0,0,0.0
2014-06-24 21:14:00,45.333,0.0673208506763,0.0,0,0.0
2014-06-24 21:19:00,30.17,0.0673208506763,0.0,0,0.0
2014-06-24 21:24:00,30.467,0.0673208506763,0.0,0,0.0
2014-06-24 21:29:00,31.424,0.0634452614564,0.0250000003725,0,0.0
2014-06-24 21:34:00,30.735,0.0634452614564,0.0,0,0.0
2014-06-24 21:39:00,29.872,0.0634452614564,0.0,0,0.0
2014-06-24 21:44:00,31.162,0.0597171641102,0.0250000003725,0,0.0
2014-06-24 21:49:00,30.339,0.0597171641102,0.0,0,0.0
2014-06-24 21:54:00,29.502,0.0597171641102,0.0,0,0.0
2014-06-24 21:59:00,34.028,0.0597171641102,0.0,0,0.0
2014-06-24 22:04:00,42.952,0.0597171641102,0.0,0,0.0
2014-06-24 22:09:00,73.0,0.0597171641102,0.0,0,0.0
2014-06-24 22:14:00,45.499,0.0597171641102,0.0,0,0.0
2014-06-24 22:19:00,30.81,0.0634452614564,0.0,0,0.0
2014-06-24 22:24:00,31.332,0.0634452614564,0.0,0,0.0
2014-06-24 22:29:00,30.955,0.0634452614564,0.0,0,0.0
2014-06-24 22:34:00,29.829,0.0673208506763,0.0,0,0.0
2014-06-24 22:39:00,30.21,0.0673208506763,0.0,0,0.0
2014-06-24 22:44:00,31.456,0.0673208506763,0.0,0,0.0
2014-06-24 22:49:00,30.043,0.0673208506763,0.0,0,0.0
2014-06-24 22:54:00,29.597,0.0673208506763,0.0,0,0.0
2014-06-24 22:59:00,33.891,0.0673208506763,0.0,0,0.0
2014-06-24 23:04:00,43.824,0.0673208506763,0.0,0,0.0
2014-06-24 23:09:00,38.667,0.0349645487201,0.34999999404,0,0.0
2014-06-24 23:14:00,31.842,0.0349645487201,0.0,0,0.0
2014-06-24 23:19:00,30.698,0.0349645487201,0.0,0,0.0
2014-06-24 23:24:00,30.499,0.0349645487201,0.0,0,0.0
2014-06-24 23:29:00,31.661,0.0349645487201,0.0,0,0.0
2014-06-24 23:34:00,30.419,0.0349645487201,0.0,0,0.0
2014-06-24 23:39:00,30.713,0.0349645487201,0.0,0,0.0
2014-06-24 23:44:00,30.499,0.0349645487201,0.0,0,0.0
2014-06-24 23:49:00,29.848,0.0349645487201,0.0,0,0.0
2014-06-24 23:54:00,29.507,0.0349645487201,0.0,0,0.0
2014-06-24 23:59:00,32.2,0.0673208506763,0.0,0,0.0
2014-06-25 00:04:00,44.316,0.0673208506763,0.0,0,0.0
2014-06-25 00:09:00,72.167,0.0673208506763,0.0,0,0.0
2014-06-25 00:14:00,46.166,0.0673208506763,0.0,0,0.0
2014-06-25 00:19:00,31.942,0.0673208506763,0.0,0,0.0
2014-06-25 00:24:00,29.199,0.0673208506763,0.0,0,0.0
2014-06-25 00:29:00,31.114,0.0673208506763,0.0,0,0.0
2014-06-25 00:34:00,29.834,0.0673208506763,0.0,0,0.0
2014-06-25 00:39:00,29.893,0.0673208506763,0.0,0,0.0
2014-06-25 00:44:00,31.119,0.0673208506763,0.0,0,0.0
2014-06-25 00:49:00,30.95,0.0634452614564,0.0250000003725,0,0.0
2014-06-25 00:54:00,29.547,0.0634452614564,0.0,0,0.0
2014-06-25 00:59:00,33.954,0.0634452614564,0.0,0,0.0
2014-06-25 01:04:00,43.602,0.0634452614564,0.0,0,0.0
2014-06-25 01:09:00,72.375,0.0597171641102,0.0250000003725,0,0.0
2014-06-25 01:14:00,46.057,0.0597171641102,0.0,0,0.0
2014-06-25 01:19:00,31.002,0.0597171641102,0.0,0,0.0
2014-06-25 01:24:00,31.277,0.0597171641102,0.0,0,0.0
2014-06-25 01:29:00,30.524,0.0597171641102,0.0,0,0.0
2014-06-25 01:34:00,30.002,0.0596964081465,0.0,0,0.0
2014-06-25 01:39:00,30.011,0.0634215143809,0.0,0,0.0
2014-06-25 01:44:00,30.747,0.0634215143809,0.0,0,0.0
2014-06-25 01:49:00,30.452,0.0634215143809,0.0,0,0.0
2014-06-25 01:54:00,30.167,0.0634215143809,0.0,0,0.0
2014-06-25 01:59:00,34.369,0.0672939338245,0.0,0,0.0
2014-06-25 02:04:00,44.004,0.0672939338245,0.0,0,0.0
2014-06-25 02:09:00,66.319,0.0634215143809,0.0250000003725,0,0.0
2014-06-25 02:14:00,45.78,0.0634215143809,0.0,0,0.0
2014-06-25 02:19:00,30.224,0.0634215143809,0.0,0,0.0
2014-06-25 02:24:00,29.995,0.0634215143809,0.0,0,0.0
2014-06-25 02:29:00,31.667,0.0634215143809,0.0,0,0.0
2014-06-25 02:34:00,30.666,0.0634215143809,0.0,0,0.0
2014-06-25 02:39:00,29.619,0.0634215143809,0.0,0,0.0
2014-06-25 02:44:00,31.054,0.0634215143809,0.0,0,0.0
2014-06-25 02:49:00,30.298,0.0561167860398,0.0500000007451,0,0.0
2014-06-25 02:54:00,29.393,0.0526807377291,0.0250000003725,0,0.0
2014-06-25 02:59:00,32.918,0.0561167860398,0.0,0,0.0
2014-06-25 03:04:00,44.291,0.0526807377291,0.0250000003725,0,0.0
2014-06-25 03:09:00,72.833,0.0526807377291,0.0,0,0.0
2014-06-25 03:14:00,46.176,0.0526807377291,0.0,0,0.0
2014-06-25 03:19:00,31.05,0.0526807377291,0.0,0,0.0
2014-06-25 03:24:00,30.447,0.0526807377291,0.0,0,0.0
2014-06-25 03:29:00,32.863,0.0493862689967,0.0250000003725,0,0.0
2014-06-25 03:34:00,30.151,0.0493862689967,0.0,0,0.0
2014-06-25 03:39:00,33.167,0.0561167860398,0.0,0,0.0
2014-06-25 03:44:00,35.608,0.0493862687565,0.0750000029802,0,0.0
2014-06-25 03:49:00,29.544,0.0493862687565,0.0,0,0.0
2014-06-25 03:54:00,29.298,0.0526807374784,0.0,0,0.0
2014-06-25 03:59:00,32.893,0.0526807374784,0.0,0,0.0
2014-06-25 04:04:00,44.501,0.0526807374784,0.0,0,0.0
2014-06-25 04:09:00,72.666,0.0493862687565,0.0250000003725,0,0.0
2014-06-25 04:14:00,45.83,0.0493862687565,0.0,0,0.0
2014-06-25 04:19:00,31.168,0.0526807374784,0.0,0,0.0
2014-06-25 04:24:00,28.79,0.0526807374784,0.0,0,0.0
2014-06-25 04:29:00,31.994,0.0526807374784,0.0,0,0.0
2014-06-25 04:34:00,29.384,0.0634215143809,0.0,0,0.0
2014-06-25 04:39:00,30.049,0.0634215143809,0.0,0,0.0
2014-06-25 04:44:00,31.397,0.0634215143809,0.0,0,0.0
2014-06-25 04:49:00,29.829,0.0634215143809,0.0,0,0.0
2014-06-25 04:54:00,29.548,0.0634215143809,0.0,0,0.0
2014-06-25 04:59:00,33.334,0.0672939338245,0.0,0,0.0
2014-06-25 05:04:00,45.166,0.0672939338245,0.0,0,0.0
2014-06-25 05:09:00,72.667,0.0672939338245,0.0,0,0.0
2014-06-25 05:14:00,46.674,0.0672939338245,0.0,0,0.0
2014-06-25 05:19:00,29.832,0.0672939338245,0.0,0,0.0
2014-06-25 05:24:00,29.933,0.0672939338245,0.0,0,0.0
2014-06-25 05:29:00,31.117,0.0672939338245,0.0,0,0.0
2014-06-25 05:34:00,30.167,0.0672939338245,0.0,0,0.0
2014-06-25 05:39:00,31.596,0.0672939338245,0.0,0,0.0
2014-06-25 05:44:00,29.378,0.0672939338245,0.0,0,0.0
2014-06-25 05:49:00,30.118,0.0672939338245,0.0,0,0.0
2014-06-25 05:54:00,29.7,0.0672939338245,0.0,0,0.0
2014-06-25 05:59:00,32.692,0.0672939338245,0.0,0,0.0
2014-06-25 06:04:00,44.282,0.0672939338245,0.0,0,0.0
2014-06-25 06:09:00,38.241,0.0889244086006,0.725000023842,0,0.0
2014-06-25 06:14:00,30.833,0.0889244086006,0.0,0,0.0
2014-06-25 06:19:00,30.179,0.0889244086006,0.0,0,0.0
2014-06-25 06:24:00,29.995,0.0889244086006,0.0,0,0.0
2014-06-25 06:29:00,31.119,0.0889244086006,0.0,0,0.0
2014-06-25 06:34:00,30.205,0.0889244086006,0.0,0,0.0
2014-06-25 06:39:00,30.121,0.0889244086006,0.0,0,0.0
2014-06-25 06:44:00,31.496,0.0889244086006,0.0,0,0.0
2014-06-25 06:49:00,29.88,0.0889244086006,0.0,0,0.0
2014-06-25 06:54:00,30.663,0.0889244086006,0.0,0,0.0
2014-06-25 06:59:00,33.018,0.0672939338245,0.0,0,0.0
2014-06-25 07:04:00,43.996,0.0596964081465,0.0500000007451,0,0.0
2014-06-25 07:09:00,73.321,0.0596964081465,0.0,0,0.0
2014-06-25 07:14:00,44.945,0.0596964081465,0.0,0,0.0
2014-06-25 07:19:00,30.789,0.0596964081465,0.0,0,0.0
2014-06-25 07:24:00,30.169,0.0596964081465,0.0,0,0.0
2014-06-25 07:29:00,31.06,0.0596964081465,0.0,0,0.0
2014-06-25 07:34:00,29.784,0.0596964081465,0.0,0,0.0
2014-06-25 07:39:00,30.188,0.0596964081465,0.0,0,0.0
2014-06-25 07:44:00,31.113,0.0596964081465,0.0,0,0.0
2014-06-25 07:49:00,30.051,0.0596964081465,0.0,0,0.0
2014-06-25 07:54:00,30.126,0.0672939338245,0.0,0,0.0
2014-06-25 07:59:00,32.842,0.0672939338245,0.0,0,0.0
2014-06-25 08:04:00,44.505,0.0672939338245,0.0,0,0.0
2014-06-25 08:09:00,31.337,0.144084805373,0.975000023842,0,0.0
2014-06-25 08:14:00,32.11,0.144084805373,0.0,0,0.0
2014-06-25 08:19:00,29.553,0.144084805373,0.0,0,0.0
2014-06-25 08:24:00,30.336,0.144084805373,0.0,0,0.0
2014-06-25 08:29:00,31.449,0.144084805373,0.0,0,0.0
2014-06-25 08:34:00,29.88,0.144084805373,0.0,0,0.0
2014-06-25 08:39:00,29.786,0.144084805373,0.0,0,0.0
2014-06-25 08:44:00,31.56,0.144084805373,0.0,0,0.0
2014-06-25 08:49:00,29.75,0.144084805373,0.0,0,0.0
2014-06-25 08:54:00,30.047,0.144084805373,0.0,0,0.0
2014-06-25 08:59:00,33.309,0.0672939338245,0.0,0,0.0
2014-06-25 09:04:00,45.274,0.0672939338245,0.0,0,0.0
2014-06-25 09:09:00,71.373,0.0672939338245,0.0,0,0.0
2014-06-25 09:14:00,45.67,0.0672939338245,0.0,0,0.0
2014-06-25 09:19:00,30.334,0.0672939338245,0.0,0,0.0
2014-06-25 09:24:00,30.668,0.0672939338245,0.0,0,0.0
2014-06-25 09:29:00,31.009,0.0672939338245,0.0,0,0.0
2014-06-25 09:34:00,29.623,0.0672939338245,0.0,0,0.0
2014-06-25 09:39:00,30.052,0.0672939338245,0.0,0,0.0
2014-06-25 09:44:00,31.107,0.0672939338245,0.0,0,0.0
2014-06-25 09:49:00,30.212,0.0672939338245,0.0,0,0.0
2014-06-25 09:54:00,30.048,0.0670758562138,0.0,0,0.0
2014-06-25 09:59:00,33.424,0.0670758562138,0.0,0,0.0
2014-06-25 10:04:00,44.334,0.0632291047053,0.0250000003725,0,0.0
2014-06-25 10:09:00,72.833,0.0559713989486,0.0500000007451,0,0.0
2014-06-25 10:14:00,45.832,0.0559713989486,0.0,0,0.0
2014-06-25 10:19:00,30.326,0.0559713989486,0.0,0,0.0
2014-06-25 10:24:00,30.169,0.0559713989486,0.0,0,0.0
2014-06-25 10:29:00,32.503,0.0559713989486,0.0,0,0.0
2014-06-25 10:34:00,29.12,0.0559713989486,0.0,0,0.0
2014-06-25 10:39:00,30.55,0.0559713989486,0.0,0,0.0
2014-06-25 10:44:00,31.336,0.0559713989486,0.0,0,0.0
2014-06-25 10:49:00,30.659,0.0559713989486,0.0,0,0.0
2014-06-25 10:54:00,30.175,0.0595282215231,0.0,0,0.0
2014-06-25 10:59:00,32.635,0.0670758562138,0.0,0,0.0
2014-06-25 11:04:00,44.836,0.0670758562138,0.0,0,0.0
2014-06-25 11:09:00,73.0,0.0670758562138,0.0,0,0.0
2014-06-25 11:14:00,45.447,0.0670758562138,0.0,0,0.0
2014-06-25 11:19:00,30.211,0.0670758562138,0.0,0,0.0
2014-06-25 11:24:00,29.98,0.0670758562138,0.0,0,0.0
2014-06-25 11:29:00,31.446,0.0670758562138,0.0,0,0.0
2014-06-25 11:34:00,29.662,0.0670758562138,0.0,0,0.0
2014-06-25 11:39:00,30.73,0.0670758562138,0.0,0,0.0
2014-06-25 11:44:00,31.283,0.0670758562138,0.0,0,0.0
2014-06-25 11:49:00,30.213,0.0670758562138,0.0,0,0.0
2014-06-25 11:54:00,30.937,0.0670758562138,0.0,0,0.0
2014-06-25 11:59:00,32.899,0.0670758562138,0.0,0,0.0
2014-06-25 12:04:00,44.0,0.0595282215231,0.0500000007451,0,0.0
2014-06-25 12:09:00,38.881,0.071070204651,0.574999988079,0,0.0
2014-06-25 12:14:00,31.662,0.113912078234,0.22499999404,0,0.0
2014-06-25 12:19:00,29.786,0.113912078234,0.0,0,0.0
2014-06-25 12:24:00,30.336,0.113912078234,0.0,0,0.0
2014-06-25 12:29:00,31.372,0.113912078234,0.0,0,0.0
2014-06-25 12:34:00,30.0,0.113912078234,0.0,0,0.0
2014-06-25 12:39:00,30.84,0.113912078234,0.0,0,0.0
2014-06-25 12:44:00,31.342,0.113912078234,0.0,0,0.0
2014-06-25 12:49:00,29.843,0.113912078234,0.0,0,0.0
2014-06-25 12:54:00,30.161,0.10329381233,0.0,0,0.0
2014-06-25 12:59:00,33.495,0.0375441259509,0.0,0,0.0
2014-06-25 13:04:00,43.338,0.0632291047053,0.0250000003725,0,0.0
2014-06-25 13:09:00,66.834,0.0632291047053,0.0,0,0.0
2014-06-25 13:14:00,45.997,0.0349380938114,0.22499999404,0,0.0
2014-06-25 13:19:00,30.256,0.0349380938114,0.0,0,0.0
2014-06-25 13:24:00,29.159,0.0349380938114,0.0,0,0.0
2014-06-25 13:29:00,31.651,0.0349380938114,0.0,0,0.0
2014-06-25 13:34:00,30.173,0.0349380938114,0.0,0,0.0
2014-06-25 13:39:00,30.428,0.0349380938114,0.0,0,0.0
2014-06-25 13:44:00,30.885,0.0349380938114,0.0,0,0.0
2014-06-25 13:49:00,30.786,0.0349380938114,0.0,0,0.0
2014-06-25 13:54:00,29.166,0.0375441259509,0.0,0,0.0
2014-06-25 13:59:00,33.384,0.0375441259509,0.0,0,0.0
2014-06-25 14:04:00,44.285,0.0670758562138,0.0,0,0.0
2014-06-25 14:09:00,73.132,0.0670758562138,0.0,0,0.0
2014-06-25 14:14:00,45.836,0.0670758562138,0.0,0,0.0
2014-06-25 14:19:00,29.874,0.0670758562138,0.0,0,0.0
2014-06-25 14:24:00,30.653,0.0670758562138,0.0,0,0.0
2014-06-25 14:29:00,30.488,0.0670758562138,0.0,0,0.0
2014-06-25 14:34:00,30.791,0.0670758562138,0.0,0,0.0
2014-06-25 14:39:00,29.552,0.0670758562138,0.0,0,0.0
2014-06-25 14:44:00,31.461,0.0670758562138,0.0,0,0.0
2014-06-25 14:49:00,29.715,0.0670758562138,0.0,0,0.0
2014-06-25 14:54:00,30.836,0.0670758562138,0.0,0,0.0
2014-06-25 14:59:00,32.481,0.0632291047053,0.0250000003725,0,0.0
2014-06-25 15:04:00,44.832,0.0632291047053,0.0,0,0.0
2014-06-25 15:09:00,73.167,0.0632291047053,0.0,0,0.0
2014-06-25 15:14:00,45.556,0.0632291047053,0.0,0,0.0
2014-06-25 15:19:00,29.831,0.0632291047053,0.0,0,0.0
2014-06-25 15:24:00,30.115,0.0632291047053,0.0,0,0.0
2014-06-25 15:29:00,31.015,0.0632291047053,0.0,0,0.0
2014-06-25 15:34:00,30.55,0.0595282215231,0.0250000003725,0,0.0
2014-06-25 15:39:00,31.097,0.0525567493793,0.0500000007451,0,0.0
2014-06-25 15:44:00,30.696,0.0492823027575,0.0250000003725,0,0.0
2014-06-25 15:49:00,29.789,0.0525567493793,0.0,0,0.0
2014-06-25 15:54:00,30.216,0.0525567493793,0.0,0,0.0
2014-06-25 15:59:00,33.272,0.0525567493793,0.0,0,0.0
2014-06-25 16:04:00,44.052,0.0525567493793,0.0,0,0.0
2014-06-25 16:09:00,72.833,0.0525567493793,0.0,0,0.0
2014-06-25 16:14:00,46.114,0.0525567493793,0.0,0,0.0
2014-06-25 16:19:00,29.502,0.0525567493793,0.0,0,0.0
2014-06-25 16:24:00,31.2,0.0559713989486,0.0,0,0.0
2014-06-25 16:29:00,29.826,0.0632291047053,0.0,0,0.0
2014-06-25 16:34:00,30.283,0.0670758562138,0.0,0,0.0
2014-06-25 16:39:00,30.382,0.0670758562138,0.0,0,0.0
2014-06-25 16:44:00,31.661,0.0670758562138,0.0,0,0.0
2014-06-25 16:49:00,29.391,0.0670758562138,0.0,0,0.0
2014-06-25 16:54:00,29.72,0.0670758562138,0.0,0,0.0
2014-06-25 16:59:00,33.679,0.0670758562138,0.0,0,0.0
2014-06-25 17:04:00,43.715,0.0670758562138,0.0,0,0.0
2014-06-25 17:09:00,38.057,0.0933114411351,0.75,0,0.0
2014-06-25 17:14:00,32.629,0.0933114411351,0.0,0,0.0
2014-06-25 17:19:00,29.756,0.0933114411351,0.0,0,0.0
2014-06-25 17:24:00,30.24,0.0933114411351,0.0,0,0.0
2014-06-25 17:29:00,31.549,0.0933114411351,0.0,0,0.0
2014-06-25 17:34:00,30.165,0.0933114411351,0.0,0,0.0
2014-06-25 17:39:00,29.838,0.0933114411351,0.0,0,0.0
2014-06-25 17:44:00,30.956,0.0933114411351,0.0,0,0.0
2014-06-25 17:49:00,29.719,0.0933114411351,0.0,0,0.0
2014-06-25 17:54:00,30.126,0.0933114411351,0.0,0,0.0
2014-06-25 17:59:00,33.713,0.0670758562138,0.0,0,0.0
2014-06-25 18:04:00,43.493,0.0670758562138,0.0,0,0.0
2014-06-25 18:09:00,72.334,0.0670758562138,0.0,0,0.0
2014-06-25 18:14:00,46.122,0.0671171736627,0.0,0,0.0
2014-06-25 18:19:00,30.215,0.0671171736627,0.0,0,0.0
2014-06-25 18:24:00,30.505,0.0671171736627,0.0,0,0.0
2014-06-25 18:29:00,31.339,0.0671171736627,0.0,0,0.0
2014-06-25 18:34:00,30.829,0.0671171736627,0.0,0,0.0
2014-06-25 18:39:00,30.502,0.0671171736627,0.0,0,0.0
2014-06-25 18:44:00,30.335,0.0671171736627,0.0,0,0.0
2014-06-25 18:49:00,30.178,0.0671171736627,0.0,0,0.0
2014-06-25 18:54:00,30.98,0.0671171736627,0.0,0,0.0
2014-06-25 18:59:00,33.512,0.0671171736627,0.0,0,0.0
2014-06-25 19:04:00,43.812,0.0671171736627,0.0,0,0.0
2014-06-25 19:09:00,37.502,0.0525802456044,0.10000000149,0,0.0
2014-06-25 19:14:00,32.327,0.0525802456044,0.0,0,0.0
2014-06-25 19:19:00,30.281,0.0525802456044,0.0,0,0.0
2014-06-25 19:24:00,31.314,0.0525802456044,0.0,0,0.0
2014-06-25 19:29:00,31.0,0.0525802456044,0.0,0,0.0
2014-06-25 19:34:00,29.657,0.0525802456044,0.0,0,0.0
2014-06-25 19:39:00,30.825,0.0525802456044,0.0,0,0.0
2014-06-25 19:44:00,30.17,0.0525802456044,0.0,0,0.0
2014-06-25 19:49:00,30.337,0.0525802456044,0.0,0,0.0
2014-06-25 19:54:00,30.837,0.0525802456044,0.0,0,0.0
2014-06-25 19:59:00,32.622,0.0671171736627,0.0,0,0.0
2014-06-25 20:04:00,44.669,0.0671171736627,0.0,0,0.0
2014-06-25 20:09:00,67.333,0.0671171736627,0.0,0,0.0
2014-06-25 20:14:00,45.18,0.0671171736627,0.0,0,0.0
2014-06-25 20:19:00,30.541,0.0671171736627,0.0,0,0.0
2014-06-25 20:24:00,30.12,0.0671171736627,0.0,0,0.0
2014-06-25 20:29:00,31.869,0.0671171736627,0.0,0,0.0
2014-06-25 20:34:00,29.946,0.0671171736627,0.0,0,0.0
2014-06-25 20:39:00,29.879,0.0671171736627,0.0,0,0.0
2014-06-25 20:44:00,32.339,0.0671171736627,0.0,0,0.0
2014-06-25 20:49:00,28.675,0.0671171736627,0.0,0,0.0
2014-06-25 20:54:00,30.162,0.0671171736627,0.0,0,0.0
2014-06-25 20:59:00,33.122,0.0671171736627,0.0,0,0.0
2014-06-25 21:04:00,45.769,0.0671171736627,0.0,0,0.0
2014-06-25 21:09:00,38.312,0.0840186198833,0.699999988079,0,0.0
2014-06-25 21:14:00,31.661,0.0840186198833,0.0,0,0.0
2014-06-25 21:19:00,29.215,0.0840186198833,0.0,0,0.0
2014-06-25 21:24:00,29.796,0.0840186198833,0.0,0,0.0
2014-06-25 21:29:00,31.508,0.0886255008323,0.0250000003725,0,0.0
2014-06-25 21:34:00,30.051,0.0886255008323,0.0,0,0.0
2014-06-25 21:39:00,29.954,0.0886255008323,0.0,0,0.0
2014-06-25 21:44:00,31.375,0.0886255008323,0.0,0,0.0
2014-06-25 21:49:00,29.96,0.0886255008323,0.0,0,0.0
2014-06-25 21:54:00,30.046,0.0886255008323,0.0,0,0.0
2014-06-25 21:59:00,33.082,0.0632655608699,0.0,0,0.0
2014-06-25 22:04:00,43.838,0.0632655608699,0.0,0,0.0
2014-06-25 22:09:00,73.667,0.0559989486708,0.0500000007451,0,0.0
2014-06-25 22:14:00,51.502,0.0559989486708,0.0,0,0.0
2014-06-25 22:19:00,29.885,0.0595600897923,0.0,0,0.0
2014-06-25 22:24:00,31.161,0.0595600897923,0.0,0,0.0
2014-06-25 22:29:00,30.783,0.0595600897923,0.0,0,0.0
2014-06-25 22:34:00,31.17,0.0559989486708,0.0250000003725,0,0.0
2014-06-25 22:39:00,30.289,0.0559989486708,0.0,0,0.0
2014-06-25 22:44:00,30.891,0.0559989486708,0.0,0,0.0
2014-06-25 22:49:00,30.173,0.0559989486708,0.0,0,0.0
2014-06-25 22:54:00,29.0,0.0525802456044,0.0250000003725,0,0.0
2014-06-25 22:59:00,34.019,0.0595600897923,0.0,0,0.0
2014-06-25 23:04:00,43.501,0.0559989486708,0.0250000003725,0,0.0
2014-06-25 23:09:00,73.5,0.0559989486708,0.0,0,0.0
2014-06-25 23:14:00,44.434,0.0559989486708,0.0,0,0.0
2014-06-25 23:19:00,30.046,0.0559989486708,0.0,0,0.0
2014-06-25 23:24:00,30.84,0.0595600897923,0.0,0,0.0
2014-06-25 23:29:00,31.464,0.0595600897923,0.0,0,0.0
2014-06-25 23:34:00,29.62,0.0595600897923,0.0,0,0.0
2014-06-25 23:39:00,30.214,0.0595600897923,0.0,0,0.0
2014-06-25 23:44:00,31.008,0.0632655608699,0.0,0,0.0
2014-06-25 23:49:00,30.159,0.0632655608699,0.0,0,0.0
2014-06-25 23:54:00,29.794,0.0671171736627,0.0,0,0.0
2014-06-25 23:59:00,32.797,0.0671171736627,0.0,0,0.0
2014-06-26 00:04:00,45.0,0.0671171736627,0.0,0,0.0
2014-06-26 00:09:00,73.167,0.0671171736627,0.0,0,0.0
2014-06-26 00:14:00,52.989,0.0525802456044,0.10000000149,0,0.0
2014-06-26 00:19:00,29.507,0.0493020059668,0.0250000003725,0,0.0
2014-06-26 00:24:00,30.269,0.0493020059668,0.0,0,0.0
2014-06-26 00:29:00,31.342,0.0493020059668,0.0,0,0.0
2014-06-26 00:34:00,31.711,0.0461621699304,0.0250000003725,0,0.0
2014-06-26 00:39:00,29.581,0.0461621699304,0.0,0,0.0
2014-06-26 00:44:00,31.288,0.0431585901331,0.0250000003725,0,0.0
2014-06-26 00:49:00,30.05,0.0431585901331,0.0,0,0.0
2014-06-26 00:54:00,29.63,0.0431585901331,0.0,0,0.0
2014-06-26 00:59:00,33.037,0.0431585901331,0.0,0,0.0
2014-06-26 01:04:00,45.122,0.0559989486708,0.0,0,0.0
2014-06-26 01:09:00,67.666,0.0595600897923,0.0,0,0.0
2014-06-26 01:14:00,44.209,0.0595600897923,0.0,0,0.0
2014-06-26 01:19:00,31.001,0.0595600897923,0.0,0,0.0
2014-06-26 01:24:00,30.999,0.0632655608699,0.0,0,0.0
2014-06-26 01:29:00,31.942,0.0632655608699,0.0,0,0.0
2014-06-26 01:34:00,28.879,0.0671171736627,0.0,0,0.0
2014-06-26 01:39:00,30.338,0.0671171736627,0.0,0,0.0
2014-06-26 01:44:00,30.839,0.0671171736627,0.0,0,0.0
2014-06-26 01:49:00,30.001,0.0671171736627,0.0,0,0.0
2014-06-26 01:54:00,30.124,0.0671171736627,0.0,0,0.0
2014-06-26 01:59:00,32.898,0.0671171736627,0.0,0,0.0
2014-06-26 02:04:00,44.171,0.0671171736627,0.0,0,0.0
2014-06-26 02:09:00,72.834,0.0671171736627,0.0,0,0.0
2014-06-26 02:14:00,44.869,0.0671171736627,0.0,0,0.0
2014-06-26 02:19:00,30.506,0.0671171736627,0.0,0,0.0
2014-06-26 02:24:00,31.337,0.0671171736627,0.0,0,0.0
2014-06-26 02:29:00,32.17,0.0632655608699,0.0250000003725,0,0.0
2014-06-26 02:34:00,29.668,0.063274481933,0.0,0,0.0
2014-06-26 02:39:00,29.798,0.063274481933,0.0,0,0.0
2014-06-26 02:44:00,31.39,0.0595678880472,0.0250000003725,0,0.0
2014-06-26 02:49:00,29.785,0.0595678880472,0.0,0,0.0
2014-06-26 02:54:00,29.881,0.0595678880472,0.0,0,0.0
2014-06-26 02:59:00,33.851,0.0595678880472,0.0,0,0.0
2014-06-26 03:04:00,44.005,0.0595678880472,0.0,0,0.0
2014-06-26 03:09:00,80.0,0.0595678880472,0.0,0,0.0
2014-06-26 03:14:00,52.62,0.0525859950031,0.0500000007451,0,0.0
2014-06-26 03:19:00,29.547,0.0560056900551,0.0,0,0.0
2014-06-26 03:24:00,30.004,0.0560056900551,0.0,0,0.0
2014-06-26 03:29:00,31.509,0.0560056900551,0.0,0,0.0
2014-06-26 03:34:00,36.83,0.0349436504372,0.20000000298,0,0.0
2014-06-26 03:39:00,30.642,0.0349436504372,0.0,0,0.0
2014-06-26 03:44:00,31.159,0.0349436504372,0.0,0,0.0
2014-06-26 03:49:00,30.003,0.0349436504372,0.0,0,0.0
2014-06-26 03:54:00,29.957,0.0349436504372,0.0,0,0.0
2014-06-26 03:59:00,32.355,0.0349436504372,0.0,0,0.0
2014-06-26 04:04:00,44.625,0.0402914364113,0.0,0,0.0
2014-06-26 04:09:00,72.33,0.0402914364113,0.0,0,0.0
2014-06-26 04:14:00,45.326,0.0402914364113,0.0,0,0.0
2014-06-26 04:19:00,30.0,0.0402914364113,0.0,0,0.0
2014-06-26 04:24:00,30.667,0.067127284461,0.0,0,0.0
2014-06-26 04:29:00,30.288,0.067127284461,0.0,0,0.0
2014-06-26 04:34:00,30.218,0.067127284461,0.0,0,0.0
2014-06-26 04:39:00,31.296,0.067127284461,0.0,0,0.0
2014-06-26 04:44:00,29.89,0.067127284461,0.0,0,0.0
2014-06-26 04:49:00,29.942,0.067127284461,0.0,0,0.0
2014-06-26 04:54:00,30.88,0.067127284461,0.0,0,0.0
2014-06-26 04:59:00,33.011,0.067127284461,0.0,0,0.0
2014-06-26 05:04:00,43.628,0.067127284461,0.0,0,0.0
2014-06-26 05:09:00,79.666,0.063274481933,0.0250000003725,0,0.0
2014-06-26 05:14:00,52.166,0.0525859947536,0.0750000029802,0,0.0
2014-06-26 05:19:00,29.958,0.0525859947536,0.0,0,0.0
2014-06-26 05:24:00,29.932,0.0525859947536,0.0,0,0.0
2014-06-26 05:29:00,31.294,0.0525859947536,0.0,0,0.0
2014-06-26 05:34:00,29.682,0.0525859947536,0.0,0,0.0
2014-06-26 05:39:00,30.671,0.0525859947536,0.0,0,0.0
2014-06-26 05:44:00,31.339,0.0525859947536,0.0,0,0.0
2014-06-26 05:49:00,30.0,0.0525859947536,0.0,0,0.0
2014-06-26 05:54:00,29.914,0.0525859947536,0.0,0,0.0
2014-06-26 05:59:00,33.419,0.056005689795,0.0,0,0.0
2014-06-26 06:04:00,45.119,0.067127284461,0.0,0,0.0
2014-06-26 06:09:00,73.0,0.067127284461,0.0,0,0.0
2014-06-26 06:14:00,45.315,0.067127284461,0.0,0,0.0
2014-06-26 06:19:00,30.448,0.067127284461,0.0,0,0.0
2014-06-26 06:24:00,30.384,0.067127284461,0.0,0,0.0
2014-06-26 06:29:00,31.347,0.067127284461,0.0,0,0.0
2014-06-26 06:34:00,30.17,0.067127284461,0.0,0,0.0
2014-06-26 06:39:00,31.331,0.067127284461,0.0,0,0.0
2014-06-26 06:44:00,29.557,0.067127284461,0.0,0,0.0
2014-06-26 06:49:00,30.063,0.067127284461,0.0,0,0.0
2014-06-26 06:54:00,29.878,0.067127284461,0.0,0,0.0
2014-06-26 06:59:00,32.632,0.067127284461,0.0,0,0.0
2014-06-26 07:04:00,44.338,0.063274481933,0.0250000003725,0,0.0
2014-06-26 07:09:00,66.499,0.063274481933,0.0,0,0.0
2014-06-26 07:14:00,51.832,0.063274481933,0.0,0,0.0
2014-06-26 07:19:00,31.009,0.063274481933,0.0,0,0.0
2014-06-26 07:24:00,29.995,0.063274481933,0.0,0,0.0
2014-06-26 07:29:00,31.675,0.063274481933,0.0,0,0.0
2014-06-26 07:34:00,30.124,0.063274481933,0.0,0,0.0
2014-06-26 07:39:00,29.831,0.063274481933,0.0,0,0.0
2014-06-26 07:44:00,31.55,0.063274481933,0.0,0,0.0
2014-06-26 07:49:00,30.002,0.063274481933,0.0,0,0.0
2014-06-26 07:54:00,29.871,0.067127284461,0.0,0,0.0
2014-06-26 07:59:00,33.133,0.067127284461,0.0,0,0.0
2014-06-26 08:04:00,44.176,0.067127284461,0.0,0,0.0
2014-06-26 08:09:00,79.5,0.0595678880472,0.0500000007451,0,0.0
2014-06-26 08:14:00,52.007,0.0461661254698,0.10000000149,0,0.0
2014-06-26 08:19:00,30.341,0.043161741352,0.0250000003725,0,0.0
2014-06-26 08:24:00,31.2,0.043161741352,0.0,0,0.0
2014-06-26 08:29:00,30.172,0.043161741352,0.0,0,0.0
2014-06-26 08:34:00,29.629,0.043161741352,0.0,0,0.0
2014-06-26 08:39:00,29.671,0.043161741352,0.0,0,0.0
2014-06-26 08:44:00,31.396,0.043161741352,0.0,0,0.0
2014-06-26 08:49:00,29.756,0.043161741352,0.0,0,0.0
2014-06-26 08:54:00,29.706,0.043161741352,0.0,0,0.0
2014-06-26 08:59:00,34.3,0.0493068271464,0.0,0,0.0
2014-06-26 09:04:00,43.992,0.063274481933,0.0,0,0.0
2014-06-26 09:09:00,74.834,0.067127284461,0.0,0,0.0
2014-06-26 09:14:00,51.835,0.067127284461,0.0,0,0.0
2014-06-26 09:19:00,29.792,0.067127284461,0.0,0,0.0
2014-06-26 09:24:00,31.213,0.067127284461,0.0,0,0.0
2014-06-26 09:29:00,29.798,0.067127284461,0.0,0,0.0
2014-06-26 09:34:00,30.351,0.067127284461,0.0,0,0.0
2014-06-26 09:39:00,30.5,0.067127284461,0.0,0,0.0
2014-06-26 09:44:00,31.264,0.067127284461,0.0,0,0.0
2014-06-26 09:49:00,29.847,0.067127284461,0.0,0,0.0
2014-06-26 09:54:00,29.941,0.067127284461,0.0,0,0.0
2014-06-26 09:59:00,32.729,0.067127284461,0.0,0,0.0
2014-06-26 10:04:00,44.5,0.067127284461,0.0,0,0.0
2014-06-26 10:09:00,79.116,0.063274481933,0.0250000003725,0,0.0
2014-06-26 10:14:00,51.588,0.0525859947536,0.0750000029802,0,0.0
2014-06-26 10:19:00,30.067,0.0525859947536,0.0,0,0.0
2014-06-26 10:24:00,30.602,0.0525859947536,0.0,0,0.0
2014-06-26 10:29:00,31.122,0.0525859947536,0.0,0,0.0
2014-06-26 10:34:00,30.902,0.0525859947536,0.0,0,0.0
2014-06-26 10:39:00,29.947,0.0525859947536,0.0,0,0.0
2014-06-26 10:44:00,30.777,0.0525859947536,0.0,0,0.0
2014-06-26 10:49:00,30.259,0.0525859947536,0.0,0,0.0
2014-06-26 10:54:00,31.146,0.0526836965942,0.0,0,0.0
2014-06-26 10:59:00,32.165,0.0561202558588,0.0,0,0.0
2014-06-26 11:04:00,44.152,0.0672991399155,0.0,0,0.0
2014-06-26 11:09:00,79.527,0.0634261074215,0.0250000003725,0,0.0
2014-06-26 11:14:00,45.664,0.0634261074215,0.0,0,0.0
2014-06-26 11:19:00,30.629,0.0634261074215,0.0,0,0.0
2014-06-26 11:24:00,29.049,0.0634261074215,0.0,0,0.0
2014-06-26 11:29:00,31.281,0.0634261074215,0.0,0,0.0
2014-06-26 11:34:00,30.342,0.0634261074215,0.0,0,0.0
2014-06-26 11:39:00,31.161,0.0634261074215,0.0,0,0.0
2014-06-26 11:44:00,30.862,0.0634261074215,0.0,0,0.0
2014-06-26 11:49:00,29.626,0.0634261074215,0.0,0,0.0
2014-06-26 11:54:00,29.863,0.0634261074215,0.0,0,0.0
2014-06-26 11:59:00,33.025,0.0672991399155,0.0,0,0.0
2014-06-26 12:04:00,44.341,0.0672991399155,0.0,0,0.0
2014-06-26 12:09:00,79.333,0.0672991399155,0.0,0,0.0
2014-06-26 12:14:00,52.0,0.0634261074215,0.0250000003725,0,0.0
2014-06-26 12:19:00,30.5,0.0634261074215,0.0,0,0.0
2014-06-26 12:24:00,29.788,0.0634261074215,0.0,0,0.0
2014-06-26 12:29:00,30.828,0.0634261074215,0.0,0,0.0
2014-06-26 12:34:00,29.87,0.0634261074215,0.0,0,0.0
2014-06-26 12:39:00,31.339,0.0634261074215,0.0,0,0.0
2014-06-26 12:44:00,29.947,0.0634261074215,0.0,0,0.0
2014-06-26 12:49:00,29.841,0.0634261074215,0.0,0,0.0
2014-06-26 12:54:00,30.052,0.0634261074215,0.0,0,0.0
2014-06-26 12:59:00,32.929,0.0634261074215,0.0,0,0.0
2014-06-26 13:04:00,44.222,0.0634261074215,0.0250000003725,0,0.0
2014-06-26 13:09:00,78.166,0.0634261074215,0.0,0,0.0
2014-06-26 13:14:00,52.381,0.0634261074215,0.0,0,0.0
2014-06-26 13:19:00,29.839,0.0634261074215,0.0,0,0.0
2014-06-26 13:24:00,29.786,0.0634261074215,0.0,0,0.0
2014-06-26 13:29:00,32.441,0.0634261074215,0.0,0,0.0
2014-06-26 13:34:00,30.766,0.0634261074215,0.0,0,0.0
2014-06-26 13:39:00,29.831,0.0634261074215,0.0,0,0.0
2014-06-26 13:44:00,31.343,0.0634261074215,0.0,0,0.0
2014-06-26 13:49:00,30.506,0.0634261074215,0.0,0,0.0
2014-06-26 13:54:00,29.989,0.0672991399155,0.0,0,0.0
2014-06-26 13:59:00,32.838,0.0672991399155,0.0,0,0.0
2014-06-26 14:04:00,44.329,0.0672991399155,0.0,0,0.0
2014-06-26 14:09:00,72.963,0.0672991399155,0.0,0,0.0
2014-06-26 14:14:00,51.835,0.0634261074215,0.0250000003725,0,0.0
2014-06-26 14:19:00,30.619,0.0634261074215,0.0,0,0.0
2014-06-26 14:24:00,30.479,0.0634261074215,0.0,0,0.0
2014-06-26 14:29:00,30.553,0.0634261074215,0.0,0,0.0
2014-06-26 14:34:00,30.831,0.0634261074215,0.0,0,0.0
2014-06-26 14:39:00,30.826,0.0634261074215,0.0,0,0.0
2014-06-26 14:44:00,30.441,0.0634261074215,0.0,0,0.0
2014-06-26 14:49:00,29.999,0.0634261074215,0.0,0,0.0
2014-06-26 14:54:00,29.995,0.0634261074215,0.0,0,0.0
2014-06-26 14:59:00,32.72,0.0634261074215,0.0,0,0.0
2014-06-26 15:04:00,43.903,0.0634261074215,0.0250000003725,0,0.0
2014-06-26 15:09:00,79.615,0.0634261074215,0.0,0,0.0
2014-06-26 15:14:00,53.045,0.0597004226871,0.0250000003725,0,0.0
2014-06-26 15:19:00,29.997,0.0597004226871,0.0,0,0.0
2014-06-26 15:24:00,29.953,0.0597004226871,0.0,0,0.0
2014-06-26 15:29:00,33.181,0.0561202561202,0.0250000003725,0,0.0
2014-06-26 15:34:00,28.835,0.0526836968449,0.0250000003725,0,0.0
2014-06-26 15:39:00,30.712,0.0493887500655,0.0250000003725,0,0.0
2014-06-26 15:44:00,31.007,0.0462333345376,0.0250000003725,0,0.0
2014-06-26 15:49:00,29.996,0.0462333345376,0.0,0,0.0
2014-06-26 15:54:00,31.169,0.0493887500655,0.0,0,0.0
2014-06-26 15:59:00,31.79,0.0493887500655,0.0,0,0.0
2014-06-26 16:04:00,44.831,0.0526836968449,0.0,0,0.0
2014-06-26 16:09:00,80.0,0.0526836968449,0.0,0,0.0
2014-06-26 16:14:00,52.547,0.0493887500655,0.0250000003725,0,0.0
2014-06-26 16:19:00,29.983,0.0526836968449,0.0,0,0.0
2014-06-26 16:24:00,30.493,0.0561202561202,0.0,0,0.0
2014-06-26 16:29:00,32.176,0.0597004226871,0.0,0,0.0
2014-06-26 16:34:00,29.621,0.0634261074215,0.0,0,0.0
2014-06-26 16:39:00,29.877,0.0634261074215,0.0,0,0.0
2014-06-26 16:44:00,31.15,0.0634261074215,0.0,0,0.0
2014-06-26 16:49:00,30.292,0.0634261074215,0.0,0,0.0
2014-06-26 16:54:00,29.785,0.0634261074215,0.0,0,0.0
2014-06-26 16:59:00,32.853,0.0634261074215,0.0,0,0.0
2014-06-26 17:04:00,44.82,0.0672991399155,0.0,0,0.0
2014-06-26 17:09:00,79.667,0.0634261074215,0.0250000003725,0,0.0
2014-06-26 17:14:00,52.332,0.0634261074215,0.0,0,0.0
2014-06-26 17:19:00,30.454,0.0634261074215,0.0,0,0.0
2014-06-26 17:24:00,29.67,0.0634261074215,0.0,0,0.0
2014-06-26 17:29:00,72.97,0.157119547963,1.0,0,0.0
2014-06-26 17:34:00,100.0,0.335687167108,0.524999976158,0,0.0
2014-06-26 17:39:00,66.669,0.346145049177,0.0250000003725,0,0.0
2014-06-26 17:44:00,59.337,0.367603491948,0.0500000007451,0,0.0
2014-06-26 17:49:00,30.169,0.378604667399,0.0250000003725,0,0.0
2014-06-26 17:54:00,30.168,0.378604667399,0.0,0,0.0
2014-06-26 17:59:00,33.0,0.367603491948,0.0,0,0.0
2014-06-26 18:04:00,44.287,0.607927298813,0.47499999404,0,-0.11
2014-06-26 18:09:00,79.667,0.299999996735,0.0,0,0.0
2014-06-26 18:14:00,52.498,0.299999996735,0.0,0,0.0
2014-06-26 18:19:00,31.672,0.177916078183,0.0,0,0.0
2014-06-26 18:24:00,29.826,0.0634261067987,0.0,0,0.0
2014-06-26 18:29:00,30.832,0.0597004220884,0.0,0,0.0
2014-06-26 18:34:00,29.813,0.0526836962933,0.0,0,0.0
2014-06-26 18:39:00,30.367,0.0493887495369,0.0,0,0.0
2014-06-26 18:44:00,31.003,0.0493887495369,0.0,0,0.0
2014-06-26 18:49:00,30.89,0.0493887495369,0.0,0,0.0
2014-06-26 18:54:00,30.714,0.0672991399155,0.0,0,0.0
2014-06-26 18:59:00,32.452,0.0672991399155,0.0,0,0.0
2014-06-26 19:04:00,44.887,0.0672991399155,0.0,0,0.0
2014-06-26 19:09:00,66.667,0.0672991399155,0.0,0,0.0
2014-06-26 19:14:00,52.12,0.0666901682883,0.0,0,0.0
2014-06-26 19:19:00,30.047,0.0666901682883,0.0,0,0.0
2014-06-26 19:24:00,31.58,0.0666901682883,0.0,0,0.0
2014-06-26 19:29:00,31.375,0.0666901682883,0.0,0,0.0
2014-06-26 19:34:00,30.172,0.0666901682883,0.0,0,0.0
2014-06-26 19:39:00,30.494,0.0666901682883,0.0,0,0.0
2014-06-26 19:44:00,31.334,0.0666901682883,0.0,0,0.0
2014-06-26 19:49:00,30.167,0.0666901682883,0.0,0,0.0
2014-06-26 19:54:00,31.316,0.0666901682883,0.0,0,0.0
2014-06-26 19:59:00,32.282,0.0666901682883,0.0,0,0.0
2014-06-26 20:04:00,44.717,0.0666901682883,0.0,0,0.0
2014-06-26 20:09:00,79.499,0.0666901682883,0.0,0,0.0
2014-06-26 20:14:00,52.313,0.0628887544568,0.0250000003725,0,0.0
2014-06-26 20:19:00,29.833,0.0628887544568,0.0,0,0.0
2014-06-26 20:24:00,32.22,0.0628887544568,0.0,0,0.0
2014-06-26 20:29:00,32.063,0.0628887544568,0.0,0,0.0
2014-06-26 20:34:00,29.794,0.0628887544568,0.0,0,0.0
2014-06-26 20:39:00,29.283,0.0628887544568,0.0,0,0.0
2014-06-26 20:44:00,31.492,0.0628887544568,0.0,0,0.0
2014-06-26 20:49:00,30.751,0.0628887544568,0.0,0,0.0
2014-06-26 20:54:00,29.319,0.0628887544568,0.0,0,0.0
2014-06-26 20:59:00,34.818,0.0628887544568,0.0,0,0.0
2014-06-26 21:04:00,44.002,0.0628887544568,0.0250000003725,0,0.0
2014-06-26 21:09:00,80.167,0.0628887544568,0.0,0,0.0
2014-06-26 21:14:00,51.999,0.0628887544568,0.0,0,0.0
2014-06-26 21:19:00,30.167,0.0628887544568,0.0,0,0.0
2014-06-26 21:24:00,30.333,0.0628887544568,0.0,0,0.0
2014-06-26 21:29:00,31.786,0.0592306651262,0.0250000003725,0,0.0
2014-06-26 21:34:00,31.887,0.0557141301431,0.0250000003725,0,0.0
2014-06-26 21:39:00,29.672,0.0557141301431,0.0,0,0.0
2014-06-26 21:44:00,31.835,0.0523373018545,0.0250000003725,0,0.0
2014-06-26 21:49:00,31.446,0.0523373018545,0.0,0,0.0
2014-06-26 21:54:00,29.025,0.0557141301431,0.0,0,0.0
2014-06-26 21:59:00,32.34,0.0557141301431,0.0,0,0.0
2014-06-26 22:04:00,44.956,0.0557141301431,0.0,0,0.0
2014-06-26 22:09:00,80.979,0.0557141301431,0.0,0,0.0
2014-06-26 22:14:00,52.717,0.0557141301431,0.0,0,0.0
2014-06-26 22:19:00,31.165,0.0592306651262,0.0,0,0.0
2014-06-26 22:24:00,29.505,0.0628887544568,0.0,0,0.0
2014-06-26 22:29:00,32.753,0.0628887544568,0.0,0,0.0
2014-06-26 22:34:00,29.664,0.0666901682883,0.0,0,0.0
2014-06-26 22:39:00,31.676,0.0666901682883,0.0,0,0.0
2014-06-26 22:44:00,30.178,0.0666901682883,0.0,0,0.0
2014-06-26 22:49:00,30.499,0.0666901682883,0.0,0,0.0
2014-06-26 22:54:00,29.514,0.0666901682883,0.0,0,0.0
2014-06-26 22:59:00,33.15,0.0666901682883,0.0,0,0.0
2014-06-26 23:04:00,45.767,0.0666901682883,0.0,0,0.0
2014-06-26 23:09:00,79.615,0.0666901682883,0.0,0,0.0
2014-06-26 23:14:00,52.172,0.0666901682883,0.0,0,0.0
2014-06-26 23:19:00,30.547,0.0666901682883,0.0,0,0.0
2014-06-26 23:24:00,30.673,0.0666901682883,0.0,0,0.0
2014-06-26 23:29:00,32.258,0.0666901682883,0.0,0,0.0
2014-06-26 23:34:00,30.951,0.0666901682883,0.0,0,0.0
2014-06-26 23:39:00,30.382,0.0666901682883,0.0,0,0.0
2014-06-26 23:44:00,32.336,0.0666901682883,0.0,0,0.0
2014-06-26 23:49:00,30.046,0.0666901682883,0.0,0,0.0
2014-06-26 23:54:00,30.162,0.0666901682883,0.0,0,0.0
2014-06-26 23:59:00,34.25,0.0666901682883,0.0,0,0.0
2014-06-27 00:04:00,43.34,0.0666901682883,0.0,0,0.0
2014-06-27 00:09:00,79.333,0.0666901682883,0.0,0,0.0
2014-06-27 00:14:00,52.787,0.0628887544568,0.0250000003725,0,0.0
2014-06-27 00:19:00,30.987,0.0628887544568,0.0,0,0.0
2014-06-27 00:24:00,30.335,0.0628887544568,0.0,0,0.0
2014-06-27 00:29:00,31.329,0.0628887544568,0.0,0,0.0
2014-06-27 00:34:00,30.046,0.0628887544568,0.0,0,0.0
2014-06-27 00:39:00,31.5,0.0592306651262,0.0250000003725,0,0.0
2014-06-27 00:44:00,30.225,0.0592306651262,0.0,0,0.0
2014-06-27 00:49:00,30.641,0.0592306651262,0.0,0,0.0
2014-06-27 00:54:00,31.436,0.0592306651262,0.0,0,0.0
2014-06-27 00:59:00,32.313,0.0592306651262,0.0,0,0.0
2014-06-27 01:04:00,44.627,0.0628887544568,0.0,0,0.0
2014-06-27 01:09:00,79.667,0.0628887544568,0.0,0,0.0
2014-06-27 01:14:00,52.826,0.0628887544568,0.0,0,0.0
2014-06-27 01:19:00,32.222,0.0628887544568,0.0,0,0.0
2014-06-27 01:24:00,31.145,0.0592306651262,0.0250000003725,0,0.0
2014-06-27 01:29:00,31.004,0.0628887544568,0.0,0,0.0
2014-06-27 01:34:00,31.664,0.0628887544568,0.0,0,0.0
2014-06-27 01:39:00,29.612,0.0628887544568,0.0,0,0.0
2014-06-27 01:44:00,31.372,0.0628887544568,0.0,0,0.0
2014-06-27 01:49:00,30.119,0.0628887544568,0.0,0,0.0
2014-06-27 01:54:00,31.545,0.0628887544568,0.0,0,0.0
2014-06-27 01:59:00,32.305,0.0628887544568,0.0,0,0.0
2014-06-27 02:04:00,46.666,0.0628887544568,0.0,0,0.0
2014-06-27 02:09:00,81.107,0.0628887544568,0.0,0,0.0
2014-06-27 02:14:00,52.044,0.0666901682883,0.0,0,0.0
2014-06-27 02:19:00,29.794,0.0666901682883,0.0,0,0.0
2014-06-27 02:24:00,31.209,0.0666901682883,0.0,0,0.0
2014-06-27 02:29:00,31.721,0.0666901682883,0.0,0,0.0
2014-06-27 02:34:00,30.27,0.0666901682883,0.0,0,0.0
2014-06-27 02:39:00,29.952,0.0666901682883,0.0,0,0.0
2014-06-27 02:44:00,31.995,0.0666901682883,0.0,0,0.0
2014-06-27 02:49:00,31.219,0.0666901682883,0.0,0,0.0
2014-06-27 02:54:00,30.334,0.0666901682883,0.0,0,0.0
2014-06-27 02:59:00,33.307,0.0666901682883,0.0,0,0.0
2014-06-27 03:04:00,45.602,0.0666901682883,0.0,0,0.0
2014-06-27 03:09:00,44.453,0.0348963450071,0.34999999404,0,0.0
2014-06-27 03:14:00,32.68,0.0348963450071,0.0,0,0.0
2014-06-27 03:19:00,34.171,0.0374783677495,0.0250000003725,0,0.0
2014-06-27 03:24:00,30.228,0.0374783677495,0.0,0,0.0
2014-06-27 03:29:00,32.343,0.0374783677495,0.0,0,0.0
2014-06-27 03:34:00,29.668,0.037537318267,0.0,0,0.0
2014-06-27 03:39:00,30.991,0.037537318267,0.0,0,0.0
2014-06-27 03:44:00,34.786,0.037537318267,0.0,0,0.0
2014-06-27 03:49:00,31.005,0.037537318267,0.0,0,0.0
2014-06-27 03:54:00,29.714,0.037537318267,0.0,0,0.0
2014-06-27 03:59:00,32.778,0.0631938389276,0.0,0,0.0
2014-06-27 04:04:00,44.71,0.0631938389276,0.0,0,0.0
2014-06-27 04:09:00,66.44,0.0670358888031,0.0,0,0.0
2014-06-27 04:14:00,53.413,0.0670358925371,0.600000023842,0,0.0
2014-06-27 04:19:00,29.703,0.0710252733988,0.0250000003725,0,0.0
2014-06-27 04:24:00,30.167,0.0710252733988,0.0,0,0.0
2014-06-27 04:29:00,31.821,0.0710252733988,0.0,0,0.0
2014-06-27 04:34:00,31.169,0.0710252733988,0.0,0,0.0
2014-06-27 04:39:00,29.437,0.0710252733988,0.0,0,0.0
2014-06-27 04:44:00,32.494,0.0710252733988,0.0,0,0.0
2014-06-27 04:49:00,29.512,0.0710252733988,0.0,0,0.0
2014-06-27 04:54:00,30.173,0.0710252733988,0.0,0,0.0
2014-06-27 04:59:00,33.714,0.0710252733988,0.0,0,0.0
2014-06-27 05:04:00,44.67,0.0631938389276,0.0,0,0.0
2014-06-27 05:09:00,80.167,0.0594973930833,0.0500000007451,0,0.0
2014-06-27 05:14:00,52.669,0.0461303639853,0.10000000149,0,0.0
2014-06-27 05:19:00,30.157,0.0461303639853,0.0,0,0.0
2014-06-27 05:24:00,30.286,0.0461303639853,0.0,0,0.0
2014-06-27 05:29:00,32.611,0.0461303639853,0.0,0,0.0
2014-06-27 05:34:00,29.589,0.0461303639853,0.0,0,0.0
2014-06-27 05:39:00,30.836,0.0461303639853,0.0,0,0.0
2014-06-27 05:44:00,31.721,0.0461303639853,0.0,0,0.0
2014-06-27 05:49:00,31.394,0.0461303639853,0.0,0,0.0
2014-06-27 05:54:00,29.215,0.0461303639853,0.0,0,0.0
2014-06-27 05:59:00,33.334,0.052534018602,0.0,0,0.0
2014-06-27 06:04:00,44.669,0.0670358888031,0.0,0,0.0
2014-06-27 06:09:00,79.667,0.0631938389276,0.0250000003725,0,0.0
2014-06-27 06:14:00,52.801,0.0461303642137,0.125,0,0.0
2014-06-27 06:19:00,30.339,0.0461303642137,0.0,0,0.0
2014-06-27 06:24:00,30.174,0.0461303642137,0.0,0,0.0
2014-06-27 06:29:00,31.976,0.0461303642137,0.0,0,0.0
2014-06-27 06:34:00,30.268,0.0461303642137,0.0,0,0.0
2014-06-27 06:39:00,31.617,0.0461303642137,0.0,0,0.0
2014-06-27 06:44:00,30.848,0.0461303642137,0.0,0,0.0
2014-06-27 06:49:00,31.168,0.0461303642137,0.0,0,0.0
2014-06-27 06:54:00,30.176,0.0461303642137,0.0,0,0.0
2014-06-27 06:59:00,33.362,0.0492632411132,0.0,0,0.0
2014-06-27 07:04:00,44.334,0.0631938389276,0.0250000003725,0,0.0
2014-06-27 07:09:00,79.351,0.0631938389276,0.0,0,0.0
2014-06-27 07:14:00,51.222,0.0631938389276,0.0,0,0.0
2014-06-27 07:19:00,30.504,0.0631938389276,0.0,0,0.0
2014-06-27 07:24:00,31.292,0.0631938389276,0.0,0,0.0
2014-06-27 07:29:00,31.009,0.0631938389276,0.0,0,0.0
2014-06-27 07:34:00,30.375,0.0631938389276,0.0,0,0.0
2014-06-27 07:39:00,30.339,0.0631938389276,0.0,0,0.0
2014-06-27 07:44:00,31.85,0.0631938389276,0.0,0,0.0
2014-06-27 07:49:00,30.334,0.0631938389276,0.0,0,0.0
2014-06-27 07:54:00,30.784,0.0670358888031,0.0,0,0.0
2014-06-27 07:59:00,33.736,0.0670358888031,0.0,0,0.0
2014-06-27 08:04:00,44.19,0.0670358888031,0.0,0,0.0
2014-06-27 08:09:00,79.72,0.0670358888031,0.0,0,0.0
2014-06-27 08:14:00,52.379,0.0670358888031,0.0,0,0.0
2014-06-27 08:19:00,30.002,0.0670358888031,0.0,0,0.0
2014-06-27 08:24:00,30.118,0.0670358888031,0.0,0,0.0
2014-06-27 08:29:00,32.38,0.0670358888031,0.0,0,0.0
2014-06-27 08:34:00,30.318,0.0670358888031,0.0,0,0.0
2014-06-27 08:39:00,29.772,0.0670358888031,0.0,0,0.0
2014-06-27 08:44:00,32.332,0.0670358888031,0.0,0,0.0
2014-06-27 08:49:00,29.836,0.0670358888031,0.0,0,0.0
2014-06-27 08:54:00,30.11,0.0670358888031,0.0,0,0.0
2014-06-27 08:59:00,32.59,0.0670358888031,0.0,0,0.0
2014-06-27 09:04:00,44.673,0.0670358888031,0.0,0,0.0
2014-06-27 09:09:00,67.332,0.0670358888031,0.0,0,0.0
2014-06-27 09:14:00,51.169,0.0631938389276,0.0250000003725,0,0.0
2014-06-27 09:19:00,30.679,0.0631938389276,0.0,0,0.0
2014-06-27 09:24:00,30.942,0.0631938389276,0.0,0,0.0
2014-06-27 09:29:00,32.983,0.0631938389276,0.0,0,0.0
2014-06-27 09:34:00,29.703,0.0631938389276,0.0,0,0.0
2014-06-27 09:39:00,30.496,0.0631938389276,0.0,0,0.0
2014-06-27 09:44:00,31.336,0.0631938389276,0.0,0,0.0
2014-06-27 09:49:00,30.33,0.0631938389276,0.0,0,0.0
2014-06-27 09:54:00,31.289,0.0631938389276,0.0,0,0.0
2014-06-27 09:59:00,33.009,0.0631938389276,0.0,0,0.0
2014-06-27 10:04:00,44.178,0.0670358888031,0.0,0,0.0
2014-06-27 10:09:00,44.273,0.0349337720968,0.34999999404,0,0.0
2014-06-27 10:14:00,32.168,0.0349337720968,0.0,0,0.0
2014-06-27 10:19:00,29.499,0.0349337720968,0.0,0,0.0
2014-06-27 10:24:00,30.334,0.0349337720968,0.0,0,0.0
2014-06-27 10:29:00,31.326,0.0349337720968,0.0,0,0.0
2014-06-27 10:34:00,30.458,0.0349337720968,0.0,0,0.0
2014-06-27 10:39:00,31.549,0.0349337720968,0.0,0,0.0
2014-06-27 10:44:00,30.171,0.0349337720968,0.0,0,0.0
2014-06-27 10:49:00,30.338,0.0349337720968,0.0,0,0.0
2014-06-27 10:54:00,30.826,0.0349337720968,0.0,0,0.0
2014-06-27 10:59:00,33.466,0.0670358888031,0.0,0,0.0
2014-06-27 11:04:00,44.167,0.0670358888031,0.0,0,0.0
2014-06-27 11:09:00,79.274,0.0670358888031,0.0,0,0.0
2014-06-27 11:14:00,52.049,0.0431332523881,0.425000011921,0,0.0
2014-06-27 11:19:00,31.145,0.0431332523881,0.0,0,0.0
2014-06-27 11:24:00,29.501,0.0431332523881,0.0,0,0.0
2014-06-27 11:29:00,31.885,0.0431332523881,0.0,0,0.0
2014-06-27 11:34:00,31.11,0.0431332523881,0.0,0,0.0
2014-06-27 11:39:00,31.769,0.0431332523881,0.0,0,0.0
2014-06-27 11:44:00,30.262,0.0431332523881,0.0,0,0.0
2014-06-27 11:49:00,30.455,0.0431332523881,0.0,0,0.0
2014-06-27 11:54:00,30.174,0.0431452817804,0.0,0,0.0
2014-06-27 11:59:00,34.332,0.0431452817804,0.0,0,0.0
2014-06-27 12:04:00,43.384,0.0632278844234,0.0250000003725,0,0.0
2014-06-27 12:09:00,80.5,0.0632278844234,0.0,0,0.0
2014-06-27 12:14:00,51.427,0.0632278844234,0.0,0,0.0
2014-06-27 12:19:00,30.887,0.0632278844234,0.0,0,0.0
2014-06-27 12:24:00,30.284,0.0632278844234,0.0,0,0.0
2014-06-27 12:29:00,31.897,0.0632278844234,0.0,0,0.0
2014-06-27 12:34:00,30.666,0.0632278844234,0.0,0,0.0
2014-06-27 12:39:00,30.825,0.0632278844234,0.0,0,0.0
2014-06-27 12:44:00,31.839,0.0632278844234,0.0,0,0.0
2014-06-27 12:49:00,30.505,0.0632278844234,0.0,0,0.0
2014-06-27 12:54:00,30.303,0.0670744732289,0.0,0,0.0
2014-06-27 12:59:00,35.085,0.0595271547963,0.0500000007451,0,0.0
2014-06-27 13:04:00,42.97,0.055970476764,0.0250000003725,0,0.0
2014-06-27 13:09:00,79.333,0.055970476764,0.0,0,0.0
2014-06-27 13:14:00,52.342,0.055970476764,0.0,0,0.0
2014-06-27 13:19:00,31.173,0.052555962868,0.0250000003725,0,0.0
2014-06-27 13:24:00,30.074,0.052555962868,0.0,0,0.0
2014-06-27 13:29:00,32.334,0.052555962868,0.0,0,0.0
2014-06-27 13:34:00,30.218,0.052555962868,0.0,0,0.0
2014-06-27 13:39:00,31.427,0.052555962868,0.0,0,0.0
2014-06-27 13:44:00,30.368,0.052555962868,0.0,0,0.0
2014-06-27 13:49:00,30.831,0.055970476764,0.0250000003725,0,0.0
2014-06-27 13:54:00,29.618,0.0595271547963,0.0,0,0.0
2014-06-27 13:59:00,33.874,0.055970476764,0.0250000003725,0,0.0
2014-06-27 14:04:00,44.435,0.055970476764,0.0,0,0.0
2014-06-27 14:09:00,86.821,0.0595271547963,0.0,0,0.0
2014-06-27 14:14:00,52.22,0.055970476764,0.0250000003725,0,0.0
2014-06-27 14:19:00,31.485,0.052555962868,0.0250000003725,0,0.0
2014-06-27 14:24:00,30.834,0.052555962868,0.0,0,0.0
2014-06-27 14:29:00,31.216,0.052555962868,0.0,0,0.0
2014-06-27 14:34:00,30.311,0.052555962868,0.0,0,0.0
2014-06-27 14:39:00,30.338,0.055970476764,0.0,0,0.0
2014-06-27 14:44:00,31.499,0.052555962868,0.0250000003725,0,0.0
2014-06-27 14:49:00,30.663,0.055970476764,0.0,0,0.0
2014-06-27 14:54:00,30.172,0.055970476764,0.0,0,0.0
2014-06-27 14:59:00,33.182,0.055970476764,0.0,0,0.0
2014-06-27 15:04:00,45.225,0.0595271547963,0.0,0,0.0
2014-06-27 15:09:00,65.79,0.0632278844234,0.0,0,0.0
2014-06-27 15:14:00,52.668,0.0595271547963,0.0250000003725,0,0.0
2014-06-27 15:19:00,31.233,0.0595271547963,0.0,0,0.0
2014-06-27 15:24:00,30.027,0.0595271547963,0.0,0,0.0
2014-06-27 15:29:00,30.834,0.0595271547963,0.0,0,0.0
2014-06-27 15:34:00,30.048,0.0632278844234,0.0,0,0.0
2014-06-27 15:39:00,30.176,0.0632278844234,0.0,0,0.0
2014-06-27 15:44:00,31.649,0.0632278844234,0.0,0,0.0
2014-06-27 15:49:00,30.174,0.0632278844234,0.0,0,0.0
2014-06-27 15:54:00,30.457,0.0632278844234,0.0,0,0.0
2014-06-27 15:59:00,34.83,0.0595271547963,0.0250000003725,0,0.0
2014-06-27 16:04:00,44.038,0.0632278844234,0.0,0,0.0
2014-06-27 16:09:00,86.333,0.0632278844234,0.0,0,0.0
2014-06-27 16:14:00,51.381,0.0632278844234,0.0,0,0.0
2014-06-27 16:19:00,31.152,0.0595271547963,0.0250000003725,0,0.0
2014-06-27 16:24:00,30.001,0.0595271547963,0.0,0,0.0
2014-06-27 16:29:00,31.284,0.0595271547963,0.0,0,0.0
2014-06-27 16:34:00,30.885,0.0595271547963,0.0,0,0.0
2014-06-27 16:39:00,30.174,0.0595271547963,0.0,0,0.0
2014-06-27 16:44:00,31.343,0.0595271547963,0.0,0,0.0
2014-06-27 16:49:00,30.333,0.0632278844234,0.0,0,0.0
2014-06-27 16:54:00,30.786,0.0632278844234,0.0,0,0.0
2014-06-27 16:59:00,33.548,0.0632278844234,0.0,0,0.0
2014-06-27 17:04:00,44.134,0.0632278844234,0.0,0,0.0
2014-06-27 17:09:00,80.0,0.0632278844234,0.0250000003725,0,0.0
2014-06-27 17:14:00,52.994,0.0632278844234,0.0,0,0.0
2014-06-27 17:19:00,30.004,0.0632278844234,0.0,0,0.0
2014-06-27 17:24:00,30.505,0.0595271547963,0.0250000003725,0,0.0
2014-06-27 17:29:00,31.059,0.0595271547963,0.0,0,0.0
2014-06-27 17:34:00,30.794,0.055970476764,0.0250000003725,0,0.0
2014-06-27 17:39:00,30.995,0.055970476764,0.0,0,0.0
2014-06-27 17:44:00,32.559,0.055970476764,0.0,0,0.0
2014-06-27 17:49:00,29.667,0.055970476764,0.0,0,0.0
2014-06-27 17:54:00,30.331,0.052555962868,0.0250000003725,0,0.0
2014-06-27 17:59:00,33.271,0.055970476764,0.0,0,0.0
2014-06-27 18:04:00,44.679,0.055970476764,0.0,0,0.0
2014-06-27 18:09:00,86.5,0.055970476764,0.0,0,0.0
2014-06-27 18:14:00,53.475,0.0595271547963,0.0,0,0.0
2014-06-27 18:19:00,30.168,0.0595271547963,0.0,0,0.0
2014-06-27 18:24:00,29.835,0.0632278844234,0.0,0,0.0
2014-06-27 18:29:00,31.866,0.0632278844234,0.0,0,0.0
2014-06-27 18:34:00,30.893,0.0632278844234,0.0,0,0.0
2014-06-27 18:39:00,30.67,0.0632278844234,0.0,0,0.0
2014-06-27 18:44:00,31.323,0.0670744732289,0.0,0,0.0
2014-06-27 18:49:00,30.667,0.0670744732289,0.0,0,0.0
2014-06-27 18:54:00,29.799,0.0632278844234,0.0250000003725,0,0.0
2014-06-27 18:59:00,33.341,0.0632278844234,0.0,0,0.0
2014-06-27 19:04:00,44.832,0.0632278844234,0.0,0,0.0
2014-06-27 19:09:00,79.833,0.0492816432033,0.10000000149,0,0.0
2014-06-27 19:14:00,53.258,0.0349379435724,0.125,0,0.0
2014-06-27 19:19:00,32.128,0.0349379435724,0.0,0,0.0
2014-06-27 19:24:00,29.867,0.0349379435724,0.0,0,0.0
2014-06-27 19:29:00,32.252,0.0349379435724,0.0,0,0.0
2014-06-27 19:34:00,29.887,0.0349379435724,0.0,0,0.0
2014-06-27 19:39:00,29.845,0.0349379435724,0.0,0,0.0
2014-06-27 19:44:00,31.825,0.0375438896624,0.0,0,0.0
2014-06-27 19:49:00,30.505,0.0375438896624,0.0,0,0.0
2014-06-27 19:54:00,30.175,0.0375438896624,0.0,0,0.0
2014-06-27 19:59:00,33.589,0.049281643442,0.0,0,0.0
2014-06-27 20:04:00,44.388,0.0670744732289,0.0,0,0.0
2014-06-27 20:09:00,86.5,0.0670744732289,0.0,0,0.0
2014-06-27 20:14:00,52.924,0.0671190696027,0.0,0,0.0
2014-06-27 20:19:00,30.004,0.0671190696027,0.0,0,0.0
2014-06-27 20:24:00,30.718,0.0671190696027,0.0,0,0.0
2014-06-27 20:29:00,31.127,0.0671190696027,0.0,0,0.0
2014-06-27 20:34:00,30.167,0.0671190696027,0.0,0,0.0
2014-06-27 20:39:00,30.054,0.0671190696027,0.0,0,0.0
2014-06-27 20:44:00,31.958,0.0671190696027,0.0,0,0.0
2014-06-27 20:49:00,30.174,0.0671190696027,0.0,0,0.0
2014-06-27 20:54:00,30.454,0.0671190696027,0.0,0,0.0
2014-06-27 20:59:00,33.502,0.0671190696027,0.0,0,0.0
2014-06-27 21:04:00,45.014,0.0671190696027,0.0,0,0.0
2014-06-27 21:09:00,86.667,0.0632672337189,0.0250000003725,0,0.0
2014-06-27 21:14:00,52.05,0.0632672337189,0.0,0,0.0
2014-06-27 21:19:00,30.173,0.0632672337189,0.0,0,0.0
2014-06-27 21:24:00,30.424,0.0632672337189,0.0,0,0.0
2014-06-27 21:29:00,31.997,0.0632672337189,0.0,0,0.0
2014-06-27 21:34:00,30.787,0.0632672337189,0.0,0,0.0
2014-06-27 21:39:00,30.713,0.0632672337189,0.0,0,0.0
2014-06-27 21:44:00,32.007,0.0632672337189,0.0,0,0.0
2014-06-27 21:49:00,30.165,0.0632672337189,0.0,0,0.0
2014-06-27 21:54:00,31.427,0.0595615520995,0.0250000003725,0,0.0
2014-06-27 21:59:00,32.32,0.0632672337189,0.0,0,0.0
2014-06-27 22:04:00,44.885,0.0595615520995,0.0250000003725,0,0.0
2014-06-27 22:09:00,80.167,0.0525813237216,0.0500000007451,0,0.0
2014-06-27 22:14:00,52.551,0.0493029100286,0.0250000003725,0,0.0
2014-06-27 22:19:00,31.002,0.0493029100286,0.0,0,0.0
2014-06-27 22:24:00,30.007,0.0493029100286,0.0,0,0.0
2014-06-27 22:29:00,31.788,0.0493029100286,0.0,0,0.0
2014-06-27 22:34:00,31.053,0.0493029100286,0.0,0,0.0
2014-06-27 22:39:00,30.512,0.0493029100286,0.0,0,0.0
2014-06-27 22:44:00,32.334,0.0525813237216,0.0,0,0.0
2014-06-27 22:49:00,30.001,0.0525813237216,0.0,0,0.0
2014-06-27 22:54:00,29.629,0.0560002127999,0.0,0,0.0
2014-06-27 22:59:00,33.35,0.0632672337189,0.0,0,0.0
2014-06-27 23:04:00,44.889,0.0671190696027,0.0,0,0.0
2014-06-27 23:09:00,51.833,0.0560002125399,0.0750000029802,0,0.0
2014-06-27 23:14:00,31.783,0.0525813234721,0.0250000003725,0,0.0
2014-06-27 23:19:00,31.216,0.0525813234721,0.0,0,0.0
2014-06-27 23:24:00,30.501,0.0525813234721,0.0,0,0.0
2014-06-27 23:29:00,32.289,0.0525813234721,0.0,0,0.0
2014-06-27 23:34:00,30.004,0.0525813234721,0.0,0,0.0
2014-06-27 23:39:00,31.047,0.0525813234721,0.0,0,0.0
2014-06-27 23:44:00,30.609,0.0525813234721,0.0,0,0.0
2014-06-27 23:49:00,30.5,0.0525813234721,0.0,0,0.0
2014-06-27 23:54:00,30.988,0.0525813234721,0.0,0,0.0
2014-06-27 23:59:00,33.933,0.0632672337189,0.0,0,0.0
2014-06-28 00:04:00,43.503,0.0671190696027,0.0,0,0.0
2014-06-28 00:09:00,86.666,0.0632672337189,0.0250000003725,0,0.0
2014-06-28 00:14:00,52.719,0.0595615520995,0.0250000003725,0,0.0
2014-06-28 00:19:00,30.769,0.0595615520995,0.0,0,0.0
2014-06-28 00:24:00,31.195,0.0595615520995,0.0,0,0.0
2014-06-28 00:29:00,31.778,0.0595615520995,0.0,0,0.0
2014-06-28 00:34:00,30.313,0.0595615520995,0.0,0,0.0
2014-06-28 00:39:00,31.266,0.0595615520995,0.0,0,0.0
2014-06-28 00:44:00,31.689,0.0595615520995,0.0,0,0.0
2014-06-28 00:49:00,29.947,0.0595615520995,0.0,0,0.0
2014-06-28 00:54:00,29.764,0.0595615520995,0.0,0,0.0
2014-06-28 00:59:00,33.687,0.0632672337189,0.0,0,0.0
2014-06-28 01:04:00,43.784,0.0671190696027,0.0,0,0.0
2014-06-28 01:09:00,51.25,0.0375514825595,0.375,0,0.0
2014-06-28 01:14:00,33.509,0.0375514825595,0.0,0,0.0
2014-06-28 01:19:00,28.993,0.0375514825595,0.0,0,0.0
2014-06-28 01:24:00,31.833,0.0375514825595,0.0,0,0.0
2014-06-28 01:29:00,31.356,0.0375514825595,0.0,0,0.0
2014-06-28 01:34:00,32.555,0.0375514825595,0.0,0,0.0
2014-06-28 01:39:00,28.962,0.0375514825595,0.0,0,0.0
2014-06-28 01:44:00,31.214,0.0375514825595,0.0,0,0.0
2014-06-28 01:49:00,30.87,0.0375514825595,0.0,0,0.0
2014-06-28 01:54:00,30.782,0.0375514825595,0.0,0,0.0
2014-06-28 01:59:00,33.292,0.0671190696027,0.0,0,0.0
2014-06-28 02:04:00,45.165,0.0671190696027,0.0,0,0.0
2014-06-28 02:09:00,85.787,0.0632672337189,0.0250000003725,0,0.0
2014-06-28 02:14:00,52.455,0.0632672337189,0.0,0,0.0
2014-06-28 02:19:00,32.022,0.0632672337189,0.0,0,0.0
2014-06-28 02:24:00,29.989,0.0632672337189,0.0,0,0.0
2014-06-28 02:29:00,31.628,0.0632672337189,0.0,0,0.0
2014-06-28 02:34:00,30.135,0.0632672337189,0.0,0,0.0
2014-06-28 02:39:00,30.691,0.0632672337189,0.0,0,0.0
2014-06-28 02:44:00,31.837,0.0632672337189,0.0,0,0.0
2014-06-28 02:49:00,29.888,0.0632672337189,0.0,0,0.0
2014-06-28 02:54:00,29.923,0.0632672337189,0.0,0,0.0
2014-06-28 02:59:00,34.281,0.0632672337189,0.0250000003725,0,0.0
2014-06-28 03:04:00,43.55,0.0632672337189,0.0,0,0.0
2014-06-28 03:09:00,86.143,0.0632672337189,0.0,0,0.0
2014-06-28 03:14:00,52.672,0.0632672337189,0.0,0,0.0
2014-06-28 03:19:00,31.359,0.0632672337189,0.0,0,0.0
2014-06-28 03:24:00,30.947,0.0632672337189,0.0,0,0.0
2014-06-28 03:29:00,32.318,0.0632672337189,0.0,0,0.0
2014-06-28 03:34:00,30.667,0.0632672337189,0.0,0,0.0
2014-06-28 03:39:00,35.381,0.0560002127999,0.0500000007451,0,0.0
2014-06-28 03:44:00,30.983,0.0493029100286,0.0500000007451,0,0.0
2014-06-28 03:49:00,30.32,0.0461629116707,0.0500000007451,0,0.0
2014-06-28 03:54:00,30.434,0.0402894808678,0.0500000007451,0,0.0
2014-06-28 03:59:00,33.682,0.0402894808678,0.0,0,0.0
2014-06-28 04:04:00,43.547,0.0402894808678,0.0,0,0.0
2014-06-28 04:09:00,51.717,0.0349427628454,0.0500000007451,0,0.0
2014-06-28 04:14:00,31.241,0.0349427628454,0.0,0,0.0
2014-06-28 04:19:00,31.825,0.0349427628454,0.0,0,0.0
2014-06-28 04:24:00,28.994,0.0349427628454,0.0,0,0.0
2014-06-28 04:29:00,31.674,0.0402894808678,0.0,0,0.0
2014-06-28 04:34:00,30.804,0.0462266047008,0.0,0,0.0
2014-06-28 04:39:00,30.39,0.0526739125663,0.0,0,0.0
2014-06-28 04:44:00,31.498,0.0596871487636,0.0,0,0.0
2014-06-28 04:49:00,30.334,0.0596871487636,0.0,0,0.0
2014-06-28 04:54:00,29.839,0.0596871487636,0.0,0,0.0
2014-06-28 04:59:00,33.83,0.0672819262964,0.0,0,0.0
2014-06-28 05:04:00,45.328,0.0672819262964,0.0,0,0.0
2014-06-28 05:09:00,85.333,0.0634109207648,0.0250000003725,0,0.0
2014-06-28 05:14:00,52.832,0.0634109207648,0.0,0,0.0
2014-06-28 05:19:00,30.503,0.0634109207648,0.0,0,0.0
2014-06-28 05:24:00,29.966,0.0634109207648,0.0,0,0.0
2014-06-28 05:29:00,31.34,0.0634109207648,0.0,0,0.0
2014-06-28 05:34:00,30.21,0.0634109207648,0.0,0,0.0
2014-06-28 05:39:00,30.323,0.0634109207648,0.0,0,0.0
2014-06-28 05:44:00,32.007,0.0634109207648,0.0,0,0.0
2014-06-28 05:49:00,30.999,0.05610878239,0.0500000007451,0,0.0
2014-06-28 05:54:00,30.168,0.0526739125663,0.0250000003725,0,0.0
2014-06-28 05:59:00,33.103,0.05610878239,0.0,0,0.0
2014-06-28 06:04:00,44.216,0.0526739125663,0.0250000003725,0,0.0
2014-06-28 06:09:00,51.329,0.0403282338906,0.300000011921,0,0.0
2014-06-28 06:14:00,31.492,0.0403282338906,0.0,0,0.0
2014-06-28 06:19:00,31.836,0.0403282338906,0.0,0,0.0
2014-06-28 06:24:00,28.672,0.0403282338906,0.0,0,0.0
2014-06-28 06:29:00,32.449,0.0403282338906,0.0,0,0.0
2014-06-28 06:34:00,30.05,0.0403282338906,0.0,0,0.0
2014-06-28 06:39:00,31.447,0.0349603505515,0.0,0,0.0
2014-06-28 06:44:00,31.624,0.0324691663731,0.0,0,0.0
2014-06-28 06:49:00,31.007,0.0324691663731,0.0,0,0.0
2014-06-28 06:54:00,31.054,0.0301030007648,0.0,0,0.0
2014-06-28 06:59:00,32.934,0.0672819262964,0.0,0,0.0
2014-06-28 07:04:00,46.454,0.0672819262964,0.0,0,0.0
2014-06-28 07:09:00,85.833,0.0672819262964,0.0,0,0.0
2014-06-28 07:14:00,52.832,0.0403282330517,0.40000000596,0,0.0
2014-06-28 07:19:00,29.966,0.0403282330517,0.0,0,0.0
2014-06-28 07:24:00,30.662,0.0403282330517,0.0,0,0.0
2014-06-28 07:29:00,31.994,0.0403282330517,0.0,0,0.0
2014-06-28 07:34:00,29.839,0.0403282330517,0.0,0,0.0
2014-06-28 07:39:00,32.097,0.0403282330517,0.0,0,0.0
2014-06-28 07:44:00,31.303,0.0403282330517,0.0,0,0.0
2014-06-28 07:49:00,29.004,0.0403282330517,0.0,0,0.0
2014-06-28 07:54:00,30.325,0.0403282330517,0.0,0,0.0
2014-06-28 07:59:00,34.685,0.0403282330517,0.0,0,0.0
2014-06-28 08:04:00,43.078,0.0672819262964,0.0,0,0.0
2014-06-28 08:09:00,85.985,0.0596871487636,0.0500000007451,0,0.0
2014-06-28 08:14:00,52.613,0.0596871487636,0.0,0,0.0
2014-06-28 08:19:00,30.167,0.05610878239,0.0250000003725,0,0.0
2014-06-28 08:24:00,30.82,0.0526739125663,0.0250000003725,0,0.0
2014-06-28 08:29:00,32.334,0.0526739125663,0.0,0,0.0
2014-06-28 08:34:00,30.167,0.0526739125663,0.0,0,0.0
2014-06-28 08:39:00,30.632,0.0526739125663,0.0,0,0.0
2014-06-28 08:44:00,31.295,0.0526739125663,0.0,0,0.0
2014-06-28 08:49:00,30.985,0.0526739125663,0.0,0,0.0
2014-06-28 08:54:00,29.043,0.0526739125663,0.0,0,0.0
2014-06-28 08:59:00,33.444,0.0596871487636,0.0,0,0.0
2014-06-28 09:04:00,44.56,0.0596871487636,0.0,0,0.0
2014-06-28 09:09:00,86.64,0.0596871487636,0.0250000003725,0,0.0
2014-06-28 09:14:00,52.454,0.0634109207648,0.0,0,0.0
2014-06-28 09:19:00,31.176,0.0634109207648,0.0,0,0.0
2014-06-28 09:24:00,30.118,0.0634109207648,0.0,0,0.0
2014-06-28 09:29:00,32.734,0.0634109207648,0.0,0,0.0
2014-06-28 09:34:00,30.165,0.0634109207648,0.0,0,0.0
2014-06-28 09:39:00,29.934,0.0634109207648,0.0,0,0.0
2014-06-28 09:44:00,32.22,0.0634109207648,0.0,0,0.0
2014-06-28 09:49:00,29.832,0.0634109207648,0.0,0,0.0
2014-06-28 09:54:00,31.455,0.0634109207648,0.0,0,0.0
2014-06-28 09:59:00,32.942,0.0672819262964,0.0,0,0.0
2014-06-28 10:04:00,45.752,0.0634109207648,0.0250000003725,0,0.0
2014-06-28 10:09:00,87.334,0.0324691651429,0.25,0,0.0
2014-06-28 10:14:00,51.921,0.0324691651429,0.0,0,0.0
2014-06-28 10:19:00,30.003,0.0324691651429,0.0,0,0.0
2014-06-28 10:24:00,32.045,0.0324691651429,0.0,0,0.0
2014-06-28 10:29:00,31.004,0.0324691651429,0.0,0,0.0
2014-06-28 10:34:00,31.59,0.0324691651429,0.0,0,0.0
2014-06-28 10:39:00,29.472,0.0324691651429,0.0,0,0.0
2014-06-28 10:44:00,30.977,0.0324691651429,0.0,0,0.0
2014-06-28 10:49:00,30.15,0.0324691651429,0.0,0,0.0
2014-06-28 10:54:00,30.141,0.0349603492573,0.0,0,0.0
2014-06-28 10:59:00,34.746,0.0672819262964,0.0,0,0.0
2014-06-28 11:04:00,43.546,0.0596871487636,0.0500000007451,0,0.0
2014-06-28 11:09:00,31.717,0.163806624356,1.0,0,0.0
2014-06-28 11:14:00,31.824,0.163806624356,0.0,0,0.0
2014-06-28 11:19:00,30.616,0.163806624356,0.0,0,0.0
2014-06-28 11:24:00,30.819,0.163806624356,0.0,0,0.0
2014-06-28 11:29:00,32.884,0.163806624356,0.0,0,0.0
2014-06-28 11:34:00,29.15,0.163806624356,0.0,0,0.0
2014-06-28 11:39:00,30.884,0.163806624356,0.0,0,0.0
2014-06-28 11:44:00,31.823,0.163806624356,0.0,0,0.0
2014-06-28 11:49:00,30.666,0.163806624356,0.0,0,0.0
2014-06-28 11:54:00,30.498,0.150461052346,0.0,0,0.0
2014-06-28 11:59:00,32.657,0.0672819262964,0.0,0,0.0
2014-06-28 12:04:00,44.801,0.0672819262964,0.0,0,0.0
2014-06-28 12:09:00,86.218,0.0596871487636,0.0500000007451,0,0.0
2014-06-28 12:14:00,51.482,0.0596871487636,0.0,0,0.0
2014-06-28 12:19:00,30.121,0.0596871487636,0.0,0,0.0
2014-06-28 12:24:00,31.043,0.0596871487636,0.0,0,0.0
2014-06-28 12:29:00,31.606,0.0596871487636,0.0,0,0.0
2014-06-28 12:34:00,29.544,0.0596871487636,0.0,0,0.0
2014-06-28 12:39:00,31.769,0.0596871487636,0.0,0,0.0
2014-06-28 12:44:00,30.651,0.0596871487636,0.0,0,0.0
2014-06-28 12:49:00,31.523,0.05610878239,0.0250000003725,0,0.0
2014-06-28 12:54:00,28.994,0.0560587349473,0.0,0,0.0
2014-06-28 12:59:00,32.777,0.0633446816098,0.0,0,0.0
2014-06-28 13:04:00,44.889,0.0633446816098,0.0,0,0.0
2014-06-28 13:09:00,85.028,0.0633446816098,0.0,0,0.0
2014-06-28 13:14:00,53.484,0.0633446816098,0.0,0,0.0
2014-06-28 13:19:00,30.607,0.0633446816098,0.0,0,0.0
2014-06-28 13:24:00,31.087,0.0633446816098,0.0,0,0.0
2014-06-28 13:29:00,30.122,0.0633446816098,0.0,0,0.0
2014-06-28 13:34:00,30.356,0.0633446816098,0.0,0,0.0
2014-06-28 13:39:00,29.932,0.0672068481534,0.0,0,0.0
2014-06-28 13:44:00,31.339,0.0672068481534,0.0,0,0.0
2014-06-28 13:49:00,30.549,0.0633446816098,0.0250000003725,0,0.0
2014-06-28 13:54:00,29.747,0.0633446816098,0.0,0,0.0
2014-06-28 13:59:00,33.17,0.0633446816098,0.0,0,0.0
2014-06-28 14:04:00,45.168,0.0633446816098,0.0,0,0.0
2014-06-28 14:09:00,51.342,0.046197248608,0.425000011921,0,0.0
2014-06-28 14:14:00,31.838,0.0526312349961,0.0500000007451,0,0.0
2014-06-28 14:19:00,30.329,0.0526312349961,0.0,0,0.0
2014-06-28 14:24:00,31.163,0.0560587369805,0.0250000003725,0,0.0
2014-06-28 14:29:00,31.863,0.0560587369805,0.0,0,0.0
2014-06-28 14:34:00,29.268,0.0560587369805,0.0,0,0.0
2014-06-28 14:39:00,30.552,0.0526312349961,0.0,0,0.0
2014-06-28 14:44:00,31.122,0.0526312349961,0.0,0,0.0
2014-06-28 14:49:00,30.381,0.0526312349961,0.0,0,0.0
2014-06-28 14:54:00,30.674,0.0526312349961,0.0,0,0.0
2014-06-28 14:59:00,32.842,0.0526312330454,0.0250000003725,0,0.0
2014-06-28 15:04:00,45.111,0.0596292507211,0.0,0,0.0
2014-06-28 15:09:00,86.334,0.0596292507211,0.0,0,0.0
2014-06-28 15:14:00,52.985,0.046197248608,0.425000011921,0,0.0
2014-06-28 15:19:00,29.454,0.046197248608,0.0,0,0.0
2014-06-28 15:24:00,30.659,0.046197248608,0.0,0,0.0
2014-06-28 15:29:00,33.225,0.0493447623288,0.0250000003725,0,0.0
2014-06-28 15:34:00,28.526,0.0493447623288,0.0,0,0.0
2014-06-28 15:39:00,32.117,0.0493447623288,0.0,0,0.0
2014-06-28 15:44:00,30.171,0.0493447623288,0.0,0,0.0
2014-06-28 15:49:00,30.554,0.046197248608,0.0,0,0.0
2014-06-28 15:54:00,30.336,0.046197248608,0.0,0,0.0
2014-06-28 15:59:00,32.852,0.046197248608,0.0,0,0.0
2014-06-28 16:04:00,44.46,0.0633446816098,0.0,0,0.0
2014-06-28 16:09:00,86.334,0.0633446816098,0.0,0,0.0
2014-06-28 16:14:00,52.718,0.0596292507211,0.0250000003725,0,0.0
2014-06-28 16:19:00,31.426,0.0596292507211,0.0250000003725,0,0.0
2014-06-28 16:24:00,30.43,0.0596292507211,0.0,0,0.0
2014-06-28 16:29:00,31.381,0.0596292507211,0.0,0,0.0
2014-06-28 16:34:00,31.461,0.0560587349473,0.0250000003725,0,0.0
2014-06-28 16:39:00,31.723,0.0560587349473,0.0,0,0.0
2014-06-28 16:44:00,31.489,0.0560587349473,0.0,0,0.0
2014-06-28 16:49:00,31.164,0.0560587349473,0.0,0,0.0
2014-06-28 16:54:00,29.264,0.0560587349473,0.0,0,0.0
2014-06-28 16:59:00,33.373,0.0560587349473,0.0,0,0.0
2014-06-28 17:04:00,44.823,0.0596292507211,0.0,0,0.0
2014-06-28 17:09:00,86.333,0.0633446816098,0.0,0,0.0
2014-06-28 17:14:00,52.0,0.0633446816098,0.0,0,0.0
2014-06-28 17:19:00,29.98,0.0633446816098,0.0,0,0.0
2014-06-28 17:24:00,31.607,0.0672068481534,0.0,0,0.0
2014-06-28 17:29:00,31.533,0.0672068481534,0.0,0,0.0
2014-06-28 17:34:00,30.665,0.0672068481534,0.0,0,0.0
2014-06-28 17:39:00,30.298,0.0672068481534,0.0,0,0.0
2014-06-28 17:44:00,31.014,0.0672068481534,0.0,0,0.0
2014-06-28 17:49:00,30.002,0.0672068481534,0.0,0,0.0
2014-06-28 17:54:00,30.334,0.0672068481534,0.0,0,0.0
2014-06-28 17:59:00,33.559,0.0672068481534,0.0,0,0.0
2014-06-28 18:04:00,44.039,0.0672068481534,0.0,0,0.0
2014-06-28 18:09:00,86.5,0.0672068481534,0.0,0,0.0
2014-06-28 18:14:00,52.881,0.0672068481534,0.0,0,0.0
2014-06-28 18:19:00,31.095,0.0672068481534,0.0,0,0.0
2014-06-28 18:24:00,31.322,0.0672068481534,0.0,0,0.0
2014-06-28 18:29:00,32.006,0.0633446816098,0.0250000003725,0,0.0
2014-06-28 18:34:00,29.837,0.0633446816098,0.0,0,0.0
2014-06-28 18:39:00,31.338,0.0633446816098,0.0,0,0.0
2014-06-28 18:44:00,29.836,0.0633446816098,0.0,0,0.0
2014-06-28 18:49:00,31.498,0.0633446816098,0.0,0,0.0
2014-06-28 18:54:00,29.682,0.0633446816098,0.0,0,0.0
2014-06-28 18:59:00,32.463,0.0633446816098,0.0,0,0.0
2014-06-28 19:04:00,44.387,0.0633446816098,0.0,0,0.0
2014-06-28 19:09:00,86.334,0.0596292507211,0.0250000003725,0,0.0
2014-06-28 19:14:00,52.653,0.0596292507211,0.0,0,0.0
2014-06-28 19:19:00,31.004,0.0633446816098,0.0,0,0.0
2014-06-28 19:24:00,29.885,0.0633446816098,0.0,0,0.0
2014-06-28 19:29:00,32.398,0.0633446816098,0.0,0,0.0
2014-06-28 19:34:00,31.466,0.0633446816098,0.0,0,0.0
2014-06-28 19:39:00,29.245,0.0633446816098,0.0,0,0.0
2014-06-28 19:44:00,31.997,0.0633446816098,0.0,0,0.0
2014-06-28 19:49:00,29.998,0.0633446816098,0.0,0,0.0
2014-06-28 19:54:00,31.004,0.0596292507211,0.0250000003725,0,0.0
2014-06-28 19:59:00,33.453,0.0596292507211,0.0250000003725,0,0.0
2014-06-28 20:04:00,44.382,0.0596292507211,0.0,0,0.0
2014-06-28 20:09:00,86.667,0.0560587349473,0.0250000003725,0,0.0
2014-06-28 20:14:00,52.787,0.0560587349473,0.0,0,0.0
2014-06-28 20:19:00,30.159,0.0560587349473,0.0,0,0.0
2014-06-28 20:24:00,30.877,0.0560587349473,0.0,0,0.0
2014-06-28 20:29:00,31.173,0.0560587349473,0.0,0,0.0
2014-06-28 20:34:00,31.266,0.0560587349473,0.0,0,0.0
2014-06-28 20:39:00,29.157,0.0560587349473,0.0,0,0.0
2014-06-28 20:44:00,31.879,0.0596292507211,0.0,0,0.0
2014-06-28 20:49:00,30.617,0.0633446816098,0.0,0,0.0
2014-06-28 20:54:00,31.666,0.0633446816098,0.0,0,0.0
2014-06-28 20:59:00,31.832,0.0672068481534,0.0,0,0.0
2014-06-28 21:04:00,44.487,0.0672068481534,0.0,0,0.0
2014-06-28 21:09:00,86.923,0.0633446816098,0.0250000003725,0,0.0
2014-06-28 21:14:00,51.194,0.0633605307529,0.0,0,0.0
2014-06-28 21:19:00,30.446,0.0633605307529,0.0,0,0.0
2014-06-28 21:24:00,30.156,0.0633605307529,0.0,0,0.0
2014-06-28 21:29:00,32.335,0.0633605307529,0.0,0,0.0
2014-06-28 21:34:00,31.972,0.0633605307529,0.0,0,0.0
2014-06-28 21:39:00,29.484,0.0633605307529,0.0,0,0.0
2014-06-28 21:44:00,31.788,0.0633605307529,0.0,0,0.0
2014-06-28 21:49:00,30.458,0.0633605307529,0.0,0,0.0
2014-06-28 21:54:00,30.167,0.0596431043097,0.0250000003725,0,0.0
2014-06-28 21:59:00,33.545,0.0596431043097,0.0250000003725,0,0.0
2014-06-28 22:04:00,45.786,0.0560707102956,0.0250000003725,0,0.0
2014-06-28 22:09:00,86.667,0.052641445594,0.0250000003725,0,0.0
2014-06-28 22:14:00,52.142,0.052641445594,0.0,0,0.0
2014-06-28 22:19:00,30.957,0.052641445594,0.0,0,0.0
2014-06-28 22:24:00,29.838,0.052641445594,0.0,0,0.0
2014-06-28 22:29:00,31.706,0.052641445594,0.0,0,0.0
2014-06-28 22:34:00,30.339,0.052641445594,0.0,0,0.0
2014-06-28 22:39:00,31.429,0.0493533236574,0.0250000003725,0,0.0
2014-06-28 22:44:00,30.035,0.052641445594,0.0,0,0.0
2014-06-28 22:49:00,30.292,0.0560707102956,0.0,0,0.0
2014-06-28 22:54:00,30.674,0.0596431043097,0.0,0,0.0
2014-06-28 22:59:00,32.86,0.0633605307529,0.0,0,0.0
2014-06-28 23:04:00,45.669,0.0633605307529,0.0,0,0.0
2014-06-28 23:09:00,87.667,0.0596431043097,0.0250000003725,0,0.0
2014-06-28 23:14:00,51.614,0.0596431043097,0.0,0,0.0
2014-06-28 23:19:00,30.549,0.0596431043097,0.0,0,0.0
2014-06-28 23:24:00,30.666,0.0596431043097,0.0,0,0.0
2014-06-28 23:29:00,30.834,0.0633605307529,0.0,0,0.0
2014-06-28 23:34:00,30.406,0.0633605307529,0.0,0,0.0
2014-06-28 23:39:00,30.715,0.0633605307529,0.0,0,0.0
2014-06-28 23:44:00,31.808,0.0633605307529,0.0,0,0.0
2014-06-28 23:49:00,28.951,0.0633605307529,0.0,0,0.0
2014-06-28 23:54:00,29.88,0.0633605307529,0.0,0,0.0
2014-06-28 23:59:00,32.546,0.0672248119257,0.0,0,0.0
2014-06-29 00:04:00,44.822,0.0672248119257,0.0,0,0.0
2014-06-29 00:09:00,66.5,0.0672248119257,0.0,0,0.0
2014-06-29 00:14:00,52.363,0.0596431043097,0.0500000007451,0,0.0
2014-06-29 00:19:00,30.658,0.0596431043097,0.0,0,0.0
2014-06-29 00:24:00,31.334,0.0596431043097,0.0,0,0.0
2014-06-29 00:29:00,31.304,0.0596431043097,0.0,0,0.0
2014-06-29 00:34:00,30.289,0.0596431043097,0.0,0,0.0
2014-06-29 00:39:00,31.148,0.0596431043097,0.0,0,0.0
2014-06-29 00:44:00,31.528,0.0560707102956,0.0250000003725,0,0.0
2014-06-29 00:49:00,30.502,0.0560707102956,0.0,0,0.0
2014-06-29 00:54:00,30.164,0.0560707102956,0.0,0,0.0
2014-06-29 00:59:00,33.494,0.0560707102956,0.0,0,0.0
2014-06-29 01:04:00,44.286,0.0633605307529,0.0,0,0.0
2014-06-29 01:09:00,86.279,0.0560707102956,0.0500000007451,0,0.0
2014-06-29 01:14:00,52.787,0.0493533236574,0.0500000007451,0,0.0
2014-06-29 01:19:00,29.838,0.0493533236574,0.0,0,0.0
2014-06-29 01:24:00,30.834,0.0493533236574,0.0,0,0.0
2014-06-29 01:29:00,30.9,0.0493533236574,0.0,0,0.0
2014-06-29 01:34:00,30.373,0.052641445594,0.0,0,0.0
2014-06-29 01:39:00,30.615,0.052641445594,0.0,0,0.0
2014-06-29 01:44:00,32.438,0.052641445594,0.0,0,0.0
2014-06-29 01:49:00,29.721,0.052641445594,0.0,0,0.0
2014-06-29 01:54:00,29.834,0.052641445594,0.0,0,0.0
2014-06-29 01:59:00,33.103,0.0596431043097,0.0,0,0.0
2014-06-29 02:04:00,45.502,0.0672248119257,0.0,0,0.0
2014-06-29 02:09:00,58.219,0.032466234461,0.27500000596,0,0.0
2014-06-29 02:14:00,32.213,0.032466234461,0.0,0,0.0
2014-06-29 02:19:00,31.817,0.030103000249,0.0250000003725,0,0.0
2014-06-29 02:24:00,29.741,0.030103000249,0.0,0,0.0
2014-06-29 02:29:00,32.487,0.030103000249,0.0,0,0.0
2014-06-29 02:34:00,29.668,0.030103000249,0.0,0,0.0
2014-06-29 02:39:00,31.004,0.030103000249,0.0,0,0.0
2014-06-29 02:44:00,30.964,0.030103000249,0.0,0,0.0
2014-06-29 02:49:00,30.214,0.030103000249,0.0,0,0.0
2014-06-29 02:54:00,30.785,0.030103000249,0.0,0,0.0
2014-06-29 02:59:00,33.202,0.0633605307529,0.0,0,0.0
2014-06-29 03:04:00,44.809,0.0633605307529,0.0,0,0.0
2014-06-29 03:09:00,86.167,0.0672248119257,0.0,0,0.0
2014-06-29 03:14:00,57.432,0.0560707071138,0.524999976158,0,0.0
2014-06-29 03:19:00,30.56,0.0596431009969,0.0250000003725,0,0.0
2014-06-29 03:24:00,30.957,0.0596431009969,0.0,0,0.0
2014-06-29 03:29:00,32.004,0.0596431009969,0.0,0,0.0
2014-06-29 03:34:00,29.906,0.0596431009969,0.0,0,0.0
2014-06-29 03:39:00,31.299,0.0596431009969,0.0,0,0.0
2014-06-29 03:44:00,33.624,0.0596431009969,0.0,0,0.0
2014-06-29 03:49:00,31.168,0.0596431009969,0.0,0,0.0
2014-06-29 03:54:00,30.321,0.0596431009969,0.0,0,0.0
2014-06-29 03:59:00,32.134,0.0596431009969,0.0,0,0.0
2014-06-29 04:04:00,44.34,0.0633605307529,0.0,0,0.0
2014-06-29 04:09:00,93.0,0.0633605307529,0.0250000003725,0,0.0
2014-06-29 04:14:00,53.172,0.0526414453438,0.0750000029802,0,0.0
2014-06-29 04:19:00,32.038,0.0493533234176,0.0250000003725,0,0.0
2014-06-29 04:24:00,28.907,0.0493533234176,0.0,0,0.0
2014-06-29 04:29:00,31.322,0.0493533234176,0.0,0,0.0
2014-06-29 04:34:00,31.571,0.0493533234176,0.0,0,0.0
2014-06-29 04:39:00,29.167,0.0493533234176,0.0,0,0.0
2014-06-29 04:44:00,31.208,0.0493533234176,0.0,0,0.0
2014-06-29 04:49:00,30.466,0.0493533234176,0.0,0,0.0
2014-06-29 04:54:00,30.119,0.0493533234176,0.0,0,0.0
2014-06-29 04:59:00,34.648,0.0526414453438,0.0,0,0.0
2014-06-29 05:04:00,43.01,0.0633605307529,0.0,0,0.0
2014-06-29 05:09:00,52.384,0.0672248119257,0.0,0,0.0
2014-06-29 05:14:00,31.183,0.0462042715415,0.15000000596,0,0.0
2014-06-29 05:19:00,29.706,0.0462042715415,0.0,0,0.0
2014-06-29 05:24:00,30.452,0.0462042715415,0.0,0,0.0
2014-06-29 05:29:00,32.217,0.0462042715415,0.0,0,0.0
2014-06-29 05:34:00,29.788,0.0478104194341,0.0,0,0.0
2014-06-29 05:39:00,30.219,0.0478104194341,0.0,0,0.0
2014-06-29 05:44:00,31.945,0.0478104194341,0.0,0,0.0
2014-06-29 05:49:00,30.04,0.0478104194341,0.0,0,0.0
2014-06-29 05:54:00,31.543,0.0478104194341,0.0,0,0.0
2014-06-29 05:59:00,31.994,0.0478104194341,0.0,0,0.0
2014-06-29 06:04:00,45.21,0.0713646075621,0.0,0,0.0
2014-06-29 06:09:00,65.988,0.0713646075621,0.0,0,0.0
2014-06-29 06:14:00,52.451,0.0670088664342,0.0250000003725,0,0.0
2014-06-29 06:19:00,30.38,0.0670088664342,0.0,0,0.0
2014-06-29 06:24:00,30.67,0.0670088664342,0.0,0,0.0
2014-06-29 06:29:00,31.122,0.0670088664342,0.0,0,0.0
2014-06-29 06:34:00,31.215,0.0670088664342,0.0,0,0.0
2014-06-29 06:39:00,30.165,0.0670088664342,0.0,0,0.0
2014-06-29 06:44:00,31.887,0.0670088664342,0.0,0,0.0
2014-06-29 06:49:00,29.389,0.0670088664342,0.0,0,0.0
2014-06-29 06:54:00,31.167,0.0670088664342,0.0,0,0.0
2014-06-29 06:59:00,32.987,0.0670088664342,0.0,0,0.0
2014-06-29 07:04:00,44.043,0.0713646075621,0.0,0,0.0
2014-06-29 07:09:00,93.0,0.0670088664342,0.0250000003725,0,0.0
2014-06-29 07:14:00,52.5,0.054983274706,0.0750000029802,0,0.0
2014-06-29 07:19:00,30.327,0.054983274706,0.0,0,0.0
2014-06-29 07:24:00,31.166,0.054983274706,0.0,0,0.0
2014-06-29 07:29:00,31.02,0.054983274706,0.0,0,0.0
2014-06-29 07:34:00,30.119,0.054983274706,0.0,0,0.0
2014-06-29 07:39:00,31.973,0.054983274706,0.0,0,0.0
2014-06-29 07:44:00,31.441,0.054983274706,0.0,0,0.0
2014-06-29 07:49:00,28.541,0.054983274706,0.0,0,0.0
2014-06-29 07:54:00,30.216,0.054983274706,0.0,0,0.0
2014-06-29 07:59:00,32.793,0.0588204976345,0.0,0,0.0
2014-06-29 08:04:00,45.319,0.0713646075621,0.0,0,0.0
2014-06-29 08:09:00,87.167,0.0670088664342,0.0250000003725,0,0.0
2014-06-29 08:14:00,53.109,0.0628282442883,0.0250000003725,0,0.0
2014-06-29 08:19:00,29.333,0.0628282442883,0.0,0,0.0
2014-06-29 08:24:00,30.172,0.0588204979267,0.0250000003725,0,0.0
2014-06-29 08:29:00,31.708,0.0588204979267,0.0,0,0.0
2014-06-29 08:34:00,31.33,0.0588204979267,0.0,0,0.0
2014-06-29 08:39:00,28.955,0.0588204979267,0.0,0,0.0
2014-06-29 08:44:00,31.504,0.0588204979267,0.0,0,0.0
2014-06-29 08:49:00,30.383,0.0588204979267,0.0,0,0.0
2014-06-29 08:54:00,29.832,0.0588204979267,0.0,0,0.0
2014-06-29 08:59:00,34.003,0.0628282442883,0.0,0,0.0
2014-06-29 09:04:00,44.329,0.0628282442883,0.0250000003725,0,0.0
2014-06-29 09:09:00,93.833,0.0588204979267,0.0250000003725,0,0.0
2014-06-29 09:14:00,51.67,0.0513141096223,0.0750000029802,0,0.0
2014-06-29 09:19:00,30.507,0.0513141096223,0.0,0,0.0
2014-06-29 09:24:00,30.005,0.0513141096223,0.0,0,0.0
2014-06-29 09:29:00,31.492,0.0513141096223,0.0,0,0.0
2014-06-29 09:34:00,30.293,0.0513141096223,0.0,0,0.0
2014-06-29 09:39:00,30.957,0.0513141096223,0.0,0,0.0
2014-06-29 09:44:00,30.999,0.0513141096223,0.0,0,0.0
2014-06-29 09:49:00,29.988,0.0513141096223,0.0,0,0.0
2014-06-29 09:54:00,31.543,0.054983274706,0.0,0,0.0
2014-06-29 09:59:00,31.626,0.0588204976345,0.0,0,0.0
2014-06-29 10:04:00,44.501,0.0713646075621,0.0,0,0.0
2014-06-29 10:09:00,93.333,0.0670088664342,0.0250000003725,0,0.0
2014-06-29 10:14:00,52.499,0.0628282442883,0.0250000003725,0,0.0
2014-06-29 10:19:00,30.719,0.0628282442883,0.0,0,0.0
2014-06-29 10:24:00,30.325,0.0628282442883,0.0,0,0.0
2014-06-29 10:29:00,31.51,0.0628282442883,0.0,0,0.0
2014-06-29 10:34:00,30.3,0.0628282442883,0.0,0,0.0
2014-06-29 10:39:00,31.125,0.0628282442883,0.0,0,0.0
2014-06-29 10:44:00,31.215,0.0628282442883,0.0,0,0.0
2014-06-29 10:49:00,29.95,0.0628282442883,0.0,0,0.0
2014-06-29 10:54:00,30.224,0.0628282442883,0.0,0,0.0
2014-06-29 10:59:00,34.989,0.0670088664342,0.0,0,0.0
2014-06-29 11:04:00,42.817,0.0628282442883,0.0500000007451,0,0.0
2014-06-29 11:09:00,66.384,0.0628282442883,0.0,0,0.0
2014-06-29 11:14:00,52.951,0.0628282442883,0.0,0,0.0
2014-06-29 11:19:00,29.496,0.0628282442883,0.0,0,0.0
2014-06-29 11:24:00,30.002,0.0628282442883,0.0,0,0.0
2014-06-29 11:29:00,31.671,0.0628282442883,0.0,0,0.0
2014-06-29 11:34:00,31.644,0.0628282442883,0.0,0,0.0
2014-06-29 11:39:00,29.368,0.0628282442883,0.0,0,0.0
2014-06-29 11:44:00,31.119,0.0628282442883,0.0,0,0.0
2014-06-29 11:49:00,30.04,0.0628282442883,0.0,0,0.0
2014-06-29 11:54:00,30.961,0.0713646075621,0.0,0,0.0
2014-06-29 11:59:00,33.284,0.0713646075621,0.0,0,0.0
2014-06-29 12:04:00,44.379,0.0670088664342,0.0250000003725,0,0.0
2014-06-29 12:09:00,93.833,0.0382645412261,0.20000000298,0,0.0
2014-06-29 12:14:00,52.833,0.0382645412261,0.0,0,0.0
2014-06-29 12:19:00,29.826,0.0382645412261,0.0,0,0.0
2014-06-29 12:24:00,30.334,0.0382645412261,0.0,0,0.0
2014-06-29 12:29:00,31.841,0.0382645412261,0.0,0,0.0
2014-06-29 12:34:00,30.288,0.0382645412261,0.0,0,0.0
2014-06-29 12:39:00,31.266,0.0382645412261,0.0,0,0.0
2014-06-29 12:44:00,30.2,0.0382645412261,0.0,0,0.0
2014-06-29 12:49:00,30.721,0.0382645412261,0.0,0,0.0
2014-06-29 12:54:00,29.453,0.0412885271191,0.0,0,0.0
2014-06-29 12:59:00,33.818,0.0713646075621,0.0,0,0.0
2014-06-29 13:04:00,43.883,0.0670088664342,0.0250000003725,0,0.0
2014-06-29 13:09:00,66.479,0.0670088664342,0.0,0,0.0
2014-06-29 13:14:00,52.167,0.0670088664342,0.0,0,0.0
2014-06-29 13:19:00,30.882,0.0670088664342,0.0,0,0.0
2014-06-29 13:24:00,31.333,0.0670088664342,0.0,0,0.0
2014-06-29 13:29:00,31.929,0.0670088664342,0.0,0,0.0
2014-06-29 13:34:00,31.044,0.0670088664342,0.0,0,0.0
2014-06-29 13:39:00,28.832,0.0670088664342,0.0,0,0.0
2014-06-29 13:44:00,31.59,0.0670088664342,0.0,0,0.0
2014-06-29 13:49:00,30.336,0.0628282442883,0.0250000003725,0,0.0
2014-06-29 13:54:00,31.636,0.062821828101,0.0250000003725,0,0.0
2014-06-29 13:59:00,32.143,0.062821828101,0.0,0,0.0
2014-06-29 14:04:00,44.311,0.0588149655642,0.0250000003725,0,0.0
2014-06-29 14:09:00,93.833,0.032674647206,0.20000000298,0,0.0
2014-06-29 14:14:00,51.786,0.032674647206,0.0,0,0.0
2014-06-29 14:19:00,30.348,0.032674647206,0.0,0,0.0
2014-06-29 14:24:00,31.004,0.032674647206,0.0,0,0.0
2014-06-29 14:29:00,30.497,0.032674647206,0.0,0,0.0
2014-06-29 14:34:00,31.273,0.032674647206,0.0,0,0.0
2014-06-29 14:39:00,29.995,0.0353935827594,0.0,0,0.0
2014-06-29 14:44:00,31.546,0.0382631557842,0.0,0,0.0
2014-06-29 14:49:00,29.959,0.0382631557842,0.0,0,0.0
2014-06-29 14:54:00,30.155,0.0412865824027,0.0,0,0.0
2014-06-29 14:59:00,33.95,0.0713562494965,0.0,0,0.0
2014-06-29 15:04:00,44.163,0.0670015086388,0.0250000003725,0,0.0
2014-06-29 15:09:00,93.607,0.062821828101,0.0250000003725,0,0.0
2014-06-29 15:14:00,52.696,0.0588149655642,0.0250000003725,0,0.0
2014-06-29 15:19:00,30.788,0.0588149655642,0.0,0,0.0
2014-06-29 15:24:00,29.719,0.0588149655642,0.0,0,0.0
2014-06-29 15:29:00,32.827,0.0549785696048,0.0250000003725,0,0.0
2014-06-29 15:34:00,30.992,0.0549785696048,0.0,0,0.0
2014-06-29 15:39:00,29.619,0.0549785696048,0.0,0,0.0
2014-06-29 15:44:00,31.838,0.0549785696048,0.0,0,0.0
2014-06-29 15:49:00,29.505,0.0549785696048,0.0,0,0.0
2014-06-29 15:54:00,30.601,0.0588149655642,0.0,0,0.0
2014-06-29 15:59:00,33.486,0.0588149655642,0.0250000003725,0,0.0
2014-06-29 16:04:00,44.885,0.062821828101,0.0,0,0.0
2014-06-29 16:09:00,58.453,0.0588149655642,0.0250000003725,0,0.0
2014-06-29 16:14:00,31.855,0.124955545473,0.774999976158,0,0.0
2014-06-29 16:19:00,29.786,0.118747927417,0.0,0,0.0
2014-06-29 16:24:00,31.662,0.124955545473,0.0250000003725,0,0.0
2014-06-29 16:29:00,30.887,0.124955545473,0.0,0,0.0
2014-06-29 16:34:00,30.334,0.124955545473,0.0,0,0.0
2014-06-29 16:39:00,31.242,0.124955545473,0.0,0,0.0
2014-06-29 16:44:00,30.694,0.124955545473,0.0,0,0.0
2014-06-29 16:49:00,31.332,0.124955545473,0.0250000003725,0,0.0
2014-06-29 16:54:00,30.282,0.124955545473,0.0,0,0.0
2014-06-29 16:59:00,33.498,0.118747927417,0.0,0,0.0
2014-06-29 17:04:00,44.269,0.062821828101,0.0,0,0.0
2014-06-29 17:09:00,93.167,0.062821828101,0.0,0,0.0
2014-06-29 17:14:00,53.446,0.0670015086388,0.0,0,0.0
2014-06-29 17:19:00,30.164,0.0670015086388,0.0,0,0.0
2014-06-29 17:24:00,30.332,0.062821828101,0.0250000003725,0,0.0
2014-06-29 17:29:00,31.494,0.062821828101,0.0,0,0.0
2014-06-29 17:34:00,30.001,0.062821828101,0.0,0,0.0
2014-06-29 17:39:00,30.121,0.0670015086388,0.0,0,0.0
2014-06-29 17:44:00,31.336,0.0670015086388,0.0,0,0.0
2014-06-29 17:49:00,29.71,0.0670015086388,0.0,0,0.0
2014-06-29 17:54:00,30.304,0.062821828101,0.0250000003725,0,0.0
2014-06-29 17:59:00,33.558,0.062821828101,0.0,0,0.0
2014-06-29 18:04:00,44.235,0.062821828101,0.0,0,0.0
2014-06-29 18:09:00,57.621,0.0412865819405,0.15000000596,0,0.0
2014-06-29 18:14:00,31.616,0.144745509543,0.75,0,0.0
2014-06-29 18:19:00,30.6,0.144745509543,0.0,0,0.0
2014-06-29 18:24:00,32.101,0.151735156065,0.0250000003725,0,0.0
2014-06-29 18:29:00,31.485,0.151735156065,0.0,0,0.0
2014-06-29 18:34:00,30.596,0.151735156065,0.0,0,0.0
2014-06-29 18:39:00,30.184,0.151735156065,0.0,0,0.0
2014-06-29 18:44:00,31.509,0.144745509543,0.0,0,0.0
2014-06-29 18:49:00,29.837,0.144745509543,0.0,0,0.0
2014-06-29 18:54:00,31.001,0.144745509543,0.0,0,0.0
2014-06-29 18:59:00,32.673,0.106908481544,0.0,0,0.0
2014-06-29 19:04:00,44.993,0.0670015086388,0.0,0,0.0
2014-06-29 19:09:00,91.864,0.0670015086388,0.0,0,0.0
2014-06-29 19:14:00,52.881,0.0382631561793,0.375,0,0.0
2014-06-29 19:19:00,30.5,0.0382631561793,0.0,0,0.0
2014-06-29 19:24:00,30.454,0.0382631561793,0.0,0,0.0
2014-06-29 19:29:00,31.372,0.0382631561793,0.0,0,0.0
2014-06-29 19:34:00,30.071,0.0382631561793,0.0,0,0.0
2014-06-29 19:39:00,30.213,0.0382631561793,0.0,0,0.0
2014-06-29 19:44:00,31.502,0.0382631561793,0.0,0,0.0
2014-06-29 19:49:00,29.819,0.0382631561793,0.0,0,0.0
2014-06-29 19:54:00,30.939,0.0382631561793,0.0,0,0.0
2014-06-29 19:59:00,33.656,0.0382631561793,0.0,0,0.0
2014-06-29 20:04:00,44.287,0.0713562494965,0.0,0,0.0
2014-06-29 20:09:00,93.934,0.0713562494965,0.0,0,0.0
2014-06-29 20:14:00,51.584,0.0713562494965,0.0,0,0.0
2014-06-29 20:19:00,30.006,0.0713562494965,0.0,0,0.0
2014-06-29 20:24:00,30.932,0.0713562494965,0.0,0,0.0
2014-06-29 20:29:00,31.88,0.0713562494965,0.0,0,0.0
2014-06-29 20:34:00,30.826,0.0713562494965,0.0,0,0.0
2014-06-29 20:39:00,29.897,0.0713562494965,0.0,0,0.0
2014-06-29 20:44:00,31.667,0.0713562494965,0.0,0,0.0
2014-06-29 20:49:00,30.216,0.0713562494965,0.0,0,0.0
2014-06-29 20:54:00,30.666,0.0713562494965,0.0,0,0.0
2014-06-29 20:59:00,32.666,0.0713562494965,0.0,0,0.0
2014-06-29 21:04:00,44.814,0.0713562494965,0.0,0,0.0
2014-06-29 21:09:00,93.333,0.062821828101,0.0500000007451,0,0.0
2014-06-29 21:14:00,52.895,0.0588149655642,0.0250000003725,0,0.0
2014-06-29 21:19:00,31.222,0.0588149655642,0.0,0,0.0
2014-06-29 21:24:00,29.847,0.0588149655642,0.0,0,0.0
2014-06-29 21:29:00,31.887,0.0588149655642,0.0,0,0.0
2014-06-29 21:34:00,30.454,0.0588149655642,0.0,0,0.0
2014-06-29 21:39:00,30.007,0.0588149655642,0.0,0,0.0
2014-06-29 21:44:00,31.671,0.0588149655642,0.0,0,0.0
2014-06-29 21:49:00,31.553,0.0588149655642,0.0,0,0.0
2014-06-29 21:54:00,29.443,0.0549785696048,0.0250000003725,0,0.0
2014-06-29 21:59:00,32.846,0.0588149655642,0.0250000003725,0,0.0
2014-06-29 22:04:00,45.665,0.0588149655642,0.0250000003725,0,0.0
2014-06-29 22:09:00,67.204,0.0549785696048,0.0250000003725,0,0.0
2014-06-29 22:14:00,53.008,0.0477081005114,0.0500000007451,0,0.0
2014-06-29 22:19:00,30.338,0.0477081005114,0.0,0,0.0
2014-06-29 22:24:00,30.65,0.0477081005114,0.0,0,0.0
2014-06-29 22:29:00,33.291,0.0477081005114,0.0,0,0.0
2014-06-29 22:34:00,29.052,0.0477081005114,0.0,0,0.0
2014-06-29 22:39:00,30.609,0.0477081005114,0.0,0,0.0
2014-06-29 22:44:00,30.625,0.051189022716,0.0,0,0.0
2014-06-29 22:49:00,30.046,0.054833682368,0.0,0,0.0
2014-06-29 22:54:00,29.963,0.0586446280966,0.0,0,0.0
2014-06-29 22:59:00,33.333,0.0626242935809,0.0,0,0.0
2014-06-29 23:04:00,45.327,0.0710989667477,0.0,0,0.0
2014-06-29 23:09:00,57.659,0.0667750013549,0.0250000003725,0,0.0
2014-06-29 23:14:00,33.264,0.0667750013549,0.0,0,0.0
2014-06-29 23:19:00,29.323,0.0667750013549,0.0,0,0.0
2014-06-29 23:24:00,31.122,0.0667750013549,0.0,0,0.0
2014-06-29 23:29:00,31.044,0.0667750013549,0.0,0,0.0
2014-06-29 23:34:00,30.165,0.0667750013549,0.0,0,0.0
2014-06-29 23:39:00,31.586,0.0667750013549,0.0,0,0.0
2014-06-29 23:44:00,29.489,0.0667750013549,0.0,0,0.0
2014-06-29 23:49:00,30.556,0.0667750013549,0.0,0,0.0
2014-06-29 23:54:00,30.335,0.0667750013549,0.0,0,0.0
2014-06-29 23:59:00,33.982,0.0710989667477,0.0,0,0.0
2014-06-30 00:04:00,45.571,0.0710989667477,0.0,0,0.0
2014-06-30 00:09:00,93.051,0.0710989667477,0.0,0,0.0
2014-06-30 00:14:00,53.233,0.0412266788644,0.40000000596,0,0.0
2014-06-30 00:19:00,30.953,0.0412266788644,0.0,0,0.0
2014-06-30 00:24:00,28.721,0.0412266788644,0.0,0,0.0
2014-06-30 00:29:00,31.905,0.0412266788644,0.0,0,0.0
2014-06-30 00:34:00,31.885,0.044388249722,0.0250000003725,0,0.0
2014-06-30 00:39:00,29.003,0.044388249722,0.0,0,0.0
2014-06-30 00:44:00,31.745,0.0477081017273,0.0250000003725,0,0.0
2014-06-30 00:49:00,30.337,0.0477081017273,0.0,0,0.0
2014-06-30 00:54:00,29.88,0.0477081017273,0.0,0,0.0
2014-06-30 00:59:00,33.785,0.0477081017273,0.0,0,0.0
2014-06-30 01:04:00,44.384,0.0626242935809,0.0,0,0.0
2014-06-30 01:09:00,93.167,0.0586446280966,0.0250000003725,0,0.0
2014-06-30 01:14:00,52.811,0.054833682368,0.0250000003725,0,0.0
2014-06-30 01:19:00,30.187,0.054833682368,0.0,0,0.0
2014-06-30 01:24:00,30.838,0.0586446280966,0.0,0,0.0
2014-06-30 01:29:00,32.829,0.0586446280966,0.0,0,0.0
2014-06-30 01:34:00,30.496,0.0626242935809,0.0,0,0.0
2014-06-30 01:39:00,30.665,0.0626242935809,0.0,0,0.0
2014-06-30 01:44:00,31.484,0.0626242935809,0.0,0,0.0
2014-06-30 01:49:00,30.961,0.0626242935809,0.0,0,0.0
2014-06-30 01:54:00,31.749,0.0626242935809,0.0,0,0.0
2014-06-30 01:59:00,31.869,0.0667750013549,0.0,0,0.0
2014-06-30 02:04:00,44.663,0.0710989667477,0.0,0,0.0
2014-06-30 02:09:00,93.607,0.0586446278064,0.0750000029802,0,0.0
2014-06-30 02:14:00,52.851,0.0511890224505,0.0500000007451,0,0.0
2014-06-30 02:19:00,31.8,0.0511890224505,0.0,0,0.0
2014-06-30 02:24:00,28.696,0.0511890224505,0.0,0,0.0
2014-06-30 02:29:00,32.395,0.0511890224505,0.0,0,0.0
2014-06-30 02:34:00,29.037,0.0511890224505,0.0,0,0.0
2014-06-30 02:39:00,32.098,0.0477081002581,0.0250000003725,0,0.0
2014-06-30 02:44:00,30.974,0.041226677532,0.0500000007451,0,0.0
2014-06-30 02:49:00,29.671,0.041226677532,0.0,0,0.0
2014-06-30 02:54:00,31.688,0.0382204738321,0.0250000003725,0,0.0
2014-06-30 02:59:00,31.617,0.0477081005114,0.0,0,0.0
2014-06-30 03:04:00,44.551,0.054833682368,0.0,0,0.0
2014-06-30 03:09:00,67.334,0.051189022716,0.0250000003725,0,0.0
2014-06-30 03:14:00,51.46,0.0443882485632,0.0500000007451,0,0.0
2014-06-30 03:19:00,33.453,0.0412266777617,0.0250000003725,0,0.0
2014-06-30 03:24:00,31.335,0.0412266777617,0.0,0,0.0
2014-06-30 03:29:00,35.28,0.0412266777617,0.0250000003725,0,0.0
2014-06-30 03:34:00,31.37,0.0477081005114,0.0,0,0.0
2014-06-30 03:39:00,30.957,0.0477081005114,0.0,0,0.0
2014-06-30 03:44:00,31.041,0.051189022716,0.0,0,0.0
2014-06-30 03:49:00,30.222,0.051189022716,0.0,0,0.0
2014-06-30 03:54:00,30.277,0.051189022716,0.0,0,0.0
2014-06-30 03:59:00,33.182,0.054833682368,0.0,0,0.0
2014-06-30 04:04:00,45.963,0.0626242935809,0.0,0,0.0
2014-06-30 04:09:00,94.098,0.0626242935809,0.0250000003725,0,0.0
2014-06-30 04:14:00,50.671,0.0626242935809,0.0,0,0.0
2014-06-30 04:19:00,31.145,0.0667750013549,0.0,0,0.0
2014-06-30 04:24:00,29.831,0.0667750013549,0.0,0,0.0
2014-06-30 04:29:00,31.493,0.0667750013549,0.0,0,0.0
2014-06-30 04:34:00,30.173,0.0667750013549,0.0,0,0.0
2014-06-30 04:39:00,30.089,0.0667750013549,0.0,0,0.0
2014-06-30 04:44:00,31.838,0.0667750013549,0.0,0,0.0
2014-06-30 04:49:00,30.335,0.0667750013549,0.0,0,0.0
2014-06-30 04:54:00,30.204,0.0667750013549,0.0,0,0.0
2014-06-30 04:59:00,33.85,0.0710989667477,0.0,0,0.0
2014-06-30 05:04:00,44.793,0.0710989667477,0.0,0,0.0
2014-06-30 05:09:00,57.885,0.0667750013549,0.0250000003725,0,0.0
2014-06-30 05:14:00,32.089,0.090168187464,0.675000011921,0,0.0
2014-06-30 05:19:00,29.009,0.090168187464,0.0,0,0.0
2014-06-30 05:24:00,30.325,0.090168187464,0.0,0,0.0
2014-06-30 05:29:00,31.548,0.090168187464,0.0,0,0.0
2014-06-30 05:34:00,30.168,0.090168187464,0.0,0,0.0
2014-06-30 05:39:00,30.665,0.090168187464,0.0,0,0.0
2014-06-30 05:44:00,30.827,0.090168187464,0.0,0,0.0
2014-06-30 05:49:00,30.463,0.090168187464,0.0,0,0.0
2014-06-30 05:54:00,30.336,0.090168187464,0.0,0,0.0
2014-06-30 05:59:00,33.452,0.0851310407882,0.0,0,0.0
2014-06-30 06:04:00,43.843,0.0710989667477,0.0,0,0.0
2014-06-30 06:09:00,92.667,0.0667750013549,0.0250000003725,0,0.0
2014-06-30 06:14:00,52.551,0.0626242935809,0.0250000003725,0,0.0
2014-06-30 06:19:00,30.671,0.0626242935809,0.0,0,0.0
2014-06-30 06:24:00,30.294,0.0626242935809,0.0,0,0.0
2014-06-30 06:29:00,31.577,0.0626242935809,0.0,0,0.0
2014-06-30 06:34:00,30.218,0.0625893194908,0.0,0,0.0
2014-06-30 06:39:00,30.218,0.0625893194908,0.0,0,0.0
2014-06-30 06:44:00,31.954,0.0625893194908,0.0,0,0.0
2014-06-30 06:49:00,30.209,0.0586144666638,0.0250000003725,0,0.0
2014-06-30 06:54:00,30.003,0.0586144666638,0.0,0,0.0
2014-06-30 06:59:00,33.653,0.0625893194908,0.0,0,0.0
2014-06-30 07:04:00,44.671,0.0625893194908,0.0250000003725,0,0.0
2014-06-30 07:09:00,93.0,0.0586144666638,0.0250000003725,0,0.0
2014-06-30 07:14:00,52.166,0.0548080249585,0.0250000003725,0,0.0
2014-06-30 07:19:00,30.149,0.0548080249585,0.0,0,0.0
2014-06-30 07:24:00,29.835,0.0548080249585,0.0,0,0.0
2014-06-30 07:29:00,32.127,0.0548080249585,0.0,0,0.0
2014-06-30 07:34:00,30.218,0.0548080249585,0.0,0,0.0
2014-06-30 07:39:00,30.989,0.0586144666638,0.0,0,0.0
2014-06-30 07:44:00,31.622,0.0586144666638,0.0,0,0.0
2014-06-30 07:49:00,28.667,0.0586144666638,0.0,0,0.0
2014-06-30 07:54:00,30.423,0.0625893194908,0.0,0,0.0
2014-06-30 07:59:00,33.199,0.0667349008725,0.0,0,0.0
2014-06-30 08:04:00,44.498,0.0710534213707,0.0,0,0.0
2014-06-30 08:09:00,93.934,0.0667349008725,0.0250000003725,0,0.0
2014-06-30 08:14:00,51.786,0.0625893194908,0.0250000003725,0,0.0
2014-06-30 08:19:00,30.352,0.0586144666638,0.0250000003725,0,0.0
2014-06-30 08:24:00,29.619,0.0586144666638,0.0,0,0.0
2014-06-30 08:29:00,31.168,0.0586144666638,0.0,0,0.0
2014-06-30 08:34:00,30.831,0.0586144666638,0.0,0,0.0
2014-06-30 08:39:00,30.651,0.0586144666638,0.0,0,0.0
2014-06-30 08:44:00,30.5,0.0586144666638,0.0,0,0.0
2014-06-30 08:49:00,29.866,0.0586144666638,0.0,0,0.0
2014-06-30 08:54:00,30.834,0.0586144666638,0.0,0,0.0
2014-06-30 08:59:00,32.502,0.0625893194908,0.0,0,0.0
2014-06-30 09:04:00,44.499,0.0667349008725,0.0,0,0.0
2014-06-30 09:09:00,93.0,0.0667349008725,0.0250000003725,0,0.0
2014-06-30 09:14:00,52.725,0.0625893194908,0.0250000003725,0,0.0
2014-06-30 09:19:00,30.834,0.0625893194908,0.0,0,0.0
2014-06-30 09:24:00,29.999,0.0625893194908,0.0,0,0.0
2014-06-30 09:29:00,30.859,0.0625893194908,0.0,0,0.0
2014-06-30 09:34:00,29.771,0.0625893194908,0.0,0,0.0
2014-06-30 09:39:00,32.989,0.0625893194908,0.0,0,0.0
2014-06-30 09:44:00,30.173,0.0625893194908,0.0,0,0.0
2014-06-30 09:49:00,29.667,0.0625893194908,0.0,0,0.0
2014-06-30 09:54:00,30.788,0.0625893194908,0.0,0,0.0
2014-06-30 09:59:00,32.004,0.0667349008725,0.0,0,0.0
2014-06-30 10:04:00,44.881,0.0710534213707,0.0,0,0.0
2014-06-30 10:09:00,65.211,0.0625893194908,0.0500000007451,0,0.0
2014-06-30 10:14:00,29.963,0.165120634239,0.949999988079,0,0.0
2014-06-30 10:19:00,30.216,0.165120634239,0.0,0,0.0
2014-06-30 10:24:00,31.166,0.165120634239,0.0,0,0.0
2014-06-30 10:29:00,30.432,0.165120634239,0.0,0,0.0
2014-06-30 10:34:00,30.716,0.165120634239,0.0,0,0.0
2014-06-30 10:39:00,29.823,0.165120634239,0.0,0,0.0
2014-06-30 10:44:00,30.961,0.165120634239,0.0,0,0.0
2014-06-30 10:49:00,30.718,0.165120634239,0.0,0,0.0
2014-06-30 10:54:00,30.447,0.165120634239,0.0,0,0.0
2014-06-30 10:59:00,32.661,0.150689063645,0.0,0,0.0
2014-06-30 11:04:00,44.714,0.0710534213707,0.0,0,0.0
2014-06-30 11:09:00,93.115,0.0710534213707,0.0,0,0.0
2014-06-30 11:14:00,52.333,0.0476905461137,0.449999988079,0,0.0
2014-06-30 11:19:00,30.163,0.0476905461137,0.0,0,0.0
2014-06-30 11:24:00,29.998,0.0476905461137,0.0,0,0.0
2014-06-30 11:29:00,31.292,0.0476905461137,0.0,0,0.0
2014-06-30 11:34:00,30.499,0.0476905461137,0.0,0,0.0
2014-06-30 11:39:00,30.383,0.0476905461137,0.0,0,0.0
2014-06-30 11:44:00,31.834,0.0476905461137,0.0,0,0.0
2014-06-30 11:49:00,29.715,0.0476905461137,0.0,0,0.0
2014-06-30 11:54:00,30.116,0.0476905461137,0.0,0,0.0
2014-06-30 11:59:00,33.419,0.0476905461137,0.0,0,0.0
2014-06-30 12:04:00,44.381,0.0667349008725,0.0250000003725,0,0.0
2014-06-30 12:09:00,93.22,0.0625893194908,0.0250000003725,0,0.0
2014-06-30 12:14:00,52.398,0.0625893194908,0.0,0,0.0
2014-06-30 12:19:00,30.718,0.0625893194908,0.0,0,0.0
2014-06-30 12:24:00,29.492,0.0625893194908,0.0,0,0.0
2014-06-30 12:29:00,31.799,0.0625893194908,0.0,0,0.0
2014-06-30 12:34:00,30.549,0.0625893194908,0.0,0,0.0
2014-06-30 12:39:00,31.27,0.0625893194908,0.0,0,0.0
2014-06-30 12:44:00,30.37,0.0625893194908,0.0,0,0.0
2014-06-30 12:49:00,31.605,0.0586144666638,0.0250000003725,0,0.0
2014-06-30 12:54:00,29.699,0.0625893194908,0.0,0,0.0
2014-06-30 12:59:00,32.44,0.0667349008725,0.0,0,0.0
2014-06-30 13:04:00,45.719,0.0667349008725,0.0,0,0.0
2014-06-30 13:09:00,100.0,0.0586144666638,0.0500000007451,0,0.0
2014-06-30 13:14:00,53.388,0.0586144666638,0.0,0,0.0
2014-06-30 13:19:00,30.215,0.0586144666638,0.0,0,0.0
2014-06-30 13:24:00,30.171,0.0586144666638,0.0,0,0.0
2014-06-30 13:29:00,31.386,0.0586144666638,0.0,0,0.0
2014-06-30 13:34:00,30.165,0.0586144666638,0.0,0,0.0
2014-06-30 13:39:00,30.504,0.0625893194908,0.0,0,0.0
2014-06-30 13:44:00,31.671,0.0625893194908,0.0,0,0.0
2014-06-30 13:49:00,30.095,0.0625893194908,0.0,0,0.0
2014-06-30 13:54:00,30.331,0.0625893194908,0.0,0,0.0
2014-06-30 13:59:00,33.224,0.0710534213707,0.0,0,0.0
2014-06-30 14:04:00,44.286,0.0667349008725,0.0250000003725,0,0.0
2014-06-30 14:09:00,56.671,0.041216065506,0.17499999702,0,0.0
2014-06-30 14:14:00,31.541,0.0382129120545,0.0250000003725,0,0.0
2014-06-30 14:19:00,30.331,0.0382129120545,0.0,0,0.0
2014-06-30 14:24:00,29.998,0.0382129120545,0.0,0,0.0
2014-06-30 14:29:00,31.618,0.0382129120545,0.0,0,0.0
2014-06-30 14:34:00,30.884,0.0382129120545,0.0,0,0.0
2014-06-30 14:39:00,30.161,0.0382129120545,0.0,0,0.0
2014-06-30 14:44:00,31.663,0.0382129120545,0.0,0,0.0
2014-06-30 14:49:00,31.284,0.0353618140231,0.0250000003725,0,0.0
2014-06-30 14:54:00,28.816,0.0382050711651,0.0,0,0.0
2014-06-30 14:59:00,32.887,0.0585832019684,0.0250000003725,0,0.0
2014-06-30 15:04:00,44.648,0.0625530670812,0.0,0,0.0
2014-06-30 15:09:00,100.0,0.0625530670812,0.0,0,0.0
2014-06-30 15:14:00,52.301,0.0625530670812,0.0,0,0.0
2014-06-30 15:19:00,30.049,0.0625530670812,0.0,0,0.0
2014-06-30 15:24:00,29.835,0.0625530670812,0.0,0,0.0
2014-06-30 15:29:00,32.639,0.0585832019684,0.0250000003725,0,0.0
2014-06-30 15:34:00,28.965,0.0585832019684,0.0,0,0.0
2014-06-30 15:39:00,30.83,0.0625530670812,0.0,0,0.0
2014-06-30 15:44:00,31.956,0.0625530670812,0.0,0,0.0
2014-06-30 15:49:00,31.55,0.0625530670812,0.0250000003725,0,0.0
2014-06-30 15:54:00,29.955,0.0625530670812,0.0,0,0.0
2014-06-30 15:59:00,32.219,0.0625530670812,0.0,0,0.0
2014-06-30 16:04:00,44.332,0.0625530670812,0.0,0,0.0
2014-06-30 16:09:00,93.167,0.0625530670812,0.0,0,0.0
2014-06-30 16:14:00,52.494,0.0625530670812,0.0,0,0.0
2014-06-30 16:19:00,30.83,0.0666933357562,0.0,0,0.0
2014-06-30 16:24:00,29.831,0.0666933357562,0.0,0,0.0
2014-06-30 16:29:00,31.49,0.0666933357562,0.0,0,0.0
2014-06-30 16:34:00,30.048,0.0666933357562,0.0,0,0.0
2014-06-30 16:39:00,30.201,0.071006213618,0.0,0,0.0
2014-06-30 16:44:00,31.382,0.071006213618,0.0,0,0.0
2014-06-30 16:49:00,30.144,0.071006213618,0.0,0,0.0
2014-06-30 16:54:00,30.498,0.071006213618,0.0,0,0.0
2014-06-30 16:59:00,33.554,0.071006213618,0.0,0,0.0
2014-06-30 17:04:00,43.777,0.071006213618,0.0,0,0.0
2014-06-30 17:09:00,100.0,0.0625530670812,0.0500000007451,0,0.0
2014-06-30 17:14:00,53.166,0.0625530670812,0.0,0,0.0
2014-06-30 17:19:00,30.165,0.0625530670812,0.0,0,0.0
2014-06-30 17:24:00,29.992,0.0625530670812,0.0,0,0.0
2014-06-30 17:29:00,32.172,0.0625530670812,0.0,0,0.0
2014-06-30 17:34:00,30.668,0.0625530670812,0.0,0,0.0
2014-06-30 17:39:00,29.793,0.0625530670812,0.0,0,0.0
2014-06-30 17:44:00,31.671,0.0625530670812,0.0,0,0.0
2014-06-30 17:49:00,30.005,0.0625530670812,0.0,0,0.0
2014-06-30 17:54:00,31.219,0.0625530670812,0.0,0,0.0
2014-06-30 17:59:00,32.183,0.071006213618,0.0,0,0.0
2014-06-30 18:04:00,44.34,0.071006213618,0.0,0,0.0
2014-06-30 18:09:00,100.0,0.071006213618,0.0,0,0.0
2014-06-30 18:14:00,52.211,0.071006213618,0.0,0,0.0
2014-06-30 18:19:00,30.338,0.071006213618,0.0,0,0.0
2014-06-30 18:24:00,32.664,0.0666933357562,0.0250000003725,0,0.0
2014-06-30 18:29:00,30.001,0.0666933357562,0.0,0,0.0
2014-06-30 18:34:00,30.488,0.0666933357562,0.0,0,0.0
2014-06-30 18:39:00,30.315,0.0666933357562,0.0,0,0.0
2014-06-30 18:44:00,31.002,0.0666933357562,0.0,0,0.0
2014-06-30 18:49:00,30.503,0.0666933357562,0.0,0,0.0
2014-06-30 18:54:00,30.335,0.0666933357562,0.0,0,0.0
2014-06-30 18:59:00,32.784,0.0666933357562,0.0,0,0.0
2014-06-30 19:04:00,45.64,0.0666933357562,0.0,0,0.0
2014-06-30 19:09:00,100.0,0.0585832019684,0.0500000007451,0,0.0
2014-06-30 19:14:00,52.5,0.0625530670812,0.0,0,0.0
2014-06-30 19:19:00,31.334,0.0625530670812,0.0,0,0.0
2014-06-30 19:24:00,30.122,0.0625530670812,0.0,0,0.0
2014-06-30 19:29:00,31.72,0.0625530670812,0.0,0,0.0
2014-06-30 19:34:00,30.221,0.0625530670812,0.0,0,0.0
2014-06-30 19:39:00,30.721,0.0625530670812,0.0,0,0.0
2014-06-30 19:44:00,31.276,0.0625530670812,0.0,0,0.0
2014-06-30 19:49:00,29.904,0.0625530670812,0.0,0,0.0
2014-06-30 19:54:00,30.8,0.0625530670812,0.0,0,0.0
2014-06-30 19:59:00,32.726,0.071006213618,0.0,0,0.0
2014-06-30 20:04:00,44.12,0.071006213618,0.0,0,0.0
2014-06-30 20:09:00,100.0,0.071006213618,0.0,0,0.0
2014-06-30 20:14:00,52.288,0.071006213618,0.0,0,0.0
2014-06-30 20:19:00,30.222,0.071006213618,0.0,0,0.0
2014-06-30 20:24:00,29.953,0.071006213618,0.0,0,0.0
2014-06-30 20:29:00,32.504,0.071006213618,0.0,0,0.0
2014-06-30 20:34:00,29.878,0.071006213618,0.0,0,0.0
2014-06-30 20:39:00,30.633,0.071006213618,0.0,0,0.0
2014-06-30 20:44:00,32.998,0.0666933357562,0.0250000003725,0,0.0
2014-06-30 20:49:00,29.673,0.0666933357562,0.0,0,0.0
2014-06-30 20:54:00,31.666,0.0625530670812,0.0250000003725,0,0.0
2014-06-30 20:59:00,31.725,0.0585832019684,0.0250000003725,0,0.0
2014-06-30 21:04:00,44.213,0.0547814282682,0.0250000003725,0,0.0
2014-06-30 21:09:00,100.0,0.0511453234026,0.0250000003725,0,0.0
2014-06-30 21:14:00,53.106,0.0511453234026,0.0,0,0.0
2014-06-30 21:19:00,29.486,0.0476723505955,0.0250000003725,0,0.0
2014-06-30 21:24:00,30.041,0.0476723505955,0.0,0,0.0
2014-06-30 21:29:00,31.779,0.0443598552952,0.0250000003725,0,0.0
2014-06-30 21:34:00,30.503,0.0443598552952,0.0250000003725,0,0.0
2014-06-30 21:39:00,30.501,0.0412050618503,0.0250000003725,0,0.0
2014-06-30 21:44:00,31.674,0.0443598552952,0.0,0,0.0
2014-06-30 21:49:00,30.166,0.0443598552952,0.0250000003725,0,0.0
2014-06-30 21:54:00,30.455,0.0443598552952,0.0250000003725,0,0.0
2014-06-30 21:59:00,33.483,0.0443598552952,0.0250000003725,0,0.0
2014-06-30 22:04:00,44.044,0.0443598552952,0.0,0,0.0
2014-06-30 22:09:00,100.0,0.0476723505955,0.0,0,0.0
2014-06-30 22:14:00,52.717,0.0476723505955,0.0,0,0.0
2014-06-30 22:19:00,31.099,0.0476723505955,0.0250000003725,0,0.0
2014-06-30 22:24:00,30.551,0.0476723505955,0.0250000003725,0,0.0
2014-06-30 22:29:00,31.657,0.0476723505955,0.0250000003725,0,0.0
2014-06-30 22:34:00,30.664,0.0443598552952,0.0250000003725,0,0.0
2014-06-30 22:39:00,31.265,0.0443598552952,0.0250000003725,0,0.0
2014-06-30 22:44:00,31.049,0.0443598552952,0.0250000003725,0,0.0
2014-06-30 22:49:00,29.834,0.0443598552952,0.0250000003725,0,0.0
2014-06-30 22:54:00,30.123,0.0412050618503,0.0250000003725,0,0.0
2014-06-30 22:59:00,32.772,0.0382050705116,0.0250000003725,0,0.0
2014-06-30 23:04:00,45.976,0.035356854838,0.0250000003725,0,0.0
2014-06-30 23:09:00,65.01,0.0382050705116,0.0,0,0.0
2014-06-30 23:14:00,32.547,0.0476930578836,0.25,0,0.0
2014-06-30 23:19:00,30.099,0.0443763017754,0.0,0,0.0
2014-06-30 23:24:00,31.056,0.0412175829488,0.0,0,0.0
2014-06-30 23:29:00,31.939,0.0382139933724,0.0,0,0.0
2014-06-30 23:34:00,30.831,0.035362497816,0.0,0,0.0
2014-06-30 23:39:00,29.793,0.0326599317348,0.0,0,0.0
2014-06-30 23:44:00,32.283,0.0301029997399,0.0,0,0.0
2014-06-30 23:49:00,29.953,0.0326599315781,0.0,0,0.0
2014-06-30 23:54:00,30.267,0.0353624976505,0.0,0,0.0
2014-06-30 23:59:00,32.599,0.0353624976505,0.0,0,0.0
2014-07-01 00:04:00,45.507,0.0710599330007,0.0,0,0.0
2014-07-01 00:09:00,100.0,0.0710599330007,0.0,0,0.0
2014-07-01 00:14:00,52.667,0.0586187786976,0.0750000029802,0,0.0
2014-07-01 00:19:00,30.665,0.0586187786976,0.0,0,0.0
2014-07-01 00:24:00,31.134,0.0586187786976,0.0,0,0.0
2014-07-01 00:29:00,31.829,0.0586187786976,0.0,0,0.0
2014-07-01 00:34:00,30.802,0.0586187786976,0.0,0,0.0
2014-07-01 00:39:00,30.169,0.0586187786976,0.0,0,0.0
2014-07-01 00:44:00,31.498,0.0586187786976,0.0,0,0.0
2014-07-01 00:49:00,29.828,0.0586187786976,0.0,0,0.0
2014-07-01 00:54:00,30.339,0.0586187786976,0.0,0,0.0
2014-07-01 00:59:00,33.619,0.0586187786976,0.0,0,0.0
2014-07-01 01:04:00,44.553,0.0710599330007,0.0,0,0.0
2014-07-01 01:09:00,100.0,0.0710599330007,0.0,0,0.0
2014-07-01 01:14:00,52.729,0.0586187786976,0.0750000029802,0,0.0
2014-07-01 01:19:00,31.641,0.0548116930877,0.0250000003725,0,0.0
2014-07-01 01:24:00,29.019,0.0548116930877,0.0,0,0.0
2014-07-01 01:29:00,32.83,0.0548116930877,0.0,0,0.0
2014-07-01 01:34:00,29.982,0.0548116930877,0.0,0,0.0
2014-07-01 01:39:00,31.213,0.0548116930877,0.0,0,0.0
2014-07-01 01:44:00,30.77,0.0548116930877,0.0,0,0.0
2014-07-01 01:49:00,30.333,0.0548116930877,0.0,0,0.0
2014-07-01 01:54:00,30.167,0.0548116930877,0.0,0,0.0
2014-07-01 01:59:00,32.999,0.0548116930877,0.0,0,0.0
2014-07-01 02:04:00,44.668,0.0667406341027,0.0,0,0.0
2014-07-01 02:09:00,100.0,0.0476930566689,0.15000000596,0,0.0
2014-07-01 02:14:00,52.12,0.0382139921075,0.0750000029802,0,0.0
2014-07-01 02:19:00,31.171,0.0353624966162,0.0250000003725,0,0.0
2014-07-01 02:24:00,30.716,0.0353624966162,0.0,0,0.0
2014-07-01 02:29:00,31.655,0.0353624966162,0.0,0,0.0
2014-07-01 02:34:00,30.334,0.0353624966162,0.0,0,0.0
2014-07-01 02:39:00,31.243,0.0353624966162,0.0,0,0.0
2014-07-01 02:44:00,30.872,0.0353624966162,0.0,0,0.0
2014-07-01 02:49:00,29.333,0.0353624966162,0.0,0,0.0
2014-07-01 02:54:00,30.002,0.0353624966162,0.0,0,0.0
2014-07-01 02:59:00,33.069,0.0548116930877,0.0,0,0.0
2014-07-01 03:04:00,45.152,0.0667406341027,0.0,0,0.0
2014-07-01 03:09:00,100.0,0.0710599330007,0.0,0,0.0
2014-07-01 03:14:00,52.648,0.0625943198461,0.0500000007451,0,0.0
2014-07-01 03:19:00,36.932,0.038213993416,0.17499999702,0,0.0
2014-07-01 03:24:00,32.355,0.0353624978574,0.0250000003725,0,0.0
2014-07-01 03:29:00,31.782,0.0353624978574,0.0,0,0.0
2014-07-01 03:34:00,30.5,0.0353624978574,0.0,0,0.0
2014-07-01 03:39:00,30.525,0.0353624978574,0.0,0,0.0
2014-07-01 03:44:00,31.455,0.0353624978574,0.0,0,0.0
2014-07-01 03:49:00,30.218,0.0353624978574,0.0,0,0.0
2014-07-01 03:54:00,29.994,0.0353624978574,0.0,0,0.0
2014-07-01 03:59:00,32.986,0.0353624978574,0.0,0,0.0
2014-07-01 04:04:00,44.831,0.0412175829947,0.0,0,0.0
2014-07-01 04:09:00,31.501,0.0511706325949,0.449999988079,0,0.0
2014-07-01 04:14:00,31.661,0.047693055859,0.0,0,0.0
2014-07-01 04:19:00,30.153,0.047693055859,0.0,0,0.0
2014-07-01 04:24:00,30.17,0.047693055859,0.0,0,0.0
2014-07-01 04:29:00,31.327,0.047693055859,0.0,0,0.0
2014-07-01 04:34:00,30.118,0.047693055859,0.0,0,0.0
2014-07-01 04:39:00,29.551,0.047693055859,0.0,0,0.0
2014-07-01 04:44:00,31.674,0.047693055859,0.0,0,0.0
2014-07-01 04:49:00,30.138,0.047693055859,0.0,0,0.0
2014-07-01 04:54:00,30.506,0.047693055859,0.0,0,0.0
2014-07-01 04:59:00,32.686,0.0710599330007,0.0,0,0.0
2014-07-01 05:04:00,44.835,0.0667406341027,0.0250000003725,0,0.0
2014-07-01 05:09:00,100.0,0.0443763006176,0.15000000596,0,0.0
2014-07-01 05:14:00,52.488,0.0443763006176,0.0,0,0.0
2014-07-01 05:19:00,30.162,0.0443763006176,0.0,0,0.0
2014-07-01 05:24:00,30.214,0.0443763006176,0.0,0,0.0
2014-07-01 05:29:00,32.073,0.0443763006176,0.0,0,0.0
2014-07-01 05:34:00,29.337,0.0443763006176,0.0,0,0.0
2014-07-01 05:39:00,30.404,0.0443763006176,0.0,0,0.0
2014-07-01 05:44:00,31.219,0.0443763006176,0.0,0,0.0
2014-07-01 05:49:00,29.787,0.0443763006176,0.0,0,0.0
2014-07-01 05:54:00,30.833,0.0476930566689,0.0,0,0.0
2014-07-01 05:59:00,33.199,0.0710599330007,0.0,0,0.0
2014-07-01 06:04:00,45.312,0.0667406341027,0.0250000003725,0,0.0
2014-07-01 06:09:00,64.829,0.0625943198461,0.0250000003725,0,0.0
2014-07-01 06:14:00,31.625,0.0443763015342,0.375,0,0.0
2014-07-01 06:19:00,30.517,0.0443763015342,0.0,0,0.0
2014-07-01 06:24:00,30.498,0.0443763015342,0.0,0,0.0
2014-07-01 06:29:00,31.491,0.0443763015342,0.0,0,0.0
2014-07-01 06:34:00,30.501,0.0443763015342,0.0,0,0.0
2014-07-01 06:39:00,30.669,0.0443763015342,0.0,0,0.0
2014-07-01 06:44:00,31.328,0.0443763015342,0.0,0,0.0
2014-07-01 06:49:00,30.498,0.0443763015342,0.0,0,0.0
2014-07-01 06:54:00,30.502,0.0412175827193,0.0,0,0.0
2014-07-01 06:59:00,33.785,0.0382139931543,0.0,0,0.0
2014-07-01 07:04:00,44.699,0.0667406341027,0.0250000003725,0,0.0
2014-07-01 07:09:00,100.0,0.0667406341027,0.0,0,0.0
2014-07-01 07:14:00,52.501,0.0667406341027,0.0,0,0.0
2014-07-01 07:19:00,30.168,0.0667406341027,0.0,0,0.0
2014-07-01 07:24:00,29.835,0.0667406341027,0.0,0,0.0
2014-07-01 07:29:00,31.789,0.0625943198461,0.0250000003725,0,0.0
2014-07-01 07:34:00,31.548,0.0627478956499,0.0,0,0.0
2014-07-01 07:39:00,29.167,0.0627478956499,0.0,0,0.0
2014-07-01 07:44:00,31.394,0.0627478956499,0.0,0,0.0
2014-07-01 07:49:00,30.573,0.0627478956499,0.0,0,0.0
2014-07-01 07:54:00,30.498,0.0669167286444,0.0,0,0.0
2014-07-01 07:59:00,33.792,0.0669167286444,0.0,0,0.0
2014-07-01 08:04:00,43.33,0.0669167286444,0.0,0,0.0
2014-07-01 08:09:00,100.0,0.0669167286444,0.0,0,0.0
2014-07-01 08:14:00,52.386,0.0669167286444,0.0,0,0.0
2014-07-01 08:19:00,30.289,0.0669167286444,0.0250000003725,0,0.0
2014-07-01 08:24:00,31.814,0.0669167286444,0.0,0,0.0
2014-07-01 08:29:00,30.477,0.0669167286444,0.0,0,0.0
2014-07-01 08:34:00,30.047,0.0669167286444,0.0,0,0.0
2014-07-01 08:39:00,30.667,0.0669167286444,0.0,0,0.0
2014-07-01 08:44:00,31.164,0.0669167286444,0.0,0,0.0
2014-07-01 08:49:00,29.998,0.0669167286444,0.0,0,0.0
2014-07-01 08:54:00,29.806,0.0669167286444,0.0,0,0.0
2014-07-01 08:59:00,34.516,0.0669167286444,0.0,0,0.0
2014-07-01 09:04:00,43.665,0.0627478956499,0.0250000003725,0,0.0
2014-07-01 09:09:00,66.819,0.0669167286444,0.0,0,0.0
2014-07-01 09:14:00,52.048,0.0627478956499,0.0250000003725,0,0.0
2014-07-01 09:19:00,30.291,0.0627478956499,0.0,0,0.0
2014-07-01 09:24:00,30.495,0.0627478956499,0.0,0,0.0
2014-07-01 09:29:00,31.621,0.0627478956499,0.0,0,0.0
2014-07-01 09:34:00,31.001,0.0627478956499,0.0,0,0.0
2014-07-01 09:39:00,29.985,0.0627478956499,0.0,0,0.0
2014-07-01 09:44:00,30.699,0.0627478956499,0.0,0,0.0
2014-07-01 09:49:00,29.648,0.0627478956499,0.0,0,0.0
2014-07-01 09:54:00,30.61,0.0669167286444,0.0,0,0.0
2014-07-01 09:59:00,32.858,0.0669167286444,0.0,0,0.0
2014-07-01 10:04:00,44.716,0.0712599464971,0.0,0,0.0
2014-07-01 10:09:00,100.0,0.0669167286444,0.0250000003725,0,0.0
2014-07-01 10:14:00,53.069,0.0627478956499,0.0250000003725,0,0.0
2014-07-01 10:19:00,29.334,0.0627478956499,0.0,0,0.0
2014-07-01 10:24:00,30.453,0.0627478956499,0.0,0,0.0
2014-07-01 10:29:00,31.054,0.0627478956499,0.0,0,0.0
2014-07-01 10:34:00,30.168,0.0627478956499,0.0,0,0.0
2014-07-01 10:39:00,30.0,0.0627478956499,0.0,0,0.0
2014-07-01 10:44:00,32.26,0.0627478956499,0.0,0,0.0
2014-07-01 10:49:00,29.504,0.0627478956499,0.0,0,0.0
2014-07-01 10:54:00,30.153,0.0627478956499,0.0,0,0.0
2014-07-01 10:59:00,32.624,0.0669167286444,0.0,0,0.0
2014-07-01 11:04:00,44.672,0.0712599464971,0.0,0,0.0
2014-07-01 11:09:00,66.333,0.0712599464971,0.0,0,0.0
2014-07-01 11:14:00,51.982,0.0712599464971,0.0,0,0.0
2014-07-01 11:19:00,30.787,0.0712599464971,0.0,0,0.0
2014-07-01 11:24:00,30.134,0.0712599464971,0.0,0,0.0
2014-07-01 11:29:00,31.043,0.0712599464971,0.0,0,0.0
2014-07-01 11:34:00,30.497,0.0712599464971,0.0,0,0.0
2014-07-01 11:39:00,31.166,0.0712599464971,0.0,0,0.0
2014-07-01 11:44:00,30.338,0.0712599464971,0.0,0,0.0
2014-07-01 11:49:00,30.504,0.0712599464971,0.0,0,0.0
2014-07-01 11:54:00,30.332,0.0712599464971,0.0,0,0.0
2014-07-01 11:59:00,33.015,0.0712599464971,0.0,0,0.0
2014-07-01 12:04:00,44.458,0.0712599464971,0.0,0,0.0
2014-07-01 12:09:00,100.0,0.0326698674682,0.324999988079,0,0.0
2014-07-01 12:14:00,51.834,0.0326698674682,0.0,0,0.0
2014-07-01 12:19:00,30.195,0.0326698674682,0.0,0,0.0
2014-07-01 12:24:00,29.955,0.0326698674682,0.0,0,0.0
2014-07-01 12:29:00,32.127,0.0326698674682,0.0,0,0.0
2014-07-01 12:34:00,30.985,0.0326698674682,0.0,0,0.0
2014-07-01 12:39:00,30.367,0.0326698674682,0.0,0,0.0
2014-07-01 12:44:00,31.667,0.0326698674682,0.0,0,0.0
2014-07-01 12:49:00,30.125,0.0326698674682,0.0,0,0.0
2014-07-01 12:54:00,31.304,0.0326698674682,0.0,0,0.0
2014-07-01 12:59:00,32.369,0.0712599464971,0.0,0,0.0
2014-07-01 13:04:00,43.981,0.0669167286444,0.0250000003725,0,0.0
2014-07-01 13:09:00,100.0,0.0669167286444,0.0,0,0.0
2014-07-01 13:14:00,52.498,0.0669167286444,0.0,0,0.0
2014-07-01 13:19:00,30.545,0.0669167286444,0.0,0,0.0
2014-07-01 13:24:00,30.659,0.0669167286444,0.0,0,0.0
2014-07-01 13:29:00,31.625,0.0669167286444,0.0,0,0.0
2014-07-01 13:34:00,31.648,0.0669167286444,0.0,0,0.0
2014-07-01 13:39:00,30.215,0.0669167286444,0.0,0,0.0
2014-07-01 13:44:00,30.823,0.0669167286444,0.0,0,0.0
2014-07-01 13:49:00,30.165,0.0627478956499,0.0250000003725,0,0.0
2014-07-01 13:54:00,30.972,0.0669167286444,0.0,0,0.0
2014-07-01 13:59:00,31.854,0.0669167286444,0.0,0,0.0
2014-07-01 14:04:00,44.831,0.0669167286444,0.0,0,0.0
2014-07-01 14:09:00,100.0,0.0669167286444,0.0,0,0.0
2014-07-01 14:14:00,52.551,0.0669167286444,0.0,0,0.0
2014-07-01 14:19:00,30.053,0.0669167286444,0.0,0,0.0
2014-07-01 14:24:00,30.001,0.0669167286444,0.0,0,0.0
2014-07-01 14:29:00,31.51,0.0669167286444,0.0,0,0.0
2014-07-01 14:34:00,29.999,0.0669167286444,0.0,0,0.0
2014-07-01 14:39:00,31.748,0.0712599464971,0.0,0,0.0
2014-07-01 14:44:00,30.192,0.0712599464971,0.0,0,0.0
2014-07-01 14:49:00,30.673,0.0669167286444,0.0250000003725,0,0.0
2014-07-01 14:54:00,29.998,0.0669167286444,0.0,0,0.0
2014-07-01 14:59:00,32.831,0.0627478956499,0.0250000003725,0,0.0
2014-07-01 15:04:00,45.001,0.0627478956499,0.0,0,0.0
2014-07-01 15:09:00,32.593,0.054924345578,0.449999988079,0,0.0
2014-07-01 15:14:00,29.88,0.054924345578,0.0,0,0.0
2014-07-01 15:19:00,30.703,0.054924345578,0.0,0,0.0
2014-07-01 15:24:00,30.952,0.054924345578,0.0,0,0.0
2014-07-01 15:29:00,31.499,0.054924345578,0.0,0,0.0
2014-07-01 15:34:00,29.948,0.054924345578,0.0,0,0.0
2014-07-01 15:39:00,30.306,0.0512648364292,0.0,0,0.0
2014-07-01 15:44:00,31.665,0.0512648364292,0.0,0,0.0
2014-07-01 15:49:00,30.661,0.0477701170961,0.0,0,0.0
2014-07-01 15:54:00,30.049,0.0478915898777,0.0,0,0.0
2014-07-01 15:59:00,33.372,0.0715755257892,0.0,0,0.0
2014-07-01 16:04:00,45.051,0.0715755257892,0.0,0,0.0
2014-07-01 16:09:00,100.0,0.0551019873008,0.10000000149,0,0.0
2014-07-01 16:14:00,51.952,0.0551019873008,0.0,0,0.0
2014-07-01 16:19:00,30.725,0.0551019873008,0.0,0,0.0
2014-07-01 16:24:00,31.164,0.0551019873008,0.0,0,0.0
2014-07-01 16:29:00,32.767,0.0551019873008,0.0,0,0.0
2014-07-01 16:34:00,30.681,0.0551019873008,0.0,0,0.0
2014-07-01 16:39:00,30.336,0.0551019873008,0.0,0,0.0
2014-07-01 16:44:00,31.671,0.0551019873008,0.0,0,0.0
2014-07-01 16:49:00,30.173,0.0551019873008,0.0,0,0.0
2014-07-01 16:54:00,30.002,0.0551019873008,0.0,0,0.0
2014-07-01 16:59:00,33.012,0.0671945321525,0.0250000003725,0,0.0
2014-07-01 17:04:00,44.617,0.0671945321525,0.0,0,0.0
2014-07-01 17:09:00,64.832,0.051413359766,0.10000000149,0,0.0
2014-07-01 17:14:00,32.456,0.0551019878067,0.375,0,0.0
2014-07-01 17:19:00,29.829,0.0551019878067,0.0,0,0.0
2014-07-01 17:24:00,30.22,0.0551019878067,0.0,0,0.0
2014-07-01 17:29:00,31.492,0.0551019878067,0.0,0,0.0
2014-07-01 17:34:00,29.981,0.0551019878067,0.0,0,0.0
2014-07-01 17:39:00,30.5,0.0551019878067,0.0,0,0.0
2014-07-01 17:44:00,72.784,0.359449458663,1.0,0,0.0
2014-07-01 17:49:00,100.0,0.653546180189,0.550000011921,0,-0.11
2014-07-01 17:54:00,65.157,0.299999996735,0.0250000003725,0,0.0
2014-07-01 17:59:00,32.874,0.299999996735,0.0,0,0.0
2014-07-01 18:04:00,45.995,0.299999996735,0.774999976158,0,0.0
2014-07-01 18:09:00,100.0,0.299999996735,0.0,0,0.0
2014-07-01 18:14:00,53.884,0.299999996735,0.0,0,0.0
2014-07-01 18:19:00,29.789,0.299999996735,0.0,0,0.0
2014-07-01 18:24:00,32.001,0.299999996735,0.0,0,0.0
2014-07-01 18:29:00,30.882,0.299999996735,0.0,0,0.0
2014-07-01 18:34:00,30.334,0.292932926681,0.0,0,0.0
2014-07-01 18:39:00,29.664,0.113219773285,0.0,0,0.0
2014-07-01 18:44:00,31.678,0.107356308356,0.0,0,0.0
2014-07-01 18:49:00,30.154,0.107356308356,0.0,0,0.0
2014-07-01 18:54:00,30.785,0.0715755257892,0.0,0,0.0
2014-07-01 18:59:00,33.644,0.0715755257892,0.0,0,0.0
2014-07-01 19:04:00,45.374,0.0715755257892,0.0,0,0.0
2014-07-01 19:09:00,100.0,0.0715755257892,0.0,0,0.0
2014-07-01 19:14:00,52.499,0.0671945321525,0.0250000003725,0,0.0
2014-07-01 19:19:00,30.752,0.0671945321525,0.0,0,0.0
2014-07-01 19:24:00,29.893,0.0671945321525,0.0,0,0.0
2014-07-01 19:29:00,31.462,0.0671945321525,0.0,0,0.0
2014-07-01 19:34:00,30.168,0.0671945321525,0.0,0,0.0
2014-07-01 19:39:00,30.173,0.0671945321525,0.0,0,0.0
2014-07-01 19:44:00,31.83,0.0671945321525,0.0,0,0.0
2014-07-01 19:49:00,31.469,0.0671945321525,0.0,0,0.0
2014-07-01 19:54:00,29.447,0.0671945321525,0.0,0,0.0
2014-07-01 19:59:00,32.886,0.0671945321525,0.0,0,0.0
2014-07-01 20:04:00,45.451,0.0671945321525,0.0250000003725,0,0.0
2014-07-01 20:09:00,100.0,0.0671945321525,0.0,0,0.0
2014-07-01 20:14:00,59.756,0.0382994801526,0.20000000298,0,0.0
2014-07-01 20:19:00,28.644,0.0326855149074,0.0500000007451,0,0.0
2014-07-01 20:24:00,30.714,0.0326855149074,0.0,0,0.0
2014-07-01 20:29:00,32.01,0.0326855149074,0.0,0,0.0
2014-07-01 20:34:00,30.332,0.0326855149074,0.0,0,0.0
2014-07-01 20:39:00,30.838,0.0326855149074,0.0,0,0.0
2014-07-01 20:44:00,30.776,0.0326855149074,0.0,0,0.0
2014-07-01 20:49:00,31.168,0.0326855149074,0.0,0,0.0
2014-07-01 20:54:00,30.337,0.0354165450429,0.0,0,0.0
2014-07-01 20:59:00,32.141,0.0354165450429,0.0,0,0.0
2014-07-01 21:04:00,44.547,0.0629901399183,0.0,0,0.0
2014-07-01 21:09:00,100.0,0.0715755257892,0.0,0,0.0
2014-07-01 21:14:00,52.381,0.0671945321525,0.0250000003725,0,0.0
2014-07-01 21:19:00,31.646,0.0671945321525,0.0,0,0.0
2014-07-01 21:24:00,29.385,0.0671945321525,0.0,0,0.0
2014-07-01 21:29:00,32.387,0.0671945321525,0.0,0,0.0
2014-07-01 21:34:00,29.867,0.0671945321525,0.0,0,0.0
2014-07-01 21:39:00,30.447,0.0671945321525,0.0,0,0.0
2014-07-01 21:44:00,31.344,0.0671945321525,0.0,0,0.0
2014-07-01 21:49:00,30.621,0.0671945321525,0.0,0,0.0
2014-07-01 21:54:00,31.361,0.0671945321525,0.0,0,0.0
2014-07-01 21:59:00,32.482,0.0671945321525,0.0,0,0.0
2014-07-01 22:04:00,43.77,0.0715755257892,0.0,0,0.0
2014-07-01 22:09:00,100.0,0.0715755257892,0.0,0,0.0
2014-07-01 22:14:00,52.884,0.0715755257892,0.0,0,0.0
2014-07-01 22:19:00,30.172,0.0715755257892,0.0,0,0.0
2014-07-01 22:24:00,31.0,0.0715755257892,0.0,0,0.0
2014-07-01 22:29:00,33.334,0.0715755257892,0.0,0,0.0
2014-07-01 22:34:00,28.959,0.0715755257892,0.0,0,0.0
2014-07-01 22:39:00,30.172,0.0715755257892,0.0,0,0.0
2014-07-01 22:44:00,31.502,0.0715755257892,0.0,0,0.0
2014-07-01 22:49:00,29.877,0.0715755257892,0.0,0,0.0
2014-07-01 22:54:00,31.833,0.0715755257892,0.0,0,0.0
2014-07-01 22:59:00,32.499,0.0715755257892,0.0,0,0.0
2014-07-01 23:04:00,44.0,0.0715755257892,0.0,0,0.0
2014-07-01 23:09:00,100.0,0.0715755257892,0.0,0,0.0
2014-07-01 23:14:00,52.672,0.0671945321525,0.0250000003725,0,0.0
2014-07-01 23:19:00,31.474,0.0671945321525,0.0,0,0.0
2014-07-01 23:24:00,28.783,0.0671945321525,0.0,0,0.0
2014-07-01 23:29:00,31.506,0.0671945321525,0.0,0,0.0
2014-07-01 23:34:00,30.502,0.0671945321525,0.0,0,0.0
2014-07-01 23:39:00,30.49,0.0671945321525,0.0,0,0.0
2014-07-01 23:44:00,31.964,0.0671945321525,0.0,0,0.0
2014-07-01 23:49:00,32.315,0.0671945321525,0.0,0,0.0
2014-07-01 23:54:00,29.194,0.0671945321525,0.0,0,0.0
2014-07-01 23:59:00,32.659,0.0671945321525,0.0,0,0.0
2014-07-02 00:04:00,44.723,0.0715755257892,0.0,0,0.0
2014-07-02 00:09:00,100.0,0.0715755257892,0.0,0,0.0
2014-07-02 00:14:00,52.548,0.0705371186216,0.0,0,0.0
2014-07-02 00:19:00,30.667,0.0705371186216,0.0,0,0.0
2014-07-02 00:24:00,30.165,0.0705371186216,0.0,0,0.0
2014-07-02 00:29:00,31.325,0.0705371186216,0.0,0,0.0
2014-07-02 00:34:00,30.455,0.0662802554541,0.0250000003725,0,0.0
2014-07-02 00:39:00,30.191,0.0662802554541,0.0,0,0.0
2014-07-02 00:44:00,31.826,0.0662802554541,0.0,0,0.0
2014-07-02 00:49:00,30.169,0.0662802554541,0.0,0,0.0
2014-07-02 00:54:00,30.826,0.0662802554541,0.0,0,0.0
2014-07-02 00:59:00,33.032,0.0662802554541,0.0,0,0.0
2014-07-02 01:04:00,44.503,0.0662802554541,0.0,0,0.0
2014-07-02 01:09:00,100.0,0.0662802554541,0.0,0,0.0
2014-07-02 01:14:00,59.099,0.047491361253,0.125,0,0.0
2014-07-02 01:19:00,30.456,0.047491361253,0.0,0,0.0
2014-07-02 01:24:00,30.334,0.0509241331847,0.0,0,0.0
2014-07-02 01:29:00,31.349,0.0509241331847,0.0,0,0.0
2014-07-02 01:34:00,31.269,0.0509241331847,0.0,0,0.0
2014-07-02 01:39:00,30.204,0.0509241331847,0.0,0,0.0
2014-07-02 01:44:00,31.992,0.0509241331847,0.0,0,0.0
2014-07-02 01:49:00,30.498,0.0509241331847,0.0,0,0.0
2014-07-02 01:54:00,30.172,0.0509241331847,0.0,0,0.0
2014-07-02 01:59:00,33.502,0.0509241331847,0.0,0,0.0
2014-07-02 02:04:00,45.341,0.0705371186216,0.0,0,0.0
2014-07-02 02:09:00,65.052,0.0705371186216,0.0,0,0.0
2014-07-02 02:14:00,31.51,0.0662802554541,0.0250000003725,0,0.0
2014-07-02 02:19:00,31.335,0.0621927339906,0.0250000003725,0,0.0
2014-07-02 02:24:00,30.827,0.0582723974741,0.0250000003725,0,0.0
2014-07-02 02:29:00,32.331,0.0582723974741,0.0,0,0.0
2014-07-02 02:34:00,31.311,0.0582723974741,0.0,0,0.0
2014-07-02 02:39:00,29.33,0.0582723974741,0.0,0,0.0
2014-07-02 02:44:00,31.286,0.0582723974741,0.0,0,0.0
2014-07-02 02:49:00,30.173,0.0545169860261,0.0250000003725,0,0.0
2014-07-02 02:54:00,30.217,0.0545169860261,0.0,0,0.0
2014-07-02 02:59:00,33.634,0.0545169860261,0.0,0,0.0
2014-07-02 03:04:00,44.94,0.0582723974741,0.0,0,0.0
2014-07-02 03:09:00,31.181,0.110916138598,0.75,0,0.0
2014-07-02 03:14:00,31.784,0.105238009929,0.0,0,0.0
2014-07-02 03:19:00,30.826,0.105238009929,0.0,0,0.0
2014-07-02 03:24:00,34.5,0.105238009929,0.0,0,0.0
2014-07-02 03:29:00,35.288,0.116779008721,0.0500000007451,0,0.0
2014-07-02 03:34:00,31.338,0.116779008721,0.0,0,0.0
2014-07-02 03:39:00,29.94,0.110916138598,0.0,0,0.0
2014-07-02 03:44:00,31.548,0.110916138598,0.0,0,0.0
2014-07-02 03:49:00,28.751,0.110916138598,0.0,0,0.0
2014-07-02 03:54:00,30.107,0.110916138598,0.0,0,0.0
2014-07-02 03:59:00,33.274,0.0621927339906,0.0,0,0.0
2014-07-02 04:04:00,43.885,0.0621927339906,0.0,0,0.0
2014-07-02 04:09:00,100.0,0.0545169860261,0.0500000007451,0,0.0
2014-07-02 04:14:00,52.904,0.0545169860261,0.0,0,0.0
2014-07-02 04:19:00,30.165,0.0621927339906,0.0,0,0.0
2014-07-02 04:24:00,30.048,0.0621927339906,0.0,0,0.0
2014-07-02 04:29:00,31.769,0.0621927339906,0.0,0,0.0
2014-07-02 04:34:00,30.668,0.0621927339906,0.0,0,0.0
2014-07-02 04:39:00,29.614,0.0621927339906,0.0,0,0.0
2014-07-02 04:44:00,30.72,0.0621927339906,0.0,0,0.0
2014-07-02 04:49:00,30.338,0.0621927339906,0.0,0,0.0
2014-07-02 04:54:00,29.831,0.0621927339906,0.0,0,0.0
2014-07-02 04:59:00,33.287,0.0705371186216,0.0,0,0.0
2014-07-02 05:04:00,44.665,0.0662802554541,0.0250000003725,0,0.0
2014-07-02 05:09:00,100.0,0.047491361253,0.125,0,0.0
2014-07-02 05:14:00,59.12,0.0410955799032,0.0500000007451,0,0.0
2014-07-02 05:19:00,30.216,0.0410955799032,0.0,0,0.0
2014-07-02 05:24:00,30.501,0.0410955799032,0.0,0,0.0
2014-07-02 05:29:00,31.148,0.0410955799032,0.0,0,0.0
2014-07-02 05:34:00,30.836,0.0410955799032,0.0,0,0.0
2014-07-02 05:39:00,30.426,0.0410955799032,0.0,0,0.0
2014-07-02 05:44:00,31.342,0.0410955799032,0.0,0,0.0
2014-07-02 05:49:00,29.98,0.0410955799032,0.0,0,0.0
2014-07-02 05:54:00,30.879,0.0442160794976,0.0,0,0.0
2014-07-02 05:59:00,32.854,0.0621927339906,0.0,0,0.0
2014-07-02 06:04:00,43.171,0.0705371186216,0.0,0,0.0
2014-07-02 06:09:00,100.0,0.0705371186216,0.0,0,0.0
2014-07-02 06:14:00,58.713,0.0442160799741,0.17499999702,0,0.0
2014-07-02 06:19:00,30.831,0.0442160799741,0.0,0,0.0
2014-07-02 06:24:00,29.334,0.0442160799741,0.0,0,0.0
2014-07-02 06:29:00,32.325,0.0442160799741,0.0,0,0.0
2014-07-02 06:34:00,29.664,0.0442160799741,0.0,0,0.0
2014-07-02 06:39:00,31.279,0.0442160799741,0.0,0,0.0
2014-07-02 06:44:00,31.382,0.0442160799741,0.0,0,0.0
2014-07-02 06:49:00,29.995,0.0442160799741,0.0,0,0.0
2014-07-02 06:54:00,29.819,0.0442160799741,0.0,0,0.0
2014-07-02 06:59:00,32.787,0.0442160799741,0.0,0,0.0
2014-07-02 07:04:00,44.668,0.0662802554541,0.0250000003725,0,0.0
2014-07-02 07:09:00,100.0,0.0662802554541,0.0,0,0.0
2014-07-02 07:14:00,53.382,0.0621927339906,0.0250000003725,0,0.0
2014-07-02 07:19:00,29.376,0.0621927339906,0.0,0,0.0
2014-07-02 07:24:00,30.004,0.0621927339906,0.0,0,0.0
2014-07-02 07:29:00,31.552,0.0621927339906,0.0,0,0.0
2014-07-02 07:34:00,30.832,0.0621927339906,0.0,0,0.0
2014-07-02 07:39:00,29.952,0.0621927339906,0.0,0,0.0
2014-07-02 07:44:00,30.5,0.0621927339906,0.0,0,0.0
2014-07-02 07:49:00,30.865,0.0621927339906,0.0,0,0.0
2014-07-02 07:54:00,30.166,0.0662802554541,0.0,0,0.0
2014-07-02 07:59:00,32.835,0.0662802554541,0.0,0,0.0
2014-07-02 08:04:00,43.781,0.0705371186216,0.0,0,0.0
2014-07-02 08:09:00,100.0,0.0705371186216,0.0,0,0.0
2014-07-02 08:14:00,58.287,0.0509241331847,0.125,0,0.0
2014-07-02 08:19:00,30.839,0.0509241331847,0.0,0,0.0
2014-07-02 08:24:00,30.334,0.0509241331847,0.0,0,0.0
2014-07-02 08:29:00,31.041,0.0509241331847,0.0,0,0.0
2014-07-02 08:34:00,29.787,0.0508985995396,0.0,0,0.0
2014-07-02 08:39:00,30.216,0.0508985995396,0.0,0,0.0
2014-07-02 08:44:00,31.778,0.0508985995396,0.0,0,0.0
2014-07-02 08:49:00,29.689,0.0508985995396,0.0,0,0.0
2014-07-02 08:54:00,29.978,0.0508985995396,0.0,0,0.0
2014-07-02 08:59:00,33.51,0.0508985995396,0.0,0,0.0
2014-07-02 09:04:00,44.835,0.0704830094372,0.0,0,0.0
2014-07-02 09:09:00,100.0,0.0704830094372,0.0,0,0.0
2014-07-02 09:14:00,60.766,0.0410829337861,0.20000000298,0,0.0
2014-07-02 09:19:00,29.08,0.0381180186684,0.0250000003725,0,0.0
2014-07-02 09:24:00,30.125,0.0381180186684,0.0,0,0.0
2014-07-02 09:29:00,31.052,0.0381180186684,0.0,0,0.0
2014-07-02 09:34:00,30.831,0.0381180186684,0.0,0,0.0
2014-07-02 09:39:00,29.502,0.0381180186684,0.0,0,0.0
2014-07-02 09:44:00,31.252,0.0381180186684,0.0,0,0.0
2014-07-02 09:49:00,30.546,0.0381180186684,0.0,0,0.0
2014-07-02 09:54:00,30.121,0.0381180186684,0.0,0,0.0
2014-07-02 09:59:00,32.85,0.0381180186684,0.0,0,0.0
2014-07-02 10:04:00,45.328,0.0662326009764,0.0,0,0.0
2014-07-02 10:09:00,100.0,0.0704830094372,0.0,0,0.0
2014-07-02 10:14:00,53.667,0.0662326009764,0.0250000003725,0,0.0
2014-07-02 10:19:00,29.644,0.0662326009764,0.0,0,0.0
2014-07-02 10:24:00,29.458,0.0662326009764,0.0,0,0.0
2014-07-02 10:29:00,31.813,0.0662326009764,0.0,0,0.0
2014-07-02 10:34:00,30.659,0.0662326009764,0.0,0,0.0
2014-07-02 10:39:00,30.225,0.0662326009764,0.0,0,0.0
2014-07-02 10:44:00,31.662,0.0662326009764,0.0,0,0.0
2014-07-02 10:49:00,30.001,0.0662326009764,0.0,0,0.0
2014-07-02 10:54:00,30.0,0.0662326009764,0.0,0,0.0
2014-07-02 10:59:00,32.953,0.0662326009764,0.0,0,0.0
2014-07-02 11:04:00,44.552,0.0704830094372,0.0,0,0.0
2014-07-02 11:09:00,100.0,0.0704830094372,0.0,0,0.0
2014-07-02 11:14:00,58.153,0.054486464855,0.10000000149,0,0.0
2014-07-02 11:19:00,30.55,0.054486464855,0.0,0,0.0
2014-07-02 11:24:00,30.496,0.054486464855,0.0,0,0.0
2014-07-02 11:29:00,32.118,0.054486464855,0.0,0,0.0
2014-07-02 11:34:00,29.529,0.054486464855,0.0,0,0.0
2014-07-02 11:39:00,31.881,0.054486464855,0.0,0,0.0
2014-07-02 11:44:00,30.29,0.054486464855,0.0,0,0.0
2014-07-02 11:49:00,30.443,0.054486464855,0.0,0,0.0
2014-07-02 11:54:00,30.338,0.054486464855,0.0,0,0.0
2014-07-02 11:59:00,33.011,0.054486464855,0.0,0,0.0
2014-07-02 12:04:00,45.292,0.0704830094372,0.0,0,0.0
2014-07-02 12:09:00,64.666,0.0662326009764,0.0250000003725,0,0.0
2014-07-02 12:14:00,38.99,0.0582365311949,0.0500000007451,0,0.0
2014-07-02 12:19:00,29.997,0.0381180205633,0.300000011921,0,0.0
2014-07-02 12:24:00,30.332,0.0381180205633,0.0,0,0.0
2014-07-02 12:29:00,32.324,0.0381180205633,0.0,0,0.0
2014-07-02 12:34:00,30.001,0.0381180205633,0.0,0,0.0
2014-07-02 12:39:00,30.286,0.0381180205633,0.0,0,0.0
2014-07-02 12:44:00,32.001,0.0381180205633,0.0,0,0.0
2014-07-02 12:49:00,29.548,0.0381180205633,0.0,0,0.0
2014-07-02 12:54:00,30.117,0.0381180205633,0.0,0,0.0
2014-07-02 12:59:00,33.328,0.0353017907191,0.0,0,0.0
2014-07-02 13:04:00,44.335,0.030103000838,0.0,0,0.0
2014-07-02 13:09:00,100.0,0.0704830094372,0.0,0,0.0
2014-07-02 13:14:00,59.714,0.0474704636446,0.15000000596,0,0.0
2014-07-02 13:19:00,30.001,0.044199475257,0.0250000003725,0,0.0
2014-07-02 13:24:00,30.452,0.044199475257,0.0,0,0.0
2014-07-02 13:29:00,31.545,0.044199475257,0.0,0,0.0
2014-07-02 13:34:00,30.156,0.044199475257,0.0,0,0.0
2014-07-02 13:39:00,29.983,0.044199475257,0.0,0,0.0
2014-07-02 13:44:00,31.292,0.044199475257,0.0,0,0.0
2014-07-02 13:49:00,30.826,0.044199475257,0.0,0,0.0
2014-07-02 13:54:00,29.885,0.044199475257,0.0,0,0.0
2014-07-02 13:59:00,33.168,0.044199475257,0.0,0,0.0
2014-07-02 14:04:00,44.331,0.0662326009764,0.0,0,0.0
2014-07-02 14:09:00,100.0,0.0704830094372,0.0,0,0.0
2014-07-02 14:14:00,60.092,0.0410829337861,0.20000000298,0,0.0
2014-07-02 14:19:00,29.038,0.0326311800115,0.125,0,0.0
2014-07-02 14:24:00,30.622,0.0326311800115,0.0,0,0.0
2014-07-02 14:29:00,32.495,0.0326311800115,0.0,0,0.0
2014-07-02 14:34:00,29.213,0.0326311800115,0.0,0,0.0
2014-07-02 14:39:00,30.0,0.0326311800115,0.0,0,0.0
2014-07-02 14:44:00,32.513,0.0326311800115,0.0,0,0.0
2014-07-02 14:49:00,29.327,0.0326311800115,0.0,0,0.0
2014-07-02 14:54:00,29.971,0.0326311800115,0.0,0,0.0
2014-07-02 14:59:00,33.033,0.0326311800115,0.0,0,0.0
2014-07-02 15:04:00,44.835,0.0508985995396,0.0,0,0.0
2014-07-02 15:09:00,100.0,0.0704830094372,0.0,0,0.0
2014-07-02 15:14:00,59.157,0.0621511586101,0.0500000007451,0,0.0
2014-07-02 15:19:00,29.545,0.0621511586101,0.0,0,0.0
2014-07-02 15:24:00,30.667,0.0621511586101,0.0,0,0.0
2014-07-02 15:29:00,31.838,0.0621511586101,0.0,0,0.0
2014-07-02 15:34:00,30.623,0.0582365311949,0.0250000003725,0,0.0
2014-07-02 15:39:00,30.664,0.0582365311949,0.0,0,0.0
2014-07-02 15:44:00,30.542,0.0582365311949,0.0,0,0.0
2014-07-02 15:49:00,30.625,0.0582365311949,0.0,0,0.0
2014-07-02 15:54:00,29.937,0.0582365311949,0.0,0,0.0
2014-07-02 15:59:00,32.704,0.0582365311949,0.0,0,0.0
2014-07-02 16:04:00,44.829,0.0662326009764,0.0,0,0.0
2014-07-02 16:09:00,100.0,0.0662326009764,0.0,0,0.0
2014-07-02 16:14:00,60.451,0.0353017899426,0.22499999404,0,0.0
2014-07-02 16:19:00,29.555,0.0508985979194,0.22499999404,0,0.0
2014-07-02 16:24:00,29.999,0.0474704628461,0.0,0,0.0
2014-07-02 16:29:00,31.836,0.0474704628461,0.0,0,0.0
2014-07-02 16:34:00,29.828,0.0474704628461,0.0,0,0.0
2014-07-02 16:39:00,30.831,0.0474704628461,0.0,0,0.0
2014-07-02 16:44:00,31.676,0.0474704628461,0.0,0,0.0
2014-07-02 16:49:00,31.596,0.0474704628461,0.0,0,0.0
2014-07-02 16:54:00,28.526,0.0474906771771,0.0,0,0.0
2014-07-02 16:59:00,32.821,0.0474906771771,0.0,0,0.0
2014-07-02 17:04:00,44.336,0.0381267410089,0.0,0,0.0
2014-07-02 17:09:00,67.269,0.0705353511534,0.0,0,0.0
2014-07-02 17:14:00,51.875,0.0662786988491,0.0250000003725,0,0.0
2014-07-02 17:19:00,31.002,0.0662786988491,0.0,0,0.0
2014-07-02 17:24:00,30.141,0.0662786988491,0.0,0,0.0
2014-07-02 17:29:00,31.625,0.0662786988491,0.0,0,0.0
2014-07-02 17:34:00,30.384,0.0662786988491,0.0,0,0.0
2014-07-02 17:39:00,30.833,0.0662786988491,0.0,0,0.0
2014-07-02 17:44:00,30.506,0.0662786988491,0.0,0,0.0
2014-07-02 17:49:00,29.911,0.0662786988491,0.0,0,0.0
2014-07-02 17:54:00,30.115,0.0621913759755,0.0250000003725,0,0.0
2014-07-02 17:59:00,32.92,0.0621913759755,0.0,0,0.0
2014-07-02 18:04:00,44.967,0.0662786988491,0.0,0,0.0
2014-07-02 18:09:00,100.0,0.0326337950039,0.300000011921,0,0.0
2014-07-02 18:14:00,58.834,0.0509233017614,0.15000000596,0,0.0
2014-07-02 18:19:00,31.121,0.0509233017614,0.0,0,0.0
2014-07-02 18:24:00,29.835,0.0509233017614,0.0,0,0.0
2014-07-02 18:29:00,31.503,0.0509233017614,0.0,0,0.0
2014-07-02 18:34:00,30.293,0.0509233017614,0.0,0,0.0
2014-07-02 18:39:00,31.373,0.0509233017614,0.0,0,0.0
2014-07-02 18:44:00,30.151,0.0474906811747,0.0,0,0.0
2014-07-02 18:49:00,30.877,0.0474906811747,0.0,0,0.0
2014-07-02 18:54:00,30.44,0.0474906811747,0.0,0,0.0
2014-07-02 18:59:00,32.776,0.0474906779766,0.0,0,0.0
2014-07-02 19:04:00,45.335,0.0705353511534,0.0,0,0.0
2014-07-02 19:09:00,100.0,0.0705353511534,0.0,0,0.0
2014-07-02 19:14:00,59.499,0.0410951666572,0.20000000298,0,0.0
2014-07-02 19:19:00,30.118,0.035307306882,0.0500000007451,0,0.0
2014-07-02 19:24:00,29.661,0.035307306882,0.0,0,0.0
2014-07-02 19:29:00,31.521,0.035307306882,0.0,0,0.0
2014-07-02 19:34:00,30.121,0.035307306882,0.0,0,0.0
2014-07-02 19:39:00,30.437,0.035307306882,0.0,0,0.0
2014-07-02 19:44:00,31.216,0.035307306882,0.0,0,0.0
2014-07-02 19:49:00,29.832,0.035307306882,0.0,0,0.0
2014-07-02 19:54:00,30.998,0.035307306882,0.0,0,0.0
2014-07-02 19:59:00,32.887,0.035307306882,0.0,0,0.0
2014-07-02 20:04:00,44.549,0.0621913759755,0.0,0,0.0
2014-07-02 20:09:00,100.0,0.0705353511534,0.0,0,0.0
2014-07-02 20:14:00,58.781,0.0705353511534,0.0,0,0.0
2014-07-02 20:19:00,29.81,0.0705353511534,0.0,0,0.0
2014-07-02 20:24:00,30.667,0.0705353511534,0.0,0,0.0
2014-07-02 20:29:00,32.329,0.0705353511534,0.0,0,0.0
2014-07-02 20:34:00,30.453,0.0705353511534,0.0,0,0.0
2014-07-02 20:39:00,30.882,0.0705353511534,0.0,0,0.0
2014-07-02 20:44:00,31.286,0.0705353511534,0.0,0,0.0
2014-07-02 20:49:00,31.674,0.0705353511534,0.0,0,0.0
2014-07-02 20:54:00,29.499,0.0705353511534,0.0,0,0.0
2014-07-02 20:59:00,32.992,0.0705353511534,0.0,0,0.0
2014-07-02 21:04:00,46.255,0.0705353511534,0.0,0,0.0
2014-07-02 21:09:00,100.0,0.0705353511534,0.0,0,0.0
2014-07-02 21:14:00,58.761,0.0474906779766,0.15000000596,0,0.0
2014-07-02 21:19:00,30.603,0.0474906779766,0.0,0,0.0
2014-07-02 21:24:00,29.978,0.0474906779766,0.0,0,0.0
2014-07-02 21:29:00,31.986,0.0474906779766,0.0,0,0.0
2014-07-02 21:34:00,29.957,0.0474906779766,0.0,0,0.0
2014-07-02 21:39:00,30.993,0.0474906779766,0.0,0,0.0
2014-07-02 21:44:00,31.195,0.0474906779766,0.0,0,0.0
2014-07-02 21:49:00,30.333,0.0474906779766,0.0,0,0.0
2014-07-02 21:54:00,30.5,0.0474906779766,0.0,0,0.0
2014-07-02 21:59:00,32.722,0.0474906779766,0.0,0,0.0
2014-07-02 22:04:00,45.217,0.0705353511534,0.0,0,0.0
2014-07-02 22:09:00,100.0,0.0705353511534,0.0,0,0.0
2014-07-02 22:14:00,59.885,0.0662786988491,0.0250000003725,0,0.0
2014-07-02 22:19:00,30.498,0.0662786988491,0.0,0,0.0
2014-07-02 22:24:00,31.425,0.0662786988491,0.0,0,0.0
2014-07-02 22:29:00,31.552,0.0662786988491,0.0,0,0.0
2014-07-02 22:34:00,29.834,0.0662786988491,0.0,0,0.0
2014-07-02 22:39:00,30.001,0.0662786988491,0.0,0,0.0
2014-07-02 22:44:00,31.672,0.0662786988491,0.0,0,0.0
2014-07-02 22:49:00,31.501,0.0662786988491,0.0,0,0.0
2014-07-02 22:54:00,30.101,0.0662786988491,0.0,0,0.0
2014-07-02 22:59:00,32.377,0.0662786988491,0.0,0,0.0
2014-07-02 23:04:00,44.666,0.0705353511534,0.0,0,0.0
2014-07-02 23:09:00,65.046,0.0705353511534,0.0,0,0.0
2014-07-02 23:14:00,38.326,0.0705353511534,0.0,0,0.0
2014-07-02 23:19:00,30.329,0.0705353511534,0.0,0,0.0
2014-07-02 23:24:00,30.141,0.0705353511534,0.0,0,0.0
2014-07-02 23:29:00,31.634,0.0705353511534,0.0,0,0.0
2014-07-02 23:34:00,30.985,0.0705353511534,0.0,0,0.0
2014-07-02 23:39:00,29.629,0.0705353511534,0.0,0,0.0
2014-07-02 23:44:00,32.551,0.0705353511534,0.0,0,0.0
2014-07-02 23:49:00,31.303,0.0705353511534,0.0,0,0.0
2014-07-02 23:54:00,30.924,0.0705353511534,0.0,0,0.0
2014-07-02 23:59:00,31.288,0.0705353511534,0.0,0,0.0
2014-07-03 00:04:00,44.723,0.0705353511534,0.0,0,0.0
2014-07-03 00:09:00,100.0,0.0705353511534,0.0,0,0.0
2014-07-03 00:14:00,58.335,0.0705353511534,0.0,0,0.0
2014-07-03 00:19:00,30.173,0.0705353511534,0.0,0,0.0
2014-07-03 00:24:00,30.481,0.0705353511534,0.0,0,0.0
2014-07-03 00:29:00,31.879,0.0705353511534,0.0,0,0.0
2014-07-03 00:34:00,30.776,0.0705353511534,0.0,0,0.0
2014-07-03 00:39:00,30.671,0.0705353511534,0.0,0,0.0
2014-07-03 00:44:00,34.049,0.0705353511534,0.0,0,0.0
2014-07-03 00:49:00,28.834,0.0705353511534,0.0,0,0.0
2014-07-03 00:54:00,30.287,0.0705353511534,0.0,0,0.0
2014-07-03 00:59:00,33.203,0.0705353511534,0.0,0,0.0
2014-07-03 01:04:00,44.166,0.0705353511534,0.0,0,0.0
2014-07-03 01:09:00,65.441,0.0705353511534,0.0,0,0.0
2014-07-03 01:14:00,37.378,0.0703811467773,0.0,0,0.0
2014-07-03 01:19:00,30.82,0.0661428859017,0.0250000003725,0,0.0
2014-07-03 01:24:00,31.787,0.0620728847472,0.0250000003725,0,0.0
2014-07-03 01:29:00,30.383,0.0620728847472,0.0,0,0.0
2014-07-03 01:34:00,30.152,0.0620728847472,0.0,0,0.0
2014-07-03 01:39:00,30.115,0.0620728847472,0.0,0,0.0
2014-07-03 01:44:00,31.825,0.0620728847472,0.0,0,0.0
2014-07-03 01:49:00,29.932,0.0581690027258,0.0250000003725,0,0.0
2014-07-03 01:54:00,29.895,0.0581690027258,0.0,0,0.0
2014-07-03 01:59:00,32.815,0.0581690027258,0.0,0,0.0
2014-07-03 02:04:00,45.62,0.0581690027258,0.0,0,0.0
2014-07-03 02:09:00,100.0,0.0581690027258,0.0250000003725,0,0.0
2014-07-03 02:14:00,59.105,0.0441682083282,0.125,0,0.0
2014-07-03 02:19:00,30.05,0.0441682083282,0.0,0,0.0
2014-07-03 02:24:00,30.33,0.0441682083282,0.0,0,0.0
2014-07-03 02:29:00,32.298,0.0441682083282,0.0,0,0.0
2014-07-03 02:34:00,31.218,0.0441682083282,0.0,0,0.0
2014-07-03 02:39:00,29.62,0.0474311139193,0.0,0,0.0
2014-07-03 02:44:00,31.947,0.0474311139193,0.0,0,0.0
2014-07-03 02:49:00,31.043,0.0474311139193,0.0,0,0.0
2014-07-03 02:54:00,29.319,0.0474311139193,0.0,0,0.0
2014-07-03 02:59:00,33.072,0.0508505203097,0.0,0,0.0
2014-07-03 03:04:00,43.787,0.0703811467773,0.0,0,0.0
2014-07-03 03:09:00,100.0,0.0703811467773,0.0,0,0.0
2014-07-03 03:14:00,59.833,0.0441682088028,0.17499999702,0,0.0
2014-07-03 03:19:00,30.788,0.0326260895266,0.10000000149,0,0.0
2014-07-03 03:24:00,32.215,0.0326260895266,0.0,0,0.0
2014-07-03 03:29:00,32.209,0.0326260895266,0.0,0,0.0
2014-07-03 03:34:00,35.25,0.0326260895266,0.0,0,0.0
2014-07-03 03:39:00,31.002,0.0326260895266,0.0,0,0.0
2014-07-03 03:44:00,32.706,0.0326260895266,0.0,0,0.0
2014-07-03 03:49:00,28.996,0.0326260895266,0.0,0,0.0
2014-07-03 03:54:00,31.114,0.0326260895266,0.0,0,0.0
2014-07-03 03:59:00,33.109,0.0326260895266,0.0,0,0.0
2014-07-03 04:04:00,44.999,0.0544289972463,0.0,0,0.0
2014-07-03 04:09:00,100.0,0.0703811467773,0.0,0,0.0
2014-07-03 04:14:00,59.0,0.0703811467773,0.0,0,0.0
2014-07-03 04:19:00,30.296,0.0703811467773,0.0,0,0.0
2014-07-03 04:24:00,30.311,0.0703811467773,0.0,0,0.0
2014-07-03 04:29:00,31.621,0.0703811467773,0.0,0,0.0
2014-07-03 04:34:00,29.696,0.0703811467773,0.0,0,0.0
2014-07-03 04:39:00,30.668,0.0703811467773,0.0,0,0.0
2014-07-03 04:44:00,31.791,0.0703811467773,0.0,0,0.0
2014-07-03 04:49:00,30.483,0.0703811467773,0.0,0,0.0
2014-07-03 04:54:00,29.838,0.0703811467773,0.0,0,0.0
2014-07-03 04:59:00,33.219,0.0703811467773,0.0,0,0.0
2014-07-03 05:04:00,44.62,0.0703811467773,0.0,0,0.0
2014-07-03 05:09:00,64.999,0.0661428859017,0.0250000003725,0,0.0
2014-07-03 05:14:00,38.35,0.0581690027258,0.0500000007451,0,0.0
2014-07-03 05:19:00,30.122,0.0581690027258,0.0,0,0.0
2014-07-03 05:24:00,31.001,0.0581690027258,0.0,0,0.0
2014-07-03 05:29:00,31.006,0.0581690027258,0.0,0,0.0
2014-07-03 05:34:00,30.716,0.0581690027258,0.0,0,0.0
2014-07-03 05:39:00,30.391,0.0581690027258,0.0,0,0.0
2014-07-03 05:44:00,30.535,0.0581690027258,0.0,0,0.0
2014-07-03 05:49:00,29.792,0.0581690027258,0.0,0,0.0
2014-07-03 05:54:00,30.5,0.0581690027258,0.0,0,0.0
2014-07-03 05:59:00,33.032,0.0620728847472,0.0,0,0.0
2014-07-03 06:04:00,44.834,0.0703811467773,0.0,0,0.0
2014-07-03 06:09:00,64.885,0.0703811467773,0.0,0,0.0
2014-07-03 06:14:00,38.295,0.0703811467773,0.0,0,0.0
2014-07-03 06:19:00,30.724,0.0410591176243,0.20000000298,0,0.0
2014-07-03 06:24:00,31.001,0.0410591176243,0.0,0,0.0
2014-07-03 06:29:00,31.938,0.0410591176243,0.0,0,0.0
2014-07-03 06:34:00,30.666,0.0410591176243,0.0,0,0.0
2014-07-03 06:39:00,31.502,0.0410591176243,0.0,0,0.0
2014-07-03 06:44:00,30.003,0.0410591176243,0.0,0,0.0
2014-07-03 06:49:00,31.162,0.0410591176243,0.0,0,0.0
2014-07-03 06:54:00,29.453,0.0410591176243,0.0,0,0.0
2014-07-03 06:59:00,33.27,0.0410591176243,0.0,0,0.0
2014-07-03 07:04:00,45.149,0.0381010381165,0.0250000003725,0,0.0
2014-07-03 07:09:00,64.954,0.0620728847472,0.0250000003725,0,0.0
2014-07-03 07:14:00,38.646,0.0581690027258,0.0250000003725,0,0.0
2014-07-03 07:19:00,30.12,0.0544289972463,0.0250000003725,0,0.0
2014-07-03 07:24:00,30.198,0.0544289972463,0.0,0,0.0
2014-07-03 07:29:00,30.992,0.0544289972463,0.0,0,0.0
2014-07-03 07:34:00,29.954,0.0544289972463,0.0,0,0.0
2014-07-03 07:39:00,30.336,0.0544289972463,0.0,0,0.0
2014-07-03 07:44:00,31.0,0.0544289972463,0.0,0,0.0
2014-07-03 07:49:00,29.927,0.0544289972463,0.0,0,0.0
2014-07-03 07:54:00,30.878,0.0581690027258,0.0,0,0.0
2014-07-03 07:59:00,32.498,0.0620728847472,0.0,0,0.0
2014-07-03 08:04:00,45.003,0.0661428859017,0.0,0,0.0
2014-07-03 08:09:00,100.0,0.0703811467773,0.0,0,0.0
2014-07-03 08:14:00,58.709,0.0703811467773,0.0,0,0.0
2014-07-03 08:19:00,30.973,0.0703811467773,0.0,0,0.0
2014-07-03 08:24:00,29.954,0.0703811467773,0.0,0,0.0
2014-07-03 08:29:00,31.547,0.0703811467773,0.0,0,0.0
2014-07-03 08:34:00,30.0,0.0703811467773,0.0,0,0.0
2014-07-03 08:39:00,30.446,0.0703811467773,0.0,0,0.0
2014-07-03 08:44:00,31.205,0.0703811467773,0.0,0,0.0
2014-07-03 08:49:00,30.004,0.0703811467773,0.0,0,0.0
2014-07-03 08:54:00,30.616,0.0703811467773,0.0,0,0.0
2014-07-03 08:59:00,32.609,0.0703811467773,0.0,0,0.0
2014-07-03 09:04:00,44.615,0.0703811467773,0.0,0,0.0
2014-07-03 09:09:00,100.0,0.0703811467773,0.0,0,0.0
2014-07-03 09:14:00,66.0,0.0410591176243,0.20000000298,0,0.0
2014-07-03 09:19:00,29.999,0.0410591176243,0.0,0,0.0
2014-07-03 09:24:00,29.833,0.0410591176243,0.0,0,0.0
2014-07-03 09:29:00,31.826,0.0410591176243,0.0,0,0.0
2014-07-03 09:34:00,30.759,0.0411436567056,0.0,0,0.0
2014-07-03 09:39:00,30.305,0.0411436567056,0.0,0,0.0
2014-07-03 09:44:00,31.171,0.0381613063717,0.0250000003725,0,0.0
2014-07-03 09:49:00,30.328,0.0381613063717,0.0,0,0.0
2014-07-03 09:54:00,29.709,0.0381613063717,0.0,0,0.0
2014-07-03 09:59:00,33.62,0.0381613063717,0.0,0,0.0
2014-07-03 10:04:00,43.811,0.100127582023,0.725000023842,0,0.0
2014-07-03 10:09:00,100.0,0.100127582023,0.0,0,0.0
2014-07-03 10:14:00,59.666,0.12336202225,0.10000000149,0,0.0
2014-07-03 10:19:00,29.795,0.12336202225,0.0,0,0.0
2014-07-03 10:24:00,30.875,0.12336202225,0.0,0,0.0
2014-07-03 10:29:00,30.461,0.12336202225,0.0,0,0.0
2014-07-03 10:34:00,30.835,0.117273290527,0.0,0,0.0
2014-07-03 10:39:00,29.834,0.117273290527,0.0,0,0.0
2014-07-03 10:44:00,31.168,0.117273290527,0.0,0,0.0
2014-07-03 10:49:00,31.215,0.117273290527,0.0,0,0.0
2014-07-03 10:54:00,29.331,0.0546330657691,0.0,0,0.0
2014-07-03 10:59:00,33.498,0.0546330657691,0.0,0,0.0
2014-07-03 11:04:00,44.34,0.0664615392894,0.0250000003725,0,0.0
2014-07-03 11:09:00,100.0,0.0664615392894,0.0,0,0.0
2014-07-03 11:14:00,60.166,0.0664615392894,0.0,0,0.0
2014-07-03 11:19:00,30.508,0.0664615392894,0.0,0,0.0
2014-07-03 11:24:00,30.296,0.0664615392894,0.0,0,0.0
2014-07-03 11:29:00,32.1,0.0664615392894,0.0,0,0.0
2014-07-03 11:34:00,29.771,0.0664615392894,0.0,0,0.0
2014-07-03 11:39:00,31.421,0.0664615392894,0.0,0,0.0
2014-07-03 11:44:00,30.175,0.0664615392894,0.0,0,0.0
2014-07-03 11:49:00,29.987,0.0664615392894,0.0,0,0.0
2014-07-03 11:54:00,29.835,0.0707429709335,0.0,0,0.0
2014-07-03 11:59:00,33.449,0.0707429709335,0.0,0,0.0
2014-07-03 12:04:00,44.714,0.0707429709335,0.0,0,0.0
2014-07-03 12:09:00,100.0,0.0707429709335,0.0,0,0.0
2014-07-03 12:14:00,65.904,0.0510212356434,0.125,0,0.0
2014-07-03 12:19:00,30.325,0.0475708229997,0.0250000003725,0,0.0
2014-07-03 12:24:00,29.996,0.0475708229997,0.0,0,0.0
2014-07-03 12:29:00,31.788,0.0475708229997,0.0,0,0.0
2014-07-03 12:34:00,31.213,0.0475708229997,0.0,0,0.0
2014-07-03 12:39:00,30.001,0.0475708229997,0.0,0,0.0
2014-07-03 12:44:00,31.153,0.0442792092989,0.0250000003725,0,0.0
2014-07-03 12:49:00,30.268,0.0442792092989,0.0,0,0.0
2014-07-03 12:54:00,30.052,0.0442792092989,0.0,0,0.0
2014-07-03 12:59:00,34.9,0.0381613065883,0.0500000007451,0,0.0
2014-07-03 13:04:00,43.547,0.136107505677,0.800000011921,0,0.0
2014-07-03 13:09:00,100.0,0.129639685331,0.0,0,0.0
2014-07-03 13:14:00,60.173,0.129639685331,0.0,0,0.0
2014-07-03 13:19:00,30.429,0.129639685331,0.0,0,0.0
2014-07-03 13:24:00,28.874,0.129639685331,0.0,0,0.0
2014-07-03 13:29:00,31.364,0.129639685331,0.0,0,0.0
2014-07-03 13:34:00,30.156,0.123362019025,0.0,0,0.0
2014-07-03 13:39:00,30.165,0.123362019025,0.0,0,0.0
2014-07-03 13:44:00,31.174,0.123362019025,0.0,0,0.0
2014-07-03 13:49:00,29.755,0.111372210511,0.0,0,0.0
2014-07-03 13:54:00,30.489,0.0707429709335,0.0,0,0.0
2014-07-03 13:59:00,34.37,0.0707429709335,0.0,0,0.0
2014-07-03 14:04:00,43.024,0.0664615392894,0.0250000003725,0,0.0
2014-07-03 14:09:00,66.833,0.0664615392894,0.0,0,0.0
2014-07-03 14:14:00,52.313,0.0664615392894,0.0,0,0.0
2014-07-03 14:19:00,30.498,0.0664615392894,0.0,0,0.0
2014-07-03 14:24:00,31.166,0.0664615392894,0.0,0,0.0
2014-07-03 14:29:00,30.161,0.0664615392894,0.0,0,0.0
2014-07-03 14:34:00,31.162,0.0664615392894,0.0,0,0.0
2014-07-03 14:39:00,30.776,0.0664615392894,0.0,0,0.0
2014-07-03 14:44:00,31.052,0.0664615392894,0.0,0,0.0
2014-07-03 14:49:00,30.331,0.0623508807537,0.0250000003725,0,0.0
2014-07-03 14:54:00,29.759,0.0664615392894,0.0,0,0.0
2014-07-03 14:59:00,32.696,0.0664615392894,0.0,0,0.0
2014-07-03 15:04:00,44.626,0.0664615392894,0.0,0,0.0
2014-07-03 15:09:00,100.0,0.0664615392894,0.0,0,0.0
2014-07-03 15:14:00,64.501,0.0475708229997,0.125,0,0.0
2014-07-03 15:19:00,30.335,0.0442792092989,0.0250000003725,0,0.0
2014-07-03 15:24:00,30.759,0.0442792092989,0.0,0,0.0
2014-07-03 15:29:00,31.339,0.0442792092989,0.0,0,0.0
2014-07-03 15:34:00,29.851,0.0442792092989,0.0,0,0.0
2014-07-03 15:39:00,30.055,0.0475708229997,0.0,0,0.0
2014-07-03 15:44:00,31.501,0.0442792092989,0.0250000003725,0,0.0
2014-07-03 15:49:00,30.331,0.0442792092989,0.0,0,0.0
2014-07-03 15:54:00,30.001,0.0442792092989,0.0,0,0.0
2014-07-03 15:59:00,33.143,0.0442792092989,0.0,0,0.0
2014-07-03 16:04:00,45.835,0.094781133347,0.675000011921,0,0.0
2014-07-03 16:09:00,100.0,0.089616551338,0.0,0,0.0
2014-07-03 16:14:00,66.95,0.117273287401,0.125,0,0.0
2014-07-03 16:19:00,29.719,0.117273287401,0.0,0,0.0
2014-07-03 16:24:00,30.469,0.117273287401,0.0,0,0.0
2014-07-03 16:29:00,31.833,0.117273287401,0.0,0,0.0
2014-07-03 16:34:00,31.694,0.111372210511,0.0,0,0.0
2014-07-03 16:39:00,29.545,0.111372210511,0.0,0,0.0
2014-07-03 16:44:00,31.334,0.117273287401,0.0250000003725,0,0.0
2014-07-03 16:49:00,30.523,0.117273287401,0.0,0,0.0
2014-07-03 16:54:00,30.162,0.0442792092989,0.0250000003725,0,0.0
2014-07-03 16:59:00,32.806,0.0442792092989,0.0,0,0.0
2014-07-03 17:04:00,45.436,0.0896165441549,0.649999976158,0,0.0
2014-07-03 17:09:00,100.0,0.0896165441549,0.0,0,0.0
2014-07-03 17:14:00,60.384,0.0947811259077,0.0250000003725,0,0.0
2014-07-03 17:19:00,29.336,0.123362010272,0.125,0,0.0
2014-07-03 17:24:00,29.953,0.123362010272,0.0,0,0.0
2014-07-03 17:29:00,32.67,0.123362010272,0.0,0,0.0
2014-07-03 17:34:00,29.304,0.117273278915,0.0,0,0.0
2014-07-03 17:39:00,30.547,0.117273278915,0.0,0,0.0
2014-07-03 17:44:00,31.113,0.11137220229,0.0,0,0.0
2014-07-03 17:49:00,30.553,0.11137220229,0.0,0,0.0
2014-07-03 17:54:00,30.834,0.0477951255367,0.0,0,0.0
2014-07-03 17:59:00,32.504,0.0477951255367,0.0,0,0.0
2014-07-03 18:04:00,44.337,0.0512954106906,0.0,0,0.0
2014-07-03 18:09:00,66.382,0.0713248834049,0.0,0,0.0
2014-07-03 18:14:00,52.487,0.0713248834049,0.0,0,0.0
2014-07-03 18:19:00,31.285,0.0713248834049,0.0,0,0.0
2014-07-03 18:24:00,29.883,0.0713248834049,0.0,0,0.0
2014-07-03 18:29:00,31.954,0.0713248834049,0.0,0,0.0
2014-07-03 18:34:00,30.513,0.0713248834049,0.0,0,0.0
2014-07-03 18:39:00,29.952,0.0713248834049,0.0,0,0.0
2014-07-03 18:44:00,31.539,0.0713248834049,0.0,0,0.0
2014-07-03 18:49:00,30.478,0.0713248834049,0.0,0,0.0
2014-07-03 18:54:00,29.713,0.0713248834049,0.0,0,0.0
2014-07-03 18:59:00,34.565,0.0713248834049,0.0,0,0.0
2014-07-03 19:04:00,43.702,0.0713248834049,0.0,0,0.0
2014-07-03 19:09:00,100.0,0.0713248834049,0.0,0,0.0
2014-07-03 19:14:00,65.335,0.0713248834049,0.0,0,0.0
2014-07-03 19:19:00,30.167,0.0713248834049,0.0,0,0.0
2014-07-03 19:24:00,31.284,0.0669738960736,0.0250000003725,0,0.0
2014-07-03 19:29:00,32.009,0.0669738960736,0.0,0,0.0
2014-07-03 19:34:00,30.371,0.0669738960736,0.0,0,0.0
2014-07-03 19:39:00,30.834,0.0669738960736,0.0,0,0.0
2014-07-03 19:44:00,31.157,0.0627977489716,0.0250000003725,0,0.0
2014-07-03 19:49:00,30.998,0.0627977489716,0.0,0,0.0
2014-07-03 19:54:00,30.005,0.0627977489716,0.0,0,0.0
2014-07-03 19:59:00,32.289,0.0627977489716,0.0,0,0.0
2014-07-03 20:04:00,45.552,0.0805598197946,0.600000023842,0,0.0
2014-07-03 20:09:00,100.0,0.0805598197946,0.0,0,0.0
2014-07-03 20:14:00,65.953,0.0957736940841,0.10000000149,0,0.0
2014-07-03 20:19:00,31.669,0.0957736940841,0.0,0,0.0
2014-07-03 20:24:00,28.662,0.0957736940841,0.0,0,0.0
2014-07-03 20:29:00,31.885,0.0957736940841,0.0,0,0.0
2014-07-03 20:34:00,30.164,0.090518441209,0.0,0,0.0
2014-07-03 20:39:00,30.161,0.090518441209,0.0,0,0.0
2014-07-03 20:44:00,31.494,0.090518441209,0.0,0,0.0
2014-07-03 20:49:00,31.498,0.090518441209,0.0,0,0.0
2014-07-03 20:54:00,28.835,0.0549609104921,0.0,0,0.0
2014-07-03 20:59:00,34.188,0.0549609104921,0.0,0,0.0
2014-07-03 21:04:00,45.257,0.0713248876384,0.600000023842,0,0.0
2014-07-03 21:09:00,100.0,0.0713248876384,0.0,0,0.0
2014-07-03 21:14:00,66.49,0.090518441209,0.10000000149,0,0.0
2014-07-03 21:19:00,29.68,0.090518441209,0.0,0,0.0
2014-07-03 21:24:00,31.334,0.0957736940841,0.0250000003725,0,0.0
2014-07-03 21:29:00,31.156,0.0957736940841,0.0,0,0.0
2014-07-03 21:34:00,30.874,0.0957736940841,0.0,0,0.0
2014-07-03 21:39:00,30.952,0.0957736940841,0.0,0,0.0
2014-07-03 21:44:00,30.656,0.0957736940841,0.0,0,0.0
2014-07-03 21:49:00,30.624,0.0957736940841,0.0,0,0.0
2014-07-03 21:54:00,29.998,0.0512954104237,0.0,0,0.0
2014-07-03 21:59:00,33.453,0.0512954104237,0.0,0,0.0
2014-07-03 22:04:00,44.338,0.0758528496348,0.600000023842,0,0.0
2014-07-03 22:09:00,100.0,0.0758528496348,0.0,0,0.0
2014-07-03 22:14:00,65.904,0.0713248876384,0.0,0,0.0
2014-07-03 22:19:00,30.106,0.0713248876384,0.0,0,0.0
2014-07-03 22:24:00,31.119,0.0713248876384,0.0,0,0.0
2014-07-03 22:29:00,31.833,0.0713248876384,0.0,0,0.0
2014-07-03 22:34:00,30.336,0.0713248876384,0.0,0,0.0
2014-07-03 22:39:00,30.818,0.0713248876384,0.0,0,0.0
2014-07-03 22:44:00,31.843,0.0713248876384,0.0,0,0.0
2014-07-03 22:49:00,30.214,0.0713248876384,0.0,0,0.0
2014-07-03 22:54:00,29.949,0.0713248834049,0.0,0,0.0
2014-07-03 22:59:00,33.277,0.0713248834049,0.0,0,0.0
2014-07-03 23:04:00,45.218,0.0713248834049,0.0,0,0.0
2014-07-03 23:09:00,64.996,0.0549609104921,0.10000000149,0,0.0
2014-07-03 23:14:00,46.447,0.0549609104921,0.0,0,0.0
2014-07-03 23:19:00,29.893,0.0549609104921,0.0,0,0.0
2014-07-03 23:24:00,31.305,0.0549609104921,0.0,0,0.0
2014-07-03 23:29:00,32.147,0.0549609104921,0.0,0,0.0
2014-07-03 23:34:00,29.716,0.0549609104921,0.0,0,0.0
2014-07-03 23:39:00,30.667,0.0549609104921,0.0,0,0.0
2014-07-03 23:44:00,30.995,0.0549609104921,0.0,0,0.0
2014-07-03 23:49:00,31.151,0.0512954104237,0.0250000003725,0,0.0
2014-07-03 23:54:00,29.488,0.0512954104237,0.0,0,0.0
2014-07-03 23:59:00,32.596,0.0669738960736,0.0,0,0.0
2014-07-04 00:04:00,45.333,0.0669738960736,0.0,0,0.0
2014-07-04 00:09:00,100.0,0.0477951255367,0.125,0,0.0
2014-07-04 00:14:00,66.621,0.0382579558837,0.0750000029802,0,0.0
2014-07-04 00:19:00,30.387,0.0382579558837,0.0,0,0.0
2014-07-04 00:24:00,30.163,0.0382579558837,0.0,0,0.0
2014-07-04 00:29:00,31.505,0.0382579558837,0.0,0,0.0
2014-07-04 00:34:00,30.449,0.0382579558837,0.0,0,0.0
2014-07-04 00:39:00,29.884,0.0382579558837,0.0250000003725,0,0.0
2014-07-04 00:44:00,30.958,0.0353902952891,0.0250000003725,0,0.0
2014-07-04 00:49:00,30.544,0.0353902952891,0.0,0,0.0
2014-07-04 00:54:00,31.113,0.0326730911054,0.0250000003725,0,0.0
2014-07-04 00:59:00,32.866,0.0477951250273,0.0,0,0.0
2014-07-04 01:04:00,45.001,0.0854477353451,0.600000023842,0,0.0
2014-07-04 01:09:00,100.0,0.0854477353451,0.0,0,0.0
2014-07-04 01:14:00,65.12,0.0957736940841,0.0500000007451,0,0.0
2014-07-04 01:19:00,33.096,0.101215166448,0.0250000003725,0,0.0
2014-07-04 01:24:00,28.549,0.101215166448,0.0,0,0.0
2014-07-04 01:29:00,32.487,0.0957736940841,0.0,0,0.0
2014-07-04 01:34:00,30.0,0.090518441209,0.0,0,0.0
2014-07-04 01:39:00,30.331,0.0957736940841,0.0250000003725,0,0.0
2014-07-04 01:44:00,32.924,0.0957736940841,0.0250000003725,0,0.0
2014-07-04 01:49:00,28.531,0.0957736940841,0.0,0,0.0
2014-07-04 01:54:00,30.167,0.047795125282,0.0250000003725,0,0.0
2014-07-04 01:59:00,33.677,0.047795125282,0.0,0,0.0
2014-07-04 02:04:00,44.295,0.0957736889041,0.625,0,0.0
2014-07-04 02:09:00,64.993,0.0905184362085,0.0,0,0.0
2014-07-04 02:14:00,45.707,0.0921102971452,0.0,0,0.0
2014-07-04 02:19:00,30.915,0.0975261133708,0.0250000003725,0,0.0
2014-07-04 02:24:00,29.861,0.0975261133708,0.0,0,0.0
2014-07-04 02:29:00,31.194,0.0921102971452,0.0,0,0.0
2014-07-04 02:34:00,31.211,0.0868867113516,0.0,0,0.0
2014-07-04 02:39:00,29.617,0.0868867113516,0.0,0,0.0
2014-07-04 02:44:00,31.492,0.0818535232408,0.0,0,0.0
2014-07-04 02:49:00,31.216,0.0818535232408,0.0,0,0.0
2014-07-04 02:54:00,29.666,0.0635847107836,0.0250000003725,0,0.0
2014-07-04 02:59:00,32.133,0.0635847107836,0.0,0,0.0
2014-07-04 03:04:00,45.712,0.0635847107836,0.0,0,0.0
2014-07-04 03:09:00,66.999,0.0678765817018,0.0,0,0.0
2014-07-04 03:14:00,51.818,0.0555377087963,0.0750000029802,0,0.0
2014-07-04 03:19:00,33.834,0.0555377087963,0.0,0,0.0
2014-07-04 03:24:00,31.341,0.0555377087963,0.0,0,0.0
2014-07-04 03:29:00,32.127,0.0555377087963,0.0,0,0.0
2014-07-04 03:34:00,31.165,0.0517775285335,0.0250000003725,0,0.0
2014-07-04 03:39:00,29.876,0.0517775285335,0.0,0,0.0
2014-07-04 03:44:00,33.659,0.0555377087963,0.0,0,0.0
2014-07-04 03:49:00,31.329,0.0517775285335,0.0250000003725,0,0.0
2014-07-04 03:54:00,29.633,0.0517775285335,0.0,0,0.0
2014-07-04 03:59:00,33.052,0.0517775285335,0.0,0,0.0
2014-07-04 04:04:00,45.332,0.0635847107836,0.0,0,0.0
2014-07-04 04:09:00,100.0,0.0635847107836,0.0,0,0.0
2014-07-04 04:14:00,65.666,0.0481893231666,0.10000000149,0,0.0
2014-07-04 04:19:00,30.332,0.0481893231666,0.0,0,0.0
2014-07-04 04:24:00,31.236,0.0481893231666,0.0250000003725,0,0.0
2014-07-04 04:29:00,30.378,0.0481893231666,0.0,0,0.0
2014-07-04 04:34:00,29.817,0.0481893231666,0.0,0,0.0
2014-07-04 04:39:00,30.287,0.0517775288073,0.0,0,0.0
2014-07-04 04:44:00,31.551,0.0517775288073,0.0,0,0.0
2014-07-04 04:49:00,30.332,0.0517775288073,0.0,0,0.0
2014-07-04 04:54:00,30.455,0.0517775288073,0.0,0,0.0
2014-07-04 04:59:00,33.168,0.0517775288073,0.0,0,0.0
2014-07-04 05:04:00,44.214,0.0678765817018,0.0,0,0.0
2014-07-04 05:09:00,100.0,0.0678765817018,0.0,0,0.0
2014-07-04 05:14:00,65.954,0.0481893226446,0.15000000596,0,0.0
2014-07-04 05:19:00,30.502,0.0481893226446,0.0,0,0.0
2014-07-04 05:24:00,29.881,0.0481893226446,0.0,0,0.0
2014-07-04 05:29:00,33.403,0.0481893226446,0.0,0,0.0
2014-07-04 05:34:00,29.041,0.0481893226446,0.0,0,0.0
2014-07-04 05:39:00,30.738,0.0481893226446,0.0,0,0.0
2014-07-04 05:44:00,31.713,0.0481893226446,0.0,0,0.0
2014-07-04 05:49:00,30.383,0.0481893226446,0.0,0,0.0
2014-07-04 05:54:00,30.167,0.0481893226446,0.0,0,0.0
2014-07-04 05:59:00,33.188,0.0481893226446,0.0,0,0.0
2014-07-04 06:04:00,44.954,0.0723505350008,0.0,0,0.0
2014-07-04 06:09:00,100.0,0.0723505350008,0.0,0,0.0
2014-07-04 06:14:00,65.62,0.055537709083,0.10000000149,0,0.0
2014-07-04 06:19:00,31.714,0.055537709083,0.0,0,0.0
2014-07-04 06:24:00,30.583,0.055537709083,0.0,0,0.0
2014-07-04 06:29:00,32.337,0.055537709083,0.0,0,0.0
2014-07-04 06:34:00,30.479,0.055537709083,0.0,0,0.0
2014-07-04 06:39:00,30.213,0.055537709083,0.0,0,0.0
2014-07-04 06:44:00,31.166,0.0517775288073,0.0250000003725,0,0.0
2014-07-04 06:49:00,30.644,0.0517775288073,0.0,0,0.0
2014-07-04 06:54:00,30.334,0.0517775288073,0.0,0,0.0
2014-07-04 06:59:00,34.806,0.0517775288073,0.0,0,0.0
2014-07-04 07:04:00,43.217,0.10313590832,0.725000023842,0,0.0
2014-07-04 07:09:00,100.0,0.10313590832,0.0,0,0.0
2014-07-04 07:14:00,65.834,0.134149731131,0.125,0,0.0
2014-07-04 07:19:00,31.83,0.134149731131,0.0,0,0.0
2014-07-04 07:24:00,29.499,0.134149731131,0.0,0,0.0
2014-07-04 07:29:00,31.67,0.134149731131,0.0,0,0.0
2014-07-04 07:34:00,30.148,0.127546768541,0.0,0,0.0
2014-07-04 07:39:00,30.333,0.127546768541,0.0,0,0.0
2014-07-04 07:44:00,30.942,0.127546768541,0.0,0,0.0
2014-07-04 07:49:00,30.333,0.127546768541,0.0,0,0.0
2014-07-04 07:54:00,30.054,0.051777529081,0.0,0,0.0
2014-07-04 07:59:00,35.259,0.0481893234276,0.0250000003725,0,0.0
2014-07-04 08:04:00,43.045,0.0975261104958,0.699999988079,0,0.0
2014-07-04 08:09:00,100.0,0.0975261104958,0.0,0,0.0
2014-07-04 08:14:00,66.767,0.121145288348,0.10000000149,0,0.0
2014-07-04 08:19:00,28.867,0.121145288348,0.0,0,0.0
2014-07-04 08:24:00,30.287,0.127546759821,0.0250000003725,0,0.0
2014-07-04 08:29:00,32.448,0.127546759821,0.0,0,0.0
2014-07-04 08:34:00,30.64,0.127546759821,0.0,0,0.0
2014-07-04 08:39:00,29.721,0.127546759821,0.0,0,0.0
2014-07-04 08:44:00,30.864,0.127546759821,0.0,0,0.0
2014-07-04 08:49:00,30.765,0.121145288348,0.0,0,0.0
2014-07-04 08:54:00,29.689,0.0517775288073,0.0,0,0.0
2014-07-04 08:59:00,33.057,0.0517775288073,0.0,0,0.0
2014-07-04 09:04:00,45.002,0.108941324137,0.75,0,0.0
2014-07-04 09:09:00,100.0,0.108941324137,0.0,0,0.0
2014-07-04 09:14:00,66.499,0.108941324137,0.0250000003725,0,0.0
2014-07-04 09:19:00,29.545,0.108941324137,0.0,0,0.0
2014-07-04 09:24:00,30.214,0.108941324137,0.0,0,0.0
2014-07-04 09:29:00,31.497,0.108941324137,0.0,0,0.0
2014-07-04 09:34:00,29.998,0.108941324137,0.0,0,0.0
2014-07-04 09:39:00,31.317,0.114943953733,0.0250000003725,0,0.0
2014-07-04 09:44:00,31.667,0.121145291165,0.0250000003725,0,0.0
2014-07-04 09:49:00,29.651,0.121145291165,0.0,0,0.0
2014-07-04 09:54:00,31.168,0.055537709083,0.0250000003725,0,0.0
2014-07-04 09:59:00,32.232,0.055537709083,0.0,0,0.0
2014-07-04 10:04:00,44.221,0.114943959643,0.725000023842,0,0.0
2014-07-04 10:09:00,100.0,0.114943959643,0.0,0,0.0
2014-07-04 10:14:00,65.621,0.121145297268,0.0250000003725,0,0.0
2014-07-04 10:19:00,31.88,0.121145297268,0.0,0,0.0
2014-07-04 10:24:00,29.492,0.121145297268,0.0,0,0.0
2014-07-04 10:29:00,31.666,0.114943959643,0.0,0,0.0
2014-07-04 10:34:00,30.763,0.108232100253,0.0,0,0.0
2014-07-04 10:39:00,29.363,0.108232100253,0.0,0,0.0
2014-07-04 10:44:00,31.618,0.102486325984,0.0,0,0.0
2014-07-04 10:49:00,30.048,0.102486325984,0.0,0,0.0
2014-07-04 10:54:00,30.285,0.0675716053342,0.0,0,0.0
2014-07-04 10:59:00,33.211,0.0675716053342,0.0,0,0.0
2014-07-04 11:04:00,44.5,0.102486320513,0.75,0,0.0
2014-07-04 11:09:00,64.832,0.102486320513,0.0,0,0.0
2014-07-04 11:14:00,45.999,0.102486320513,0.0,0,0.0
2014-07-04 11:19:00,29.628,0.102486320513,0.0,0,0.0
2014-07-04 11:24:00,30.546,0.102486320513,0.0,0,0.0
2014-07-04 11:29:00,31.918,0.102486320513,0.0,0,0.0
2014-07-04 11:34:00,31.382,0.102486320513,0.0,0,0.0
2014-07-04 11:39:00,29.499,0.102486320513,0.0,0,0.0
2014-07-04 11:44:00,31.484,0.102486320513,0.0,0,0.0
2014-07-04 11:49:00,30.153,0.102486320513,0.0,0,0.0
2014-07-04 11:54:00,29.947,0.072003954542,0.0,0,0.0
2014-07-04 11:59:00,32.711,0.072003954542,0.0,0,0.0
2014-07-04 12:04:00,44.807,0.072003954542,0.0,0,0.0
2014-07-04 12:09:00,100.0,0.072003954542,0.0,0,0.0
2014-07-04 12:14:00,65.999,0.0592434701726,0.0750000029802,0,0.0
2014-07-04 12:19:00,30.667,0.0553429491086,0.0250000003725,0,0.0
2014-07-04 12:24:00,30.131,0.0553429491086,0.0,0,0.0
2014-07-04 12:29:00,32.62,0.0553429491086,0.0,0,0.0
2014-07-04 12:34:00,30.833,0.0553429491086,0.0,0,0.0
2014-07-04 12:39:00,29.333,0.0553429491086,0.0,0,0.0
2014-07-04 12:44:00,31.202,0.0516147744182,0.0250000003725,0,0.0
2014-07-04 12:49:00,30.731,0.0516147744182,0.0,0,0.0
2014-07-04 12:54:00,29.88,0.0516147744182,0.0,0,0.0
2014-07-04 12:59:00,33.833,0.0516147744182,0.0,0,0.0
2014-07-04 13:04:00,44.812,0.102486317987,0.699999988079,0,0.0
2014-07-04 13:09:00,100.0,0.0969335220627,0.0,0,0.0
2014-07-04 13:14:00,66.233,0.108232091982,0.0500000007451,0,0.0
2014-07-04 13:19:00,30.547,0.114172400125,0.0250000003725,0,0.0
2014-07-04 13:24:00,29.968,0.114172400125,0.0,0,0.0
2014-07-04 13:29:00,32.5,0.114172400125,0.0,0,0.0
2014-07-04 13:34:00,29.454,0.108232091982,0.0,0,0.0
2014-07-04 13:39:00,31.968,0.114172400125,0.0250000003725,0,0.0
2014-07-04 13:44:00,30.99,0.114172400125,0.0,0,0.0
2014-07-04 13:49:00,31.026,0.114172400125,0.0,0,0.0
2014-07-04 13:54:00,29.456,0.0516147746896,0.0250000003725,0,0.0
2014-07-04 13:59:00,32.865,0.0516147746896,0.0,0,0.0
2014-07-04 14:04:00,44.332,0.102486323459,0.675000011921,0,0.0
2014-07-04 14:09:00,100.0,0.0969335273481,0.0,0,0.0
2014-07-04 14:14:00,66.485,0.114172406423,0.0750000029802,0,0.0
2014-07-04 14:19:00,30.17,0.126642475255,0.0500000007451,0,0.0
2014-07-04 14:24:00,30.999,0.133174984397,0.0250000003725,0,0.0
2014-07-04 14:29:00,30.805,0.126642475255,0.0,0,0.0
2014-07-04 14:34:00,30.727,0.126642475255,0.0,0,0.0
2014-07-04 14:39:00,30.431,0.133174984397,0.0250000003725,0,0.0
2014-07-04 14:44:00,32.168,0.133174984397,0.0250000003725,0,0.0
2014-07-04 14:49:00,29.999,0.133174984397,0.0,0,0.0
2014-07-04 14:54:00,30.121,0.0383703136616,0.0250000003725,0,0.0
2014-07-04 14:59:00,33.552,0.0354613088193,0.0250000003725,0,0.0
2014-07-04 15:04:00,44.667,0.133174977479,0.699999988079,0,0.0
2014-07-04 15:09:00,65.169,0.126642468544,0.0250000003725,0,0.0
2014-07-04 15:14:00,45.229,0.120308722819,0.0,0,0.0
2014-07-04 15:19:00,31.166,0.126642468544,0.0250000003725,0,0.0
2014-07-04 15:24:00,30.331,0.126642468544,0.0,0,0.0
2014-07-04 15:29:00,31.997,0.120308722819,0.0,0,0.0
2014-07-04 15:34:00,31.499,0.120308722819,0.0250000003725,0,0.0
2014-07-04 15:39:00,29.786,0.120308722819,0.0,0,0.0
2014-07-04 15:44:00,31.047,0.120308722819,0.0250000003725,0,0.0
2014-07-04 15:49:00,30.335,0.126642468544,0.0500000007451,0,0.0
2014-07-04 15:54:00,31.539,0.0446646764038,0.0250000003725,0,0.0
2014-07-04 15:59:00,31.656,0.0446646764038,0.0250000003725,0,0.0
2014-07-04 16:04:00,44.381,0.0446646764038,0.0,0,0.0
2014-07-04 16:09:00,100.0,0.0480562809592,0.0,0,0.0
2014-07-04 16:14:00,66.0,0.0446646764038,0.0250000003725,0,0.0
2014-07-04 16:19:00,30.749,0.0446646764038,0.0,0,0.0
2014-07-04 16:24:00,30.351,0.0480562809592,0.0,0,0.0
2014-07-04 16:29:00,31.099,0.0480562809592,0.0,0,0.0
2014-07-04 16:34:00,31.69,0.0516147746896,0.0,0,0.0
2014-07-04 16:39:00,29.948,0.0592434704697,0.0,0,0.0
2014-07-04 16:44:00,31.883,0.0592434704697,0.0250000003725,0,0.0
2014-07-04 16:49:00,29.991,0.0633188808857,0.0,0,0.0
2014-07-04 16:54:00,30.626,0.0592434704697,0.0250000003725,0,0.0
2014-07-04 16:59:00,32.666,0.0592434704697,0.0,0,0.0
2014-07-04 17:04:00,45.275,0.0915720662033,0.649999976158,0,0.0
2014-07-04 17:09:00,100.0,0.0915720662033,0.0,0,0.0
2014-07-04 17:14:00,72.6,0.114172397426,0.10000000149,0,0.0
2014-07-04 17:19:00,30.227,0.114172397426,0.0,0,0.0
2014-07-04 17:24:00,31.458,0.114172397426,0.0,0,0.0
2014-07-04 17:29:00,32.166,0.114172397426,0.0,0,0.0
2014-07-04 17:34:00,30.623,0.10823208937,0.0,0,0.0
2014-07-04 17:39:00,30.047,0.10823208937,0.0,0,0.0
2014-07-04 17:44:00,31.284,0.102486315462,0.0,0,0.0
2014-07-04 17:49:00,30.164,0.102486315462,0.0,0,0.0
2014-07-04 17:54:00,31.334,0.0553429493927,0.0,0,0.0
2014-07-04 17:59:00,32.787,0.0553429493927,0.0,0,0.0
2014-07-04 18:04:00,43.821,0.0766181295909,0.625,0,0.0
2014-07-04 18:09:00,100.0,0.0766181295909,0.0,0,0.0
2014-07-04 18:14:00,65.336,0.0814162266258,0.0250000003725,0,0.0
2014-07-04 18:19:00,32.104,0.0864002408723,0.0250000003725,0,0.0
2014-07-04 18:24:00,30.705,0.0864002408723,0.0,0,0.0
2014-07-04 18:29:00,31.453,0.0864002408723,0.0,0,0.0
2014-07-04 18:34:00,30.335,0.0864002408723,0.0,0,0.0
2014-07-04 18:39:00,30.66,0.0864002408723,0.0,0,0.0
2014-07-04 18:44:00,31.498,0.0864002408723,0.0,0,0.0
2014-07-04 18:49:00,32.054,0.0864002408723,0.0,0,0.0
2014-07-04 18:54:00,29.084,0.0631301570264,0.0,0,0.0
2014-07-04 18:59:00,33.828,0.0631301570264,0.0,0,0.0
2014-07-04 19:04:00,44.797,0.0673551242104,0.0,0,0.0
2014-07-04 19:09:00,100.0,0.071757978347,0.0,0,0.0
2014-07-04 19:14:00,65.833,0.0673551242104,0.0250000003725,0,0.0
2014-07-04 19:19:00,31.115,0.0673551242104,0.0,0,0.0
2014-07-04 19:24:00,30.169,0.0673551242104,0.0,0,0.0
2014-07-04 19:29:00,31.797,0.0673551242104,0.0,0,0.0
2014-07-04 19:34:00,30.168,0.0673551242104,0.0,0,0.0
2014-07-04 19:39:00,30.424,0.0673551242104,0.0,0,0.0
2014-07-04 19:44:00,31.724,0.0631301570264,0.0250000003725,0,0.0
2014-07-04 19:49:00,30.337,0.0631301570264,0.0,0,0.0
2014-07-04 19:54:00,30.66,0.0631301570264,0.0,0,0.0
2014-07-04 19:59:00,34.324,0.0590807921241,0.0250000003725,0,0.0
2014-07-04 20:04:00,43.835,0.081105956041,0.600000023842,0,0.0
2014-07-04 20:09:00,100.0,0.081105956041,0.0,0,0.0
2014-07-04 20:14:00,66.6,0.0860551227244,0.0250000003725,0,0.0
2014-07-04 20:19:00,30.17,0.0860551227244,0.0,0,0.0
2014-07-04 20:24:00,30.542,0.0860551227244,0.0,0,0.0
2014-07-04 20:29:00,31.334,0.0860551227244,0.0,0,0.0
2014-07-04 20:34:00,31.17,0.081105956041,0.0,0,0.0
2014-07-04 20:39:00,30.157,0.081105956041,0.0,0,0.0
2014-07-04 20:44:00,31.831,0.081105956041,0.0,0,0.0
2014-07-04 20:49:00,31.167,0.0763409007477,0.0,0,0.0
2014-07-04 20:54:00,30.132,0.0673551242104,0.0,0,0.0
2014-07-04 20:59:00,32.338,0.0673551242104,0.0,0,0.0
2014-07-04 21:04:00,44.478,0.071757978347,0.0,0,0.0
2014-07-04 21:09:00,100.0,0.071757978347,0.0,0,0.0
2014-07-04 21:14:00,66.276,0.0673551242104,0.0250000003725,0,0.0
2014-07-04 21:19:00,30.101,0.0673551242104,0.0,0,0.0
2014-07-04 21:24:00,30.788,0.0673551242104,0.0,0,0.0
2014-07-04 21:29:00,31.887,0.0673551242104,0.0,0,0.0
2014-07-04 21:34:00,30.447,0.0673551242104,0.0,0,0.0
2014-07-04 21:39:00,31.324,0.0673551242104,0.0,0,0.0
2014-07-04 21:44:00,32.257,0.0673551242104,0.0,0,0.0
2014-07-04 21:49:00,29.538,0.0673551242104,0.0,0,0.0
2014-07-04 21:54:00,30.0,0.0673551242104,0.0,0,0.0
2014-07-04 21:59:00,32.956,0.0673551242104,0.0,0,0.0
2014-07-04 22:04:00,45.216,0.0717579826314,0.600000023842,0,0.0
2014-07-04 22:09:00,100.0,0.0717579826314,0.0,0,0.0
2014-07-04 22:14:00,73.104,0.0911902801553,0.10000000149,0,0.0
2014-07-04 22:19:00,30.538,0.107729156555,0.0750000029802,0,0.0
2014-07-04 22:24:00,30.999,0.107729156555,0.0,0,0.0
2014-07-04 22:29:00,31.785,0.107729156555,0.0,0,0.0
2014-07-04 22:34:00,30.716,0.107729156555,0.0,0,0.0
2014-07-04 22:39:00,30.332,0.107729156555,0.0,0,0.0
2014-07-04 22:44:00,30.997,0.107729156555,0.0,0,0.0
2014-07-04 22:49:00,30.665,0.107729156555,0.0,0,0.0
2014-07-04 22:54:00,30.165,0.0445896507004,0.0,0,0.0
2014-07-04 22:59:00,33.815,0.0445896507004,0.0,0,0.0
2014-07-04 23:04:00,44.676,0.0860551231,0.600000023842,0,0.0
2014-07-04 23:09:00,100.0,0.0717579826314,0.0,0,0.0
2014-07-04 23:14:00,65.493,0.0717579826314,0.0,0,0.0
2014-07-04 23:19:00,31.869,0.0763409007477,0.0250000003725,0,0.0
2014-07-04 23:24:00,29.345,0.0763409007477,0.0,0,0.0
2014-07-04 23:29:00,31.645,0.0763409007477,0.0,0,0.0
2014-07-04 23:34:00,30.358,0.0763409007477,0.0,0,0.0
2014-07-04 23:39:00,32.071,0.0763409007477,0.0,0,0.0
2014-07-04 23:44:00,31.665,0.0763409007477,0.0,0,0.0
2014-07-04 23:49:00,29.287,0.0763409007477,0.0,0,0.0
2014-07-04 23:54:00,31.648,0.0673551242104,0.0,0,0.0
2014-07-04 23:59:00,32.169,0.0673551242104,0.0,0,0.0
2014-07-05 00:04:00,46.0,0.0631301570264,0.0250000003725,0,0.0
2014-07-05 00:09:00,100.0,0.0673551242104,0.0,0,0.0
2014-07-05 00:14:00,71.833,0.0552046324436,0.0750000029802,0,0.0
2014-07-05 00:19:00,31.167,0.0514991654747,0.0250000003725,0,0.0
2014-07-05 00:24:00,30.335,0.0514991654747,0.0,0,0.0
2014-07-05 00:29:00,31.572,0.0514991654747,0.0,0,0.0
2014-07-05 00:34:00,30.213,0.0514991654747,0.0,0,0.0
2014-07-05 00:39:00,30.446,0.0479617574604,0.0250000003725,0,0.0
2014-07-05 00:44:00,31.5,0.0445896507004,0.0250000003725,0,0.0
2014-07-05 00:49:00,32.146,0.0445896507004,0.0,0,0.0
2014-07-05 00:54:00,28.861,0.0445896507004,0.0250000003725,0,0.0
2014-07-05 00:59:00,33.462,0.0445896507004,0.0,0,0.0
2014-07-05 01:04:00,44.784,0.0911902801553,0.600000023842,0,0.0
2014-07-05 01:09:00,100.0,0.0860551227244,0.0,0,0.0
2014-07-05 01:14:00,72.833,0.0911902801553,0.0250000003725,0,0.0
2014-07-05 01:19:00,31.169,0.0965132170757,0.0250000003725,0,0.0
2014-07-05 01:24:00,29.167,0.10202563577,0.0250000003725,0,0.0
2014-07-05 01:29:00,32.0,0.0965132170757,0.0,0,0.0
2014-07-05 01:34:00,30.22,0.0911902801553,0.0,0,0.0
2014-07-05 01:39:00,30.745,0.0965132170757,0.0250000003725,0,0.0
2014-07-05 01:44:00,31.442,0.0965132170757,0.0250000003725,0,0.0
2014-07-05 01:49:00,30.033,0.0965132170757,0.0,0,0.0
2014-07-05 01:54:00,30.289,0.0479617577178,0.0250000003725,0,0.0
2014-07-05 01:59:00,33.383,0.0479617577178,0.0,0,0.0
2014-07-05 02:04:00,44.598,0.107729144889,0.649999976158,0,0.0
2014-07-05 02:09:00,66.982,0.102025624907,0.0,0,0.0
2014-07-05 02:14:00,54.08,0.126001359083,0.125,0,0.0
2014-07-05 02:19:00,30.318,0.126001359083,0.0,0,0.0
2014-07-05 02:24:00,29.875,0.126001359083,0.0,0,0.0
2014-07-05 02:29:00,32.89,0.119715580438,0.0,0,0.0
2014-07-05 02:34:00,29.666,0.113625307509,0.0,0,0.0
2014-07-05 02:39:00,30.834,0.113625307509,0.0,0,0.0
2014-07-05 02:44:00,31.615,0.107729144457,0.0,0,0.0
2014-07-05 02:49:00,29.879,0.107729144457,0.0,0,0.0
2014-07-05 02:54:00,29.796,0.0514991660143,0.0,0,0.0
2014-07-05 02:59:00,33.162,0.0514991660143,0.0,0,0.0
2014-07-05 03:04:00,45.781,0.071757978347,0.0,0,0.0
2014-07-05 03:09:00,100.0,0.071757978347,0.0,0,0.0
2014-07-05 03:14:00,72.0,0.0549891329858,0.10000000149,0,0.0
2014-07-05 03:19:00,31.611,0.0478144259844,0.0500000007451,0,0.0
2014-07-05 03:24:00,30.166,0.0478144259844,0.0,0,0.0
2014-07-05 03:29:00,37.754,0.0513190066942,0.324999988079,0,0.0
2014-07-05 03:34:00,32.713,0.144806132468,0.449999988079,0,0.0
2014-07-05 03:39:00,29.511,0.144806132468,0.0,0,0.0
2014-07-05 03:44:00,31.716,0.144806132468,0.0,0,0.0
2014-07-05 03:49:00,31.12,0.144806132468,0.0,0,0.0
2014-07-05 03:54:00,30.854,0.144806132468,0.0,0,0.0
2014-07-05 03:59:00,32.999,0.144806132468,0.0,0,0.0
2014-07-05 04:04:00,44.832,0.118793094503,0.0,0,0.0
2014-07-05 04:09:00,66.79,0.106946786734,0.0,0,0.0
2014-07-05 04:14:00,52.501,0.106946786734,0.0,0,0.0
2014-07-05 04:19:00,29.998,0.0478144246583,0.0,0,0.0
2014-07-05 04:24:00,30.381,0.0713750132211,0.0,0,0.0
2014-07-05 04:29:00,31.8,0.0713750132211,0.0,0,0.0
2014-07-05 04:34:00,29.687,0.0713750132211,0.0,0,0.0
2014-07-05 04:39:00,31.666,0.0713750132211,0.0,0,0.0
2014-07-05 04:44:00,30.952,0.0713750132211,0.0,0,0.0
2014-07-05 04:49:00,28.986,0.0713750132211,0.0,0,0.0
2014-07-05 04:54:00,30.047,0.0713750132211,0.0,0,0.0
2014-07-05 04:59:00,33.5,0.0713750132211,0.0,0,0.0
2014-07-05 05:04:00,44.451,0.0713750132211,0.0,0,0.0
2014-07-05 05:09:00,100.0,0.0713750132211,0.0,0,0.0
2014-07-05 05:14:00,71.714,0.030103000858,0.300000011921,0,0.0
2014-07-05 05:19:00,30.549,0.0353955508692,0.0500000007451,0,0.0
2014-07-05 05:24:00,30.229,0.0382662679139,0.0250000003725,0,0.0
2014-07-05 05:29:00,31.544,0.0382662679139,0.0,0,0.0
2014-07-05 05:34:00,30.664,0.0382662679139,0.0,0,0.0
2014-07-05 05:39:00,30.67,0.0412909501768,0.0250000003725,0,0.0
2014-07-05 05:44:00,30.587,0.0444726846742,0.0250000003725,0,0.0
2014-07-05 05:49:00,31.032,0.0444726846742,0.0,0,0.0
2014-07-05 05:54:00,30.95,0.0444726846742,0.0,0,0.0
2014-07-05 05:59:00,32.716,0.0444726846742,0.0,0,0.0
2014-07-05 06:04:00,45.755,0.125004370485,0.725000023842,0,0.0
2014-07-05 06:09:00,66.501,0.112774374185,0.0,0,0.0
2014-07-05 06:14:00,53.152,0.106946797838,0.0,0,0.0
2014-07-05 06:19:00,30.053,0.106946797838,0.0,0,0.0
2014-07-05 06:24:00,29.749,0.106946797838,0.0,0,0.0
2014-07-05 06:29:00,31.333,0.101308931694,0.0,0,0.0
2014-07-05 06:34:00,30.498,0.0958592571099,0.0,0,0.0
2014-07-05 06:39:00,30.921,0.0958592571099,0.0,0,0.0
2014-07-05 06:44:00,31.603,0.0958592571099,0.0,0,0.0
2014-07-05 06:49:00,30.331,0.101308931694,0.0250000003725,0,0.0
2014-07-05 06:54:00,30.4,0.0670180267287,0.0,0,0.0
2014-07-05 06:59:00,33.171,0.0670180267287,0.0,0,0.0
2014-07-05 07:04:00,44.205,0.0588273855244,0.0500000007451,0,0.0
2014-07-05 07:09:00,100.0,0.0549891329858,0.0250000003725,0,0.0
2014-07-05 07:14:00,72.0,0.0549891329858,0.0,0,0.0
2014-07-05 07:19:00,30.5,0.0513190078166,0.0250000003725,0,0.0
2014-07-05 07:24:00,30.384,0.0513190078166,0.0,0,0.0
2014-07-05 07:29:00,31.611,0.0513190078166,0.0,0,0.0
2014-07-05 07:34:00,30.379,0.0513190078166,0.0,0,0.0
2014-07-05 07:39:00,30.668,0.0549891329858,0.0,0,0.0
2014-07-05 07:44:00,31.5,0.0513190078166,0.0250000003725,0,0.0
2014-07-05 07:49:00,30.926,0.0513190078166,0.0,0,0.0
2014-07-05 07:54:00,30.213,0.0588273855244,0.0,0,0.0
2014-07-05 07:59:00,34.239,0.0628362322603,0.0,0,0.0
2014-07-05 08:04:00,44.335,0.112774368448,0.75,0,0.0
2014-07-05 08:09:00,100.0,0.106946792286,0.0,0,0.0
2014-07-05 08:14:00,72.833,0.106946792286,0.0,0,0.0
2014-07-05 08:19:00,31.644,0.112774368448,0.0250000003725,0,0.0
2014-07-05 08:24:00,29.211,0.112774368448,0.0,0,0.0
2014-07-05 08:29:00,31.666,0.112774368448,0.0,0,0.0
2014-07-05 08:34:00,29.785,0.106946792286,0.0,0,0.0
2014-07-05 08:39:00,30.507,0.106946792286,0.0,0,0.0
2014-07-05 08:44:00,31.334,0.112774368448,0.0250000003725,0,0.0
2014-07-05 08:49:00,30.498,0.112774368448,0.0,0,0.0
2014-07-05 08:54:00,30.927,0.0628362322603,0.0,0,0.0
2014-07-05 08:59:00,32.359,0.0628362322603,0.0,0,0.0
2014-07-05 09:04:00,44.001,0.106946797838,0.725000023842,0,0.0
2014-07-05 09:09:00,100.0,0.101308931694,0.0,0,0.0
2014-07-05 09:14:00,71.827,0.101308931694,0.0,0,0.0
2014-07-05 09:19:00,31.002,0.112774374185,0.0500000007451,0,0.0
2014-07-05 09:24:00,30.0,0.112774374185,0.0,0,0.0
2014-07-05 09:29:00,31.219,0.112774374185,0.0,0,0.0
2014-07-05 09:34:00,30.105,0.106946797838,0.0,0,0.0
2014-07-05 09:39:00,30.337,0.106946797838,0.0,0,0.0
2014-07-05 09:44:00,30.991,0.106946797838,0.0,0,0.0
2014-07-05 09:49:00,30.502,0.106946797838,0.0,0,0.0
2014-07-05 09:54:00,30.666,0.0628362322603,0.0,0,0.0
2014-07-05 09:59:00,33.264,0.0628362322603,0.0,0,0.0
2014-07-05 10:04:00,45.887,0.106946797838,0.725000023842,0,0.0
2014-07-05 10:09:00,100.0,0.0958592571099,0.0,0,0.0
2014-07-05 10:14:00,71.833,0.101308931694,0.0250000003725,0,0.0
2014-07-05 10:19:00,30.219,0.112774374185,0.0500000007451,0,0.0
2014-07-05 10:24:00,29.968,0.112774374185,0.0,0,0.0
2014-07-05 10:29:00,32.017,0.112774374185,0.0,0,0.0
2014-07-05 10:34:00,30.262,0.112774374185,0.0,0,0.0
2014-07-05 10:39:00,30.665,0.112774374185,0.0,0,0.0
2014-07-05 10:44:00,32.131,0.112774374185,0.0,0,0.0
2014-07-05 10:49:00,29.774,0.112774374185,0.0,0,0.0
2014-07-05 10:54:00,30.167,0.0588273855244,0.0,0,0.0
2014-07-05 10:59:00,34.214,0.0588273855244,0.0,0,0.0
2014-07-05 11:04:00,43.157,0.0588273855244,0.0250000003725,0,0.0
2014-07-05 11:09:00,100.0,0.0670180267287,0.0,0,0.0
2014-07-05 11:14:00,66.0,0.0670180267287,0.0,0,0.0
2014-07-05 11:19:00,30.383,0.0670180267287,0.0,0,0.0
2014-07-05 11:24:00,30.45,0.0670180267287,0.0,0,0.0
2014-07-05 11:29:00,31.55,0.0670180267287,0.0,0,0.0
2014-07-05 11:34:00,30.5,0.0666781371587,0.0,0,0.0
2014-07-05 11:39:00,30.664,0.0666781371587,0.0,0,0.0
2014-07-05 11:44:00,31.166,0.0666781371587,0.0,0,0.0
2014-07-05 11:49:00,30.301,0.0666781371587,0.0,0,0.0
2014-07-05 11:54:00,30.499,0.070988952035,0.0,0,0.0
2014-07-05 11:59:00,32.62,0.070988952035,0.0,0,0.0
2014-07-05 12:04:00,46.17,0.095200550007,0.725000023842,0,0.0
2014-07-05 12:09:00,100.0,0.095200550007,0.0,0,0.0
2014-07-05 12:14:00,72.5,0.100587122914,0.0250000003725,0,0.0
2014-07-05 12:19:00,30.501,0.111917580483,0.0500000007451,0,0.0
2014-07-05 12:24:00,31.333,0.111917580483,0.0,0,0.0
2014-07-05 12:29:00,30.999,0.111917580483,0.0,0,0.0
2014-07-05 12:34:00,31.274,0.111917580483,0.0,0,0.0
2014-07-05 12:39:00,30.047,0.111917580483,0.0,0,0.0
2014-07-05 12:44:00,31.666,0.111917580483,0.0,0,0.0
2014-07-05 12:49:00,29.409,0.111917580483,0.0,0,0.0
2014-07-05 12:54:00,30.353,0.0585717693792,0.0,0,0.0
2014-07-05 12:59:00,33.998,0.0585717693792,0.0,0,0.0
2014-07-05 13:04:00,44.288,0.0585717693792,0.0250000003725,0,0.0
2014-07-05 13:09:00,100.0,0.0666781371587,0.0,0,0.0
2014-07-05 13:14:00,72.5,0.0666781371587,0.0,0,0.0
2014-07-05 13:19:00,32.008,0.0585717693792,0.0500000007451,0,0.0
2014-07-05 13:24:00,30.845,0.0585717693792,0.0,0,0.0
2014-07-05 13:29:00,30.554,0.0585717693792,0.0,0,0.0
2014-07-05 13:34:00,30.825,0.0585717693792,0.0,0,0.0
2014-07-05 13:39:00,30.762,0.0585717693792,0.0,0,0.0
2014-07-05 13:44:00,31.384,0.0585717693792,0.0,0,0.0
2014-07-05 13:49:00,30.469,0.0585717693792,0.0,0,0.0
2014-07-05 13:54:00,29.999,0.0625398108802,0.0,0,0.0
2014-07-05 13:59:00,34.132,0.0625398108802,0.0,0,0.0
2014-07-05 14:04:00,44.98,0.0625398108802,0.0,0,0.0
2014-07-05 14:09:00,100.0,0.070988952035,0.0,0,0.0
2014-07-05 14:14:00,72.001,0.070988952035,0.0,0,0.0
2014-07-05 14:19:00,31.216,0.0666781371587,0.0250000003725,0,0.0
2014-07-05 14:24:00,29.618,0.0666781371587,0.0,0,0.0
2014-07-05 14:29:00,31.552,0.0666781371587,0.0,0,0.0
2014-07-05 14:34:00,29.643,0.0666781371587,0.0,0,0.0
2014-07-05 14:39:00,30.597,0.0666781371587,0.0,0,0.0
2014-07-05 14:44:00,31.173,0.0666781371587,0.0,0,0.0
2014-07-05 14:49:00,31.999,0.0666781371587,0.0,0,0.0
2014-07-05 14:54:00,29.167,0.0666781371587,0.0,0,0.0
2014-07-05 14:59:00,33.881,0.0666781371587,0.0,0,0.0
2014-07-05 15:04:00,44.454,0.0666781371587,0.0,0,0.0
2014-07-05 15:09:00,100.0,0.070988952035,0.0,0,0.0
2014-07-05 15:14:00,72.911,0.0666781371587,0.0250000003725,0,0.0
2014-07-05 15:19:00,30.128,0.0666781371587,0.0,0,0.0
2014-07-05 15:24:00,29.995,0.0666781371587,0.0,0,0.0
2014-07-05 15:29:00,32.666,0.0666781371587,0.0,0,0.0
2014-07-05 15:34:00,29.492,0.0666781371587,0.0,0,0.0
2014-07-05 15:39:00,30.821,0.0666781371587,0.0,0,0.0
2014-07-05 15:44:00,31.787,0.0666781371587,0.0,0,0.0
2014-07-05 15:49:00,32.315,0.0666781371587,0.0,0,0.0
2014-07-05 15:54:00,29.317,0.0666781371587,0.0,0,0.0
2014-07-05 15:59:00,32.217,0.0666781371587,0.0,0,0.0
2014-07-05 16:04:00,45.322,0.070988952035,0.0,0,0.0
2014-07-05 16:09:00,100.0,0.070988952035,0.0,0,0.0
2014-07-05 16:14:00,72.047,0.0666781371587,0.0250000003725,0,0.0
2014-07-05 16:19:00,30.165,0.0585717693792,0.0500000007451,0,0.0
2014-07-05 16:24:00,30.954,0.0585717693792,0.0,0,0.0
2014-07-05 16:29:00,31.329,0.0585717693792,0.0,0,0.0
2014-07-05 16:34:00,31.618,0.0585717693792,0.0,0,0.0
2014-07-05 16:39:00,30.884,0.0585717693792,0.0,0,0.0
2014-07-05 16:44:00,30.599,0.0585717693792,0.0,0,0.0
2014-07-05 16:49:00,30.834,0.0585717693792,0.0,0,0.0
2014-07-05 16:54:00,30.001,0.0585717693792,0.0,0,0.0
2014-07-05 16:59:00,32.883,0.0585717693792,0.0,0,0.0
2014-07-05 17:04:00,45.499,0.0899976688875,0.649999976158,0,0.0
2014-07-05 17:09:00,100.0,0.0801363501339,0.0,0,0.0
2014-07-05 17:14:00,72.0,0.0801363501339,0.0,0,0.0
2014-07-05 17:19:00,31.766,0.0849768495224,0.0250000003725,0,0.0
2014-07-05 17:24:00,30.665,0.0849768495224,0.0,0,0.0
2014-07-05 17:29:00,31.575,0.0849768495224,0.0,0,0.0
2014-07-05 17:34:00,31.499,0.0849768495224,0.0,0,0.0
2014-07-05 17:39:00,29.168,0.0849768495224,0.0,0,0.0
2014-07-05 17:44:00,32.0,0.0849768495224,0.0,0,0.0
2014-07-05 17:49:00,29.501,0.0849768495224,0.0,0,0.0
2014-07-05 17:54:00,29.998,0.0666781371587,0.0,0,0.0
2014-07-05 17:59:00,34.807,0.0666781371587,0.0,0,0.0
2014-07-05 18:04:00,44.007,0.0666781371587,0.0,0,0.0
2014-07-05 18:09:00,100.0,0.070988952035,0.0,0,0.0
2014-07-05 18:14:00,71.666,0.070988952035,0.0,0,0.0
2014-07-05 18:19:00,30.265,0.070988952035,0.0,0,0.0
2014-07-05 18:24:00,30.928,0.070988952035,0.0,0,0.0
2014-07-05 18:29:00,31.327,0.070988952035,0.0,0,0.0
2014-07-05 18:34:00,29.988,0.070988952035,0.0,0,0.0
2014-07-05 18:39:00,31.298,0.070988952035,0.0,0,0.0
2014-07-05 18:44:00,29.659,0.070988952035,0.0,0,0.0
2014-07-05 18:49:00,31.383,0.0666781371587,0.0250000003725,0,0.0
2014-07-05 18:54:00,28.847,0.0666781371587,0.0,0,0.0
2014-07-05 18:59:00,34.126,0.0666781371587,0.0,0,0.0
2014-07-05 19:04:00,44.541,0.0801363547355,0.625,0,0.0
2014-07-05 19:09:00,65.0,0.0849768542978,0.0250000003725,0,0.0
2014-07-05 19:14:00,51.977,0.0952005452734,0.0500000007451,0,0.0
2014-07-05 19:19:00,30.286,0.0952005452734,0.0,0,0.0
2014-07-05 19:24:00,30.718,0.0952005452734,0.0,0,0.0
2014-07-05 19:29:00,32.252,0.0952005452734,0.0,0,0.0
2014-07-05 19:34:00,29.719,0.0952005452734,0.0,0,0.0
2014-07-05 19:39:00,31.159,0.0899976738384,0.0,0,0.0
2014-07-05 19:44:00,30.999,0.0899976738384,0.0,0,0.0
2014-07-05 19:49:00,31.166,0.0899976738384,0.0,0,0.0
2014-07-05 19:54:00,29.852,0.058428383356,0.0,0,0.0
2014-07-05 19:59:00,33.334,0.0623735647496,0.0,0,0.0
2014-07-05 20:04:00,43.953,0.0707725013679,0.0,0,0.0
2014-07-05 20:09:00,100.0,0.0623735647496,0.0500000007451,0,0.0
2014-07-05 20:14:00,71.882,0.0623735647496,0.0,0,0.0
2014-07-05 20:19:00,31.165,0.0623735647496,0.0,0,0.0
2014-07-05 20:24:00,30.448,0.0623735647496,0.0,0,0.0
2014-07-05 20:29:00,33.713,0.058428383356,0.0250000003725,0,0.0
2014-07-05 20:34:00,29.964,0.058428383356,0.0,0,0.0
2014-07-05 20:39:00,30.211,0.058428383356,0.0,0,0.0
2014-07-05 20:44:00,31.674,0.058428383356,0.0,0,0.0
2014-07-05 20:49:00,30.998,0.058428383356,0.0,0,0.0
2014-07-05 20:54:00,29.334,0.058428383356,0.0,0,0.0
2014-07-05 20:59:00,33.332,0.0664875436758,0.0,0,0.0
2014-07-05 21:04:00,44.34,0.0664875436758,0.0,0,0.0
2014-07-05 21:09:00,64.954,0.0623735647496,0.0250000003725,0,0.0
2014-07-05 21:14:00,53.551,0.0475822169653,0.10000000149,0,0.0
2014-07-05 21:19:00,29.332,0.0510351603117,0.0,0,0.0
2014-07-05 21:24:00,31.001,0.0510351603117,0.0,0,0.0
2014-07-05 21:29:00,31.985,0.0510351603117,0.0,0,0.0
2014-07-05 21:34:00,30.618,0.0510351603117,0.0,0,0.0
2014-07-05 21:39:00,29.682,0.0510351603117,0.0,0,0.0
2014-07-05 21:44:00,31.501,0.0510351603117,0.0,0,0.0
2014-07-05 21:49:00,31.12,0.0510351603117,0.0,0,0.0
2014-07-05 21:54:00,29.156,0.0510351603117,0.0,0,0.0
2014-07-05 21:59:00,32.94,0.0546497134401,0.0,0,0.0
2014-07-05 22:04:00,45.434,0.0664875436758,0.0250000003725,0,0.0
2014-07-05 22:09:00,100.0,0.0510351603117,0.10000000149,0,0.0
2014-07-05 22:14:00,72.666,0.0510351603117,0.0,0,0.0
2014-07-05 22:19:00,31.083,0.0442882605876,0.0500000007451,0,0.0
2014-07-05 22:24:00,29.598,0.0442882605876,0.0,0,0.0
2014-07-05 22:29:00,32.38,0.0442882605876,0.0,0,0.0
2014-07-05 22:34:00,29.998,0.0442882605876,0.0,0,0.0
2014-07-05 22:39:00,30.069,0.0442882605876,0.0,0,0.0
2014-07-05 22:44:00,32.05,0.0442882605876,0.0,0,0.0
2014-07-05 22:49:00,30.287,0.0442882605876,0.0,0,0.0
2014-07-05 22:54:00,30.214,0.0475822169653,0.0,0,0.0
2014-07-05 22:59:00,33.98,0.0623735647496,0.0,0,0.0
2014-07-05 23:04:00,45.301,0.0623735647496,0.0,0,0.0
2014-07-05 23:09:00,100.0,0.0707725013679,0.0,0,0.0
2014-07-05 23:14:00,73.107,0.0623735647496,0.0500000007451,0,0.0
2014-07-05 23:19:00,29.709,0.0510351600484,0.0750000029802,0,0.0
2014-07-05 23:24:00,29.712,0.0510351600484,0.0,0,0.0
2014-07-05 23:29:00,32.387,0.0510351600484,0.0,0,0.0
2014-07-05 23:34:00,30.348,0.0510351600484,0.0,0,0.0
2014-07-05 23:39:00,30.502,0.047582216714,0.0250000003725,0,0.0
2014-07-05 23:44:00,32.705,0.044288260348,0.0250000003725,0,0.0
2014-07-05 23:49:00,30.117,0.044288260348,0.0,0,0.0
2014-07-05 23:54:00,30.821,0.0411505490865,0.0250000003725,0,0.0
2014-07-05 23:59:00,32.9,0.0411505490865,0.0,0,0.0
2014-07-06 00:04:00,45.002,0.105717632721,0.625,0,0.0
2014-07-06 00:09:00,67.765,0.0896622949199,0.0,0,0.0
2014-07-06 00:14:00,51.523,0.0948314706082,0.0250000003725,0,0.0
2014-07-06 00:19:00,31.972,0.0948314706082,0.0,0,0.0
2014-07-06 00:24:00,29.167,0.0948314706082,0.0,0,0.0
2014-07-06 00:29:00,30.859,0.0896622949199,0.0,0,0.0
2014-07-06 00:34:00,30.889,0.0846735691258,0.0,0,0.0
2014-07-06 00:39:00,30.167,0.0846735691258,0.0,0,0.0
2014-07-06 00:44:00,32.167,0.0798635772427,0.0,0,0.0
2014-07-06 00:49:00,30.165,0.0846735691258,0.0250000003725,0,0.0
2014-07-06 00:54:00,29.951,0.0623735647496,0.0,0,0.0
2014-07-06 00:59:00,33.603,0.0623735647496,0.0,0,0.0
2014-07-06 01:04:00,44.868,0.0664875436758,0.0,0,0.0
2014-07-06 01:09:00,100.0,0.0411505499986,0.17499999702,0,0.0
2014-07-06 01:14:00,72.465,0.0411505499986,0.0,0,0.0
2014-07-06 01:19:00,29.262,0.0381662199577,0.0250000003725,0,0.0
2014-07-06 01:24:00,31.518,0.0381662199577,0.0,0,0.0
2014-07-06 01:29:00,31.03,0.0381662199577,0.0,0,0.0
2014-07-06 01:34:00,31.258,0.0381662199577,0.0,0,0.0
2014-07-06 01:39:00,29.789,0.0411505499986,0.0,0,0.0
2014-07-06 01:44:00,31.117,0.0411505499986,0.0,0,0.0
2014-07-06 01:49:00,30.041,0.0411505499986,0.0,0,0.0
2014-07-06 01:54:00,30.666,0.0411505499986,0.0,0,0.0
2014-07-06 01:59:00,34.166,0.0664875436758,0.0,0,0.0
2014-07-06 02:04:00,44.171,0.0664875436758,0.0,0,0.0
2014-07-06 02:09:00,65.115,0.0707725013679,0.0,0,0.0
2014-07-06 02:14:00,51.551,0.0584283830683,0.0750000029802,0,0.0
2014-07-06 02:19:00,32.351,0.0546497131647,0.0250000003725,0,0.0
2014-07-06 02:24:00,30.911,0.0546497131647,0.0,0,0.0
2014-07-06 02:29:00,30.738,0.0546497131647,0.0,0,0.0
2014-07-06 02:34:00,30.511,0.0546497131647,0.0,0,0.0
2014-07-06 02:39:00,30.498,0.0546497131647,0.0,0,0.0
2014-07-06 02:44:00,31.659,0.0546497131647,0.0,0,0.0
2014-07-06 02:49:00,31.771,0.0546497131647,0.0,0,0.0
2014-07-06 02:54:00,30.076,0.0510351600484,0.0250000003725,0,0.0
2014-07-06 02:59:00,32.417,0.0510351600484,0.0,0,0.0
2014-07-06 03:04:00,44.832,0.0623735647496,0.0,0,0.0
2014-07-06 03:09:00,100.0,0.0664875436758,0.0,0,0.0
2014-07-06 03:14:00,71.668,0.0664875436758,0.0,0,0.0
2014-07-06 03:19:00,31.05,0.0664875436758,0.0,0,0.0
2014-07-06 03:24:00,33.424,0.0664875436758,0.0,0,0.0
2014-07-06 03:29:00,32.279,0.0664875436758,0.0,0,0.0
2014-07-06 03:34:00,31.092,0.0664875436758,0.0,0,0.0
2014-07-06 03:39:00,30.0,0.0664875436758,0.0,0,0.0
2014-07-06 03:44:00,31.053,0.0707725013679,0.0,0,0.0
2014-07-06 03:49:00,31.334,0.0707725013679,0.0,0,0.0
2014-07-06 03:54:00,30.158,0.0707725013679,0.0,0,0.0
2014-07-06 03:59:00,32.879,0.0707725013679,0.0,0,0.0
2014-07-06 04:04:00,44.333,0.0707725013679,0.0,0,0.0
2014-07-06 04:09:00,100.0,0.0707725013679,0.0,0,0.0
2014-07-06 04:14:00,72.833,0.0623256754214,0.0500000007451,0,0.0
2014-07-06 04:19:00,30.345,0.0546145670011,0.0500000007451,0,0.0
2014-07-06 04:24:00,31.473,0.0510057617779,0.0250000003725,0,0.0
2014-07-06 04:29:00,29.453,0.0510057617779,0.0,0,0.0
2014-07-06 04:34:00,32.133,0.0510057617779,0.0,0,0.0
2014-07-06 04:39:00,29.338,0.0510057617779,0.0,0,0.0
2014-07-06 04:44:00,30.956,0.0510057617779,0.0,0,0.0
2014-07-06 04:49:00,30.425,0.0510057617779,0.0,0,0.0
2014-07-06 04:54:00,31.307,0.0510057617779,0.0,0,0.0
2014-07-06 04:59:00,32.534,0.0510057617779,0.0,0,0.0
2014-07-06 05:04:00,44.671,0.105590568006,0.699999988079,0,0.0
2014-07-06 05:09:00,100.0,0.0947251990187,0.0,0,0.0
2014-07-06 05:14:00,73.333,0.0895657204244,0.0,0,0.0
2014-07-06 05:19:00,29.999,0.0895657204244,0.0,0,0.0
2014-07-06 05:24:00,29.759,0.0895657204244,0.0,0,0.0
2014-07-06 05:29:00,31.885,0.0895657204244,0.0,0,0.0
2014-07-06 05:34:00,31.164,0.0895657204244,0.0,0,0.0
2014-07-06 05:39:00,30.165,0.0895657204244,0.0,0,0.0
2014-07-06 05:44:00,31.334,0.0895657204244,0.0,0,0.0
2014-07-06 05:49:00,30.785,0.0895657204244,0.0,0,0.0
2014-07-06 05:54:00,29.842,0.0707101592739,0.0,0,0.0
2014-07-06 05:59:00,33.381,0.0707101592739,0.0,0,0.0
2014-07-06 06:04:00,45.333,0.0707101592739,0.0,0,0.0
2014-07-06 06:09:00,100.0,0.0707101592739,0.0,0,0.0
2014-07-06 06:14:00,73.259,0.0623256754214,0.0500000007451,0,0.0
2014-07-06 06:19:00,30.202,0.0583870757919,0.0250000003725,0,0.0
2014-07-06 06:24:00,31.332,0.0546145670011,0.0250000003725,0,0.0
2014-07-06 06:29:00,31.49,0.0546145670011,0.0,0,0.0
2014-07-06 06:34:00,29.81,0.0546145670011,0.0,0,0.0
2014-07-06 06:39:00,30.659,0.0546145670011,0.0,0,0.0
2014-07-06 06:44:00,31.665,0.0510057617779,0.0250000003725,0,0.0
2014-07-06 06:49:00,30.998,0.0510057617779,0.0,0,0.0
2014-07-06 06:54:00,29.64,0.0510057617779,0.0,0,0.0
2014-07-06 06:59:00,33.047,0.0510057617779,0.0,0,0.0
2014-07-06 07:04:00,44.166,0.117194476221,0.75,0,0.0
2014-07-06 07:09:00,100.0,0.111299493074,0.0,0,0.0
2014-07-06 07:14:00,71.999,0.105590570517,0.0,0,0.0
2014-07-06 07:19:00,30.286,0.105590570517,0.0,0,0.0
2014-07-06 07:24:00,31.348,0.105590570517,0.0,0,0.0
2014-07-06 07:29:00,31.666,0.105590570517,0.0,0,0.0
2014-07-06 07:34:00,29.721,0.100066299665,0.0,0,0.0
2014-07-06 07:39:00,30.573,0.100066299665,0.0,0,0.0
2014-07-06 07:44:00,30.998,0.100066299665,0.0,0,0.0
2014-07-06 07:49:00,29.482,0.100066299665,0.0,0,0.0
2014-07-06 07:54:00,30.82,0.0707101592739,0.0,0,0.0
2014-07-06 07:59:00,33.856,0.0707101592739,0.0,0,0.0
2014-07-06 08:04:00,43.918,0.0707101592739,0.0,0,0.0
2014-07-06 08:09:00,31.157,0.0442691511152,0.17499999702,0,0.0
2014-07-06 08:14:00,31.498,0.0442691511152,0.0,0,0.0
2014-07-06 08:19:00,30.166,0.0442691511152,0.0,0,0.0
2014-07-06 08:24:00,30.974,0.0442691511152,0.0,0,0.0
2014-07-06 08:29:00,30.678,0.0442691511152,0.0,0,0.0
2014-07-06 08:34:00,29.954,0.0442691511152,0.0,0,0.0
2014-07-06 08:39:00,31.822,0.0442691511152,0.0,0,0.0
2014-07-06 08:44:00,30.704,0.0442691511152,0.0,0,0.0
2014-07-06 08:49:00,30.754,0.0442691511152,0.0,0,0.0
2014-07-06 08:54:00,30.549,0.0442691511152,0.0,0,0.0
2014-07-06 08:59:00,34.117,0.0707101592739,0.0,0,0.0
2014-07-06 09:04:00,44.825,0.0664326450014,0.0250000003725,0,0.0
2014-07-06 09:09:00,100.0,0.0664326450014,0.0,0,0.0
2014-07-06 09:14:00,73.115,0.0664326450014,0.0,0,0.0
2014-07-06 09:19:00,29.456,0.0664326450014,0.0,0,0.0
2014-07-06 09:24:00,30.707,0.0664326450014,0.0,0,0.0
2014-07-06 09:29:00,31.662,0.0664326450014,0.0,0,0.0
2014-07-06 09:34:00,31.0,0.0664326450014,0.0,0,0.0
2014-07-06 09:39:00,29.848,0.0664326450014,0.0,0,0.0
2014-07-06 09:44:00,31.166,0.0664326450014,0.0,0,0.0
2014-07-06 09:49:00,31.997,0.0664326450014,0.0,0,0.0
2014-07-06 09:54:00,28.833,0.0707101592739,0.0,0,0.0
2014-07-06 09:59:00,33.833,0.0707101592739,0.0,0,0.0
2014-07-06 10:04:00,44.453,0.0707101592739,0.0,0,0.0
2014-07-06 10:09:00,100.0,0.0707101592739,0.0,0,0.0
2014-07-06 10:14:00,71.738,0.0707101592739,0.0,0,0.0
2014-07-06 10:19:00,30.708,0.0707101592739,0.0,0,0.0
2014-07-06 10:24:00,31.462,0.0707101592739,0.0,0,0.0
2014-07-06 10:29:00,30.143,0.0707101592739,0.0,0,0.0
2014-07-06 10:34:00,31.526,0.0707101592739,0.0,0,0.0
2014-07-06 10:39:00,29.819,0.0707101592739,0.0,0,0.0
2014-07-06 10:44:00,31.495,0.0707101592739,0.0,0,0.0
2014-07-06 10:49:00,31.117,0.0707101592739,0.0,0,0.0
2014-07-06 10:54:00,30.0,0.0707101592739,0.0,0,0.0
2014-07-06 10:59:00,32.714,0.0707101592739,0.0,0,0.0
2014-07-06 11:04:00,44.332,0.0947252064506,0.725000023842,0,0.0
2014-07-06 11:09:00,100.0,0.0947252064506,0.0,0,0.0
2014-07-06 11:14:00,72.824,0.100066304927,0.0250000003725,0,0.0
2014-07-06 11:19:00,30.04,0.100066304927,0.0,0,0.0
2014-07-06 11:24:00,30.5,0.100066304927,0.0,0,0.0
2014-07-06 11:29:00,31.923,0.100066304927,0.0,0,0.0
2014-07-06 11:34:00,30.05,0.100066304927,0.0,0,0.0
2014-07-06 11:39:00,31.418,0.100066304927,0.0,0,0.0
2014-07-06 11:44:00,32.932,0.100066304927,0.0,0,0.0
2014-07-06 11:49:00,28.537,0.100066304927,0.0,0,0.0
2014-07-06 11:54:00,31.377,0.0664326450014,0.0,0,0.0
2014-07-06 11:59:00,32.023,0.0664326450014,0.0,0,0.0
2014-07-06 12:04:00,45.095,0.0707101592739,0.0,0,0.0
2014-07-06 12:09:00,100.0,0.0707101592739,0.0,0,0.0
2014-07-06 12:14:00,72.0,0.0707101592739,0.0,0,0.0
2014-07-06 12:19:00,30.333,0.0707101592739,0.0,0,0.0
2014-07-06 12:24:00,31.417,0.0707101592739,0.0,0,0.0
2014-07-06 12:29:00,31.213,0.0707101592739,0.0,0,0.0
2014-07-06 12:34:00,31.261,0.070550429481,0.0,0,0.0
2014-07-06 12:39:00,30.49,0.070550429481,0.0,0,0.0
2014-07-06 12:44:00,31.095,0.070550429481,0.0,0,0.0
2014-07-06 12:49:00,30.076,0.070550429481,0.0,0,0.0
2014-07-06 12:54:00,30.665,0.070550429481,0.0,0,0.0
2014-07-06 12:59:00,33.162,0.070550429481,0.0,0,0.0
2014-07-06 13:04:00,45.005,0.0997680704521,0.75,0,0.0
2014-07-06 13:09:00,100.0,0.0997680704521,0.0,0,0.0
2014-07-06 13:14:00,72.312,0.0997680704521,0.0,0,0.0
2014-07-06 13:19:00,30.714,0.105265123835,0.0250000003725,0,0.0
2014-07-06 13:24:00,29.882,0.105265123835,0.0,0,0.0
2014-07-06 13:29:00,31.648,0.105265123835,0.0,0,0.0
2014-07-06 13:34:00,29.841,0.105265123835,0.0,0,0.0
2014-07-06 13:39:00,31.303,0.105265123835,0.0,0,0.0
2014-07-06 13:44:00,31.946,0.105265123835,0.0,0,0.0
2014-07-06 13:49:00,29.72,0.105265123835,0.0,0,0.0
2014-07-06 13:54:00,30.165,0.0662919782496,0.0,0,0.0
2014-07-06 13:59:00,33.334,0.0622029611631,0.0250000003725,0,0.0
2014-07-06 14:04:00,44.805,0.0622029611631,0.0,0,0.0
2014-07-06 14:09:00,100.0,0.0662919782496,0.0,0,0.0
2014-07-06 14:14:00,71.214,0.0662919782496,0.0,0,0.0
2014-07-06 14:19:00,30.622,0.0662919782496,0.0,0,0.0
2014-07-06 14:24:00,31.148,0.0662919782496,0.0,0,0.0
2014-07-06 14:29:00,30.869,0.0662919782496,0.0,0,0.0
2014-07-06 14:34:00,30.474,0.0662919782496,0.0,0,0.0
2014-07-06 14:39:00,30.305,0.0662919782496,0.0,0,0.0
2014-07-06 14:44:00,31.127,0.0662919782496,0.0,0,0.0
2014-07-06 14:49:00,31.716,0.070550429481,0.0,0,0.0
2014-07-06 14:54:00,28.954,0.070550429481,0.0,0,0.0
2014-07-06 14:59:00,35.479,0.0662919782496,0.0250000003725,0,0.0
2014-07-06 15:04:00,43.321,0.099768075688,0.725000023842,0,0.0
2014-07-06 15:09:00,65.0,0.099768075688,0.0,0,0.0
2014-07-06 15:14:00,50.702,0.105265129248,0.0250000003725,0,0.0
2014-07-06 15:19:00,29.756,0.129101443598,0.10000000149,0,0.0
2014-07-06 15:24:00,30.499,0.129101443598,0.0,0,0.0
2014-07-06 15:29:00,32.95,0.129101443598,0.0,0,0.0
2014-07-06 15:34:00,29.695,0.129101443598,0.0,0,0.0
2014-07-06 15:39:00,31.665,0.129101443598,0.0,0,0.0
2014-07-06 15:44:00,31.928,0.129101443598,0.0,0,0.0
2014-07-06 15:49:00,29.219,0.122862480469,0.0,0,0.0
2014-07-06 15:54:00,31.166,0.0509304135711,0.0,0,0.0
2014-07-06 15:59:00,32.833,0.0509304135711,0.0,0,0.0
2014-07-06 16:04:00,45.166,0.0545244936527,0.0,0,0.0
2014-07-06 16:09:00,100.0,0.070550429481,0.0,0,0.0
2014-07-06 16:14:00,72.287,0.070550429481,0.0,0,0.0
2014-07-06 16:19:00,30.553,0.0662919782496,0.0250000003725,0,0.0
2014-07-06 16:24:00,30.599,0.0662919782496,0.0,0,0.0
2014-07-06 16:29:00,31.5,0.0662919782496,0.0,0,0.0
2014-07-06 16:34:00,31.665,0.0662919782496,0.0,0,0.0
2014-07-06 16:39:00,29.183,0.0662919782496,0.0,0,0.0
2014-07-06 16:44:00,31.498,0.0662919782496,0.0,0,0.0
2014-07-06 16:49:00,30.001,0.0662919782496,0.0,0,0.0
2014-07-06 16:54:00,30.117,0.0662919782496,0.0,0,0.0
2014-07-06 16:59:00,33.041,0.0662919782496,0.0,0,0.0
2014-07-06 17:04:00,44.332,0.0662919782496,0.0,0,0.0
2014-07-06 17:09:00,65.505,0.070550429481,0.0,0,0.0
2014-07-06 17:14:00,51.007,0.0582812197967,0.0750000029802,0,0.0
2014-07-06 17:19:00,32.716,0.0474965004924,0.0750000029802,0,0.0
2014-07-06 17:24:00,30.526,0.0474965004924,0.0,0,0.0
2014-07-06 17:29:00,30.834,0.0474965004924,0.0,0,0.0
2014-07-06 17:34:00,29.334,0.0474965004924,0.0,0,0.0
2014-07-06 17:39:00,31.074,0.0474965004924,0.0,0,0.0
2014-07-06 17:44:00,31.05,0.0474965004924,0.0,0,0.0
2014-07-06 17:49:00,29.961,0.0474965004924,0.0,0,0.0
2014-07-06 17:54:00,30.832,0.0474965004924,0.0,0,0.0
2014-07-06 17:59:00,33.17,0.0474965004924,0.0,0,0.0
2014-07-06 18:04:00,44.655,0.0582812197967,0.0,0,0.0
2014-07-06 18:09:00,100.0,0.070550429481,0.0,0,0.0
2014-07-06 18:14:00,71.542,0.070550429481,0.0,0,0.0
2014-07-06 18:19:00,30.273,0.070550429481,0.0,0,0.0
2014-07-06 18:24:00,30.954,0.070550429481,0.0,0,0.0
2014-07-06 18:29:00,31.047,0.070550429481,0.0,0,0.0
2014-07-06 18:34:00,30.831,0.070550429481,0.0,0,0.0
2014-07-06 18:39:00,30.332,0.070550429481,0.0,0,0.0
2014-07-06 18:44:00,31.78,0.070550429481,0.0,0,0.0
2014-07-06 18:49:00,31.052,0.070550429481,0.0,0,0.0
2014-07-06 18:54:00,29.95,0.070550429481,0.0,0,0.0
2014-07-06 18:59:00,34.027,0.070550429481,0.0,0,0.0
2014-07-06 19:04:00,44.294,0.070550429481,0.0,0,0.0
2014-07-06 19:09:00,100.0,0.070550429481,0.0,0,0.0
2014-07-06 19:14:00,71.833,0.070550429481,0.0,0,0.0
2014-07-06 19:19:00,30.76,0.070550429481,0.0,0,0.0
2014-07-06 19:24:00,31.35,0.070550429481,0.0,0,0.0
2014-07-06 19:29:00,31.478,0.070550429481,0.0,0,0.0
2014-07-06 19:34:00,30.472,0.070550429481,0.0,0,0.0
2014-07-06 19:39:00,30.652,0.070550429481,0.0,0,0.0
2014-07-06 19:44:00,32.127,0.070550429481,0.0,0,0.0
2014-07-06 19:49:00,29.384,0.070550429481,0.0,0,0.0
2014-07-06 19:54:00,31.818,0.070550429481,0.0,0,0.0
2014-07-06 19:59:00,32.059,0.070550429481,0.0,0,0.0
2014-07-06 20:04:00,45.608,0.0705504336237,0.600000023842,0,0.0
2014-07-06 20:09:00,100.0,0.0705504336237,0.0,0,0.0
2014-07-06 20:14:00,71.545,0.0705504336237,0.0,0,0.0
2014-07-06 20:19:00,31.123,0.0705504336237,0.0,0,0.0
2014-07-06 20:24:00,30.219,0.0705504336237,0.0,0,0.0
2014-07-06 20:29:00,31.779,0.0705504336237,0.0,0,0.0
2014-07-06 20:34:00,31.215,0.0705504336237,0.0,0,0.0
2014-07-06 20:39:00,31.332,0.0705504336237,0.0,0,0.0
2014-07-06 20:44:00,31.297,0.0705504336237,0.0,0,0.0
2014-07-06 20:49:00,31.666,0.0705504336237,0.0,0,0.0
2014-07-06 20:54:00,28.833,0.0705369423024,0.0,0,0.0
2014-07-06 20:59:00,34.769,0.0662801001702,0.0250000003725,0,0.0
2014-07-06 21:04:00,42.812,0.0662801001702,0.0,0,0.0
2014-07-06 21:09:00,65.834,0.0662801001702,0.0,0,0.0
2014-07-06 21:14:00,51.216,0.0474912931657,0.125,0,0.0
2014-07-06 21:19:00,31.168,0.0353074747966,0.10000000149,0,0.0
2014-07-06 21:24:00,29.303,0.0353074747966,0.0,0,0.0
2014-07-06 21:29:00,31.787,0.0353074747966,0.0,0,0.0
2014-07-06 21:34:00,30.536,0.0353074747966,0.0,0,0.0
2014-07-06 21:39:00,31.1,0.0353074747966,0.0,0,0.0
2014-07-06 21:44:00,31.5,0.0353074747966,0.0,0,0.0
2014-07-06 21:49:00,30.35,0.0381270052226,0.0,0,0.0
2014-07-06 21:54:00,30.667,0.0381270052226,0.0,0,0.0
2014-07-06 21:59:00,31.966,0.0381270052226,0.0,0,0.0
2014-07-06 22:04:00,46.166,0.0509240497262,0.0250000003725,0,0.0
2014-07-06 22:09:00,100.0,0.0509240497262,0.10000000149,0,0.0
2014-07-06 22:14:00,72.207,0.0509240497262,0.0,0,0.0
2014-07-06 22:19:00,30.666,0.0509240497262,0.0,0,0.0
2014-07-06 22:24:00,30.951,0.0509240497262,0.0,0,0.0
2014-07-06 22:29:00,31.382,0.0509240497262,0.0,0,0.0
2014-07-06 22:34:00,30.62,0.0509240497262,0.0,0,0.0
2014-07-06 22:39:00,29.812,0.0509240497262,0.0,0,0.0
2014-07-06 22:44:00,32.962,0.0509240497262,0.0,0,0.0
2014-07-06 22:49:00,29.858,0.0509240497262,0.0,0,0.0
2014-07-06 22:54:00,30.499,0.0545168865765,0.0,0,0.0
2014-07-06 22:59:00,33.292,0.0705369423024,0.0,0,0.0
2014-07-06 23:04:00,44.5,0.0705369423024,0.0,0,0.0
2014-07-06 23:09:00,100.0,0.0705369423024,0.0,0,0.0
2014-07-06 23:14:00,72.047,0.0662801001702,0.0250000003725,0,0.0
2014-07-06 23:19:00,31.329,0.0662801001702,0.0,0,0.0
2014-07-06 23:24:00,30.657,0.0662801001702,0.0,0,0.0
2014-07-06 23:29:00,32.626,0.0662801001702,0.0,0,0.0
2014-07-06 23:34:00,29.847,0.0662801001702,0.0,0,0.0
2014-07-06 23:39:00,31.122,0.0662801001702,0.0,0,0.0
2014-07-06 23:44:00,31.127,0.0662801001702,0.0,0,0.0
2014-07-06 23:49:00,30.523,0.0662801001702,0.0,0,0.0
2014-07-06 23:54:00,29.665,0.0662801001702,0.0,0,0.0
2014-07-06 23:59:00,32.805,0.0662801001702,0.0,0,0.0
2014-07-07 00:04:00,45.28,0.074965182275,0.625,0,0.0
2014-07-07 00:09:00,100.0,0.074965182275,0.0,0,0.0
2014-07-07 00:14:00,72.666,0.074965182275,0.0,0,0.0
2014-07-07 00:19:00,31.759,0.074965182275,0.0,0,0.0
2014-07-07 00:24:00,31.166,0.074965182275,0.0,0,0.0
2014-07-07 00:29:00,31.083,0.074965182275,0.0,0,0.0
2014-07-07 00:34:00,30.578,0.074965182275,0.0,0,0.0
2014-07-07 00:39:00,31.665,0.074965182275,0.0,0,0.0
2014-07-07 00:44:00,30.0,0.074965182275,0.0,0,0.0
2014-07-07 00:49:00,31.599,0.074965182275,0.0,0,0.0
2014-07-07 00:54:00,29.381,0.0705369423024,0.0,0,0.0
2014-07-07 00:59:00,33.333,0.0705369423024,0.0,0,0.0
2014-07-07 01:04:00,45.061,0.0705369423024,0.0,0,0.0
2014-07-07 01:09:00,100.0,0.0705369423024,0.0,0,0.0
2014-07-07 01:14:00,72.333,0.0662801001702,0.0250000003725,0,0.0
2014-07-07 01:19:00,31.427,0.0662801001702,0.0,0,0.0
2014-07-07 01:24:00,29.501,0.0662801001702,0.0,0,0.0
2014-07-07 01:29:00,32.949,0.0662801001702,0.0,0,0.0
2014-07-07 01:34:00,31.055,0.0662801001702,0.0,0,0.0
2014-07-07 01:39:00,30.832,0.0662801001702,0.0,0,0.0
2014-07-07 01:44:00,30.66,0.0662801001702,0.0,0,0.0
2014-07-07 01:49:00,30.048,0.0662801001702,0.0,0,0.0
2014-07-07 01:54:00,30.117,0.0662801001702,0.0,0,0.0
2014-07-07 01:59:00,34.653,0.0662801001702,0.0,0,0.0
2014-07-07 02:04:00,45.369,0.0795667776495,0.649999976158,0,0.0
2014-07-07 02:09:00,65.556,0.0795667776495,0.0,0,0.0
2014-07-07 02:14:00,51.285,0.110915743789,0.15000000596,0,0.0
2014-07-07 02:19:00,31.75,0.116778581073,0.0250000003725,0,0.0
2014-07-07 02:24:00,29.249,0.116778581073,0.0,0,0.0
2014-07-07 02:29:00,31.838,0.116778581073,0.0,0,0.0
2014-07-07 02:34:00,30.38,0.116778581073,0.0,0,0.0
2014-07-07 02:39:00,31.067,0.116778581073,0.0,0,0.0
2014-07-07 02:44:00,30.549,0.116778581073,0.0,0,0.0
2014-07-07 02:49:00,31.502,0.116778581073,0.0,0,0.0
2014-07-07 02:54:00,29.727,0.041095538021,0.0250000003725,0,0.0
2014-07-07 02:59:00,32.586,0.041095538021,0.0,0,0.0
2014-07-07 03:04:00,44.49,0.0621925985177,0.0,0,0.0
2014-07-07 03:09:00,100.0,0.0662801001702,0.0,0,0.0
2014-07-07 03:14:00,71.29,0.0662801001702,0.0,0,0.0
2014-07-07 03:19:00,30.695,0.0662801001702,0.0,0,0.0
2014-07-07 03:24:00,32.384,0.0662801001702,0.0,0,0.0
2014-07-07 03:29:00,34.151,0.0662801001702,0.0,0,0.0
2014-07-07 03:34:00,30.627,0.0662801001702,0.0,0,0.0
2014-07-07 03:39:00,33.508,0.0662801001702,0.0,0,0.0
2014-07-07 03:44:00,32.971,0.0705369423024,0.0,0,0.0
2014-07-07 03:49:00,29.835,0.0705369423024,0.0,0,0.0
2014-07-07 03:54:00,30.287,0.0705369423024,0.0,0,0.0
2014-07-07 03:59:00,33.733,0.0705369423024,0.0,0,0.0
2014-07-07 04:04:00,44.0,0.0705369423024,0.0,0,0.0
2014-07-07 04:09:00,100.0,0.0705369423024,0.0,0,0.0
2014-07-07 04:14:00,71.333,0.0582722803202,0.0750000029802,0,0.0
2014-07-07 04:19:00,31.923,0.0582722803202,0.0,0,0.0
2014-07-07 04:24:00,28.863,0.0582722803202,0.0,0,0.0
2014-07-07 04:29:00,32.498,0.0582722803202,0.0,0,0.0
2014-07-07 04:34:00,30.461,0.0582722803202,0.0,0,0.0
2014-07-07 04:39:00,30.924,0.0582722803202,0.0,0,0.0
2014-07-07 04:44:00,30.833,0.0582722803202,0.0,0,0.0
2014-07-07 04:49:00,30.833,0.0582722803202,0.0,0,0.0
2014-07-07 04:54:00,29.833,0.0582722803202,0.0,0,0.0
2014-07-07 04:59:00,33.717,0.0582722803202,0.0,0,0.0
2014-07-07 05:04:00,44.16,0.0892974527876,0.699999988079,0,0.0
2014-07-07 05:09:00,100.0,0.0892974527876,0.0,0,0.0
2014-07-07 05:14:00,72.617,0.0891197510063,0.0,0,0.0
2014-07-07 05:19:00,30.65,0.0942344816863,0.0250000003725,0,0.0
2014-07-07 05:24:00,31.186,0.0942344816863,0.0,0,0.0
2014-07-07 05:29:00,30.453,0.0942344816863,0.0,0,0.0
2014-07-07 05:34:00,30.166,0.0942344816863,0.0,0,0.0
2014-07-07 05:39:00,30.515,0.0942344816863,0.0,0,0.0
2014-07-07 05:44:00,31.205,0.0942344816863,0.0,0,0.0
2014-07-07 05:49:00,30.332,0.0942344816863,0.0,0,0.0
2014-07-07 05:54:00,30.498,0.0661790200975,0.0,0,0.0
2014-07-07 05:59:00,32.784,0.0661790200975,0.0,0,0.0
2014-07-07 06:04:00,44.88,0.0661790200975,0.0,0,0.0
2014-07-07 06:09:00,100.0,0.0704221729572,0.0,0,0.0
2014-07-07 06:14:00,73.44,0.0621044113435,0.0500000007451,0,0.0
2014-07-07 06:19:00,31.477,0.058196201858,0.0250000003725,0,0.0
2014-07-07 06:24:00,28.357,0.058196201858,0.0,0,0.0
2014-07-07 06:29:00,31.838,0.058196201858,0.0,0,0.0
2014-07-07 06:34:00,30.332,0.058196201858,0.0,0,0.0
2014-07-07 06:39:00,30.953,0.058196201858,0.0,0,0.0
2014-07-07 06:44:00,31.55,0.058196201858,0.0,0,0.0
2014-07-07 06:49:00,29.884,0.058196201858,0.0,0,0.0
2014-07-07 06:54:00,30.545,0.058196201858,0.0,0,0.0
2014-07-07 06:59:00,33.502,0.058196201858,0.0,0,0.0
2014-07-07 07:04:00,44.494,0.105003911561,0.75,0,0.0
2014-07-07 07:09:00,65.501,0.0995286919204,0.0,0,0.0
2014-07-07 07:14:00,51.978,0.0995286919204,0.0,0,0.0
2014-07-07 07:19:00,28.989,0.0995286919204,0.0,0,0.0
2014-07-07 07:24:00,31.704,0.0995286919204,0.0,0,0.0
2014-07-07 07:29:00,31.317,0.0995286919204,0.0,0,0.0
2014-07-07 07:34:00,29.332,0.0995286919204,0.0,0,0.0
2014-07-07 07:39:00,30.336,0.0995286919204,0.0,0,0.0
2014-07-07 07:44:00,31.446,0.0995286919204,0.0,0,0.0
2014-07-07 07:49:00,30.719,0.0995286919204,0.0,0,0.0
2014-07-07 07:54:00,29.786,0.0704221729572,0.0,0,0.0
2014-07-07 07:59:00,33.458,0.0704221729572,0.0,0,0.0
2014-07-07 08:04:00,44.05,0.0661790200975,0.0250000003725,0,0.0
2014-07-07 08:09:00,100.0,0.0661790200975,0.0,0,0.0
2014-07-07 08:14:00,72.167,0.0661790200975,0.0,0,0.0
2014-07-07 08:19:00,30.661,0.0621044113435,0.0250000003725,0,0.0
2014-07-07 08:24:00,30.832,0.0621044113435,0.0,0,0.0
2014-07-07 08:29:00,30.498,0.0621044113435,0.0,0,0.0
2014-07-07 08:34:00,31.772,0.0621044113435,0.0,0,0.0
2014-07-07 08:39:00,29.816,0.0621044113435,0.0,0,0.0
2014-07-07 08:44:00,31.671,0.0621044113435,0.0,0,0.0
2014-07-07 08:49:00,30.801,0.0621044113435,0.0,0,0.0
2014-07-07 08:54:00,29.505,0.0661790200975,0.0,0,0.0
2014-07-07 08:59:00,33.167,0.0661790200975,0.0,0,0.0
2014-07-07 09:04:00,44.62,0.0661790200975,0.0,0,0.0
2014-07-07 09:09:00,64.834,0.0581962015729,0.0750000029802,0,0.0
2014-07-07 09:14:00,51.702,0.0581962015729,0.0,0,0.0
2014-07-07 09:19:00,30.077,0.0581962015729,0.0,0,0.0
2014-07-07 09:24:00,29.423,0.0581962015729,0.0,0,0.0
2014-07-07 09:29:00,32.262,0.0581962015729,0.0,0,0.0
2014-07-07 09:34:00,28.885,0.0581962015729,0.0,0,0.0
2014-07-07 09:39:00,30.634,0.0581962015729,0.0,0,0.0
2014-07-07 09:44:00,32.167,0.0581962015729,0.0,0,0.0
2014-07-07 09:49:00,31.432,0.0581962015729,0.0,0,0.0
2014-07-07 09:54:00,29.54,0.0581962015729,0.0,0,0.0
2014-07-07 09:59:00,33.951,0.0704221729572,0.0,0,0.0
2014-07-07 10:04:00,44.312,0.0704221729572,0.0,0,0.0
2014-07-07 10:09:00,100.0,0.0704221729572,0.0,0,0.0
2014-07-07 10:14:00,72.218,0.0661790200975,0.0250000003725,0,0.0
2014-07-07 10:19:00,30.99,0.0661790200975,0.0,0,0.0
2014-07-07 10:24:00,31.787,0.0661790200975,0.0,0,0.0
2014-07-07 10:29:00,31.38,0.0661790200975,0.0,0,0.0
2014-07-07 10:34:00,29.955,0.0661790200975,0.0,0,0.0
2014-07-07 10:39:00,30.337,0.0661790200975,0.0,0,0.0
2014-07-07 10:44:00,31.548,0.0661790200975,0.0,0,0.0
2014-07-07 10:49:00,29.832,0.0661790200975,0.0,0,0.0
2014-07-07 10:54:00,30.332,0.0661790200975,0.0,0,0.0
2014-07-07 10:59:00,33.93,0.0661790200975,0.0,0,0.0
2014-07-07 11:04:00,44.051,0.0704221729572,0.0,0,0.0
2014-07-07 11:09:00,100.0,0.0704221729572,0.0,0,0.0
2014-07-07 11:14:00,71.384,0.0704221729572,0.0,0,0.0
2014-07-07 11:19:00,30.476,0.0704221729572,0.0,0,0.0
2014-07-07 11:24:00,30.554,0.0704221729572,0.0,0,0.0
2014-07-07 11:29:00,31.259,0.0704221729572,0.0,0,0.0
2014-07-07 11:34:00,30.603,0.0704221729572,0.0,0,0.0
2014-07-07 11:39:00,31.224,0.0704221729572,0.0,0,0.0
2014-07-07 11:44:00,30.88,0.0704221729572,0.0,0,0.0
2014-07-07 11:49:00,30.515,0.0704221729572,0.0,0,0.0
2014-07-07 11:54:00,30.983,0.0704221729572,0.0,0,0.0
2014-07-07 11:59:00,33.099,0.0704221729572,0.0,0,0.0
2014-07-07 12:04:00,44.665,0.0942344890535,0.725000023842,0,0.0
2014-07-07 12:09:00,100.0,0.0942344890535,0.0,0,0.0
2014-07-07 12:14:00,72.166,0.0995286971357,0.0250000003725,0,0.0
2014-07-07 12:19:00,31.116,0.0995286971357,0.0,0,0.0
2014-07-07 12:24:00,30.839,0.0995286971357,0.0,0,0.0
2014-07-07 12:29:00,31.833,0.0995286971357,0.0,0,0.0
2014-07-07 12:34:00,30.166,0.0995286971357,0.0,0,0.0
2014-07-07 12:39:00,31.171,0.0995286971357,0.0,0,0.0
2014-07-07 12:44:00,30.623,0.0995286971357,0.0,0,0.0
2014-07-07 12:49:00,30.359,0.0995286971357,0.0,0,0.0
2014-07-07 12:54:00,30.673,0.0661790200975,0.0,0,0.0
2014-07-07 12:59:00,33.458,0.0661790200975,0.0,0,0.0
2014-07-07 13:04:00,44.88,0.0704221729572,0.0,0,0.0
2014-07-07 13:09:00,100.0,0.0704221729572,0.0,0,0.0
2014-07-07 13:14:00,72.12,0.0704221729572,0.0,0,0.0
2014-07-07 13:19:00,30.385,0.0704221729572,0.0,0,0.0
2014-07-07 13:24:00,30.495,0.0704221729572,0.0,0,0.0
2014-07-07 13:29:00,32.437,0.0704221729572,0.0,0,0.0
2014-07-07 13:34:00,30.888,0.0702636103165,0.0,0,0.0
2014-07-07 13:39:00,30.731,0.0702636103165,0.0,0,0.0
2014-07-07 13:44:00,31.665,0.0702636103165,0.0,0,0.0
2014-07-07 13:49:00,30.166,0.0702636103165,0.0,0,0.0
2014-07-07 13:54:00,30.313,0.0702636103165,0.0,0,0.0
2014-07-07 13:59:00,33.618,0.0702636103165,0.0,0,0.0
2014-07-07 14:04:00,44.885,0.0939644359538,0.725000023842,0,0.0
2014-07-07 14:09:00,65.112,0.0939644359538,0.0,0,0.0
2014-07-07 14:14:00,51.047,0.0992328630966,0.0250000003725,0,0.0
2014-07-07 14:19:00,30.332,0.0992328630966,0.0,0,0.0
2014-07-07 14:24:00,31.119,0.104681115686,0.0250000003725,0,0.0
2014-07-07 14:29:00,32.481,0.104681115686,0.0,0,0.0
2014-07-07 14:34:00,28.764,0.104681115686,0.0,0,0.0
2014-07-07 14:39:00,30.051,0.104681115686,0.0,0,0.0
2014-07-07 14:44:00,31.165,0.104681115686,0.0,0,0.0
2014-07-07 14:49:00,30.137,0.104681115686,0.0,0,0.0
2014-07-07 14:54:00,31.766,0.0619825560337,0.0,0,0.0
2014-07-07 14:59:00,31.542,0.0619825560337,0.0,0,0.0
2014-07-07 15:04:00,45.117,0.0660393602558,0.0,0,0.0
2014-07-07 15:09:00,65.051,0.0660393602558,0.0,0,0.0
2014-07-07 15:14:00,51.5,0.0702636103165,0.0,0,0.0
2014-07-07 15:19:00,30.778,0.0660393602558,0.0250000003725,0,0.0
2014-07-07 15:24:00,30.712,0.0660393602558,0.0,0,0.0
2014-07-07 15:29:00,31.004,0.0660393602558,0.0,0,0.0
2014-07-07 15:34:00,30.286,0.0619825560337,0.0250000003725,0,0.0
2014-07-07 15:39:00,30.834,0.0580910692201,0.0250000003725,0,0.0
2014-07-07 15:44:00,31.05,0.0580910692201,0.0,0,0.0
2014-07-07 15:49:00,30.166,0.0580910692201,0.0,0,0.0
2014-07-07 15:54:00,30.619,0.0580910692201,0.0,0,0.0
2014-07-07 15:59:00,33.053,0.0580910692201,0.0,0,0.0
2014-07-07 16:04:00,44.586,0.0580910692201,0.0,0,0.0
2014-07-07 16:09:00,64.838,0.0580910692201,0.0250000003725,0,0.0
2014-07-07 16:14:00,52.473,0.04738568961,0.0750000029802,0,0.0
2014-07-07 16:19:00,29.872,0.04738568961,0.0,0,0.0
2014-07-07 16:24:00,30.499,0.0507950243935,0.0,0,0.0
2014-07-07 16:29:00,31.299,0.0543626699487,0.0,0,0.0
2014-07-07 16:34:00,30.386,0.0543626699487,0.0,0,0.0
2014-07-07 16:39:00,30.387,0.0543626699487,0.0,0,0.0
2014-07-07 16:44:00,31.225,0.0543626699487,0.0,0,0.0
2014-07-07 16:49:00,31.798,0.0543626699487,0.0,0,0.0
2014-07-07 16:54:00,30.117,0.0543626699487,0.0,0,0.0
2014-07-07 16:59:00,32.189,0.0580910689363,0.0,0,0.0
2014-07-07 17:04:00,45.145,0.0702636103165,0.0,0,0.0
2014-07-07 17:09:00,100.0,0.035278637,0.34999999404,0,0.0
2014-07-07 17:14:00,72.167,0.035278637,0.0,0,0.0
2014-07-07 17:19:00,30.411,0.035278637,0.0,0,0.0
2014-07-07 17:24:00,31.211,0.035278637,0.0,0,0.0
2014-07-07 17:29:00,30.813,0.035278637,0.0,0,0.0
2014-07-07 17:34:00,29.795,0.035278637,0.0,0,0.0
2014-07-07 17:39:00,29.949,0.035278637,0.0,0,0.0
2014-07-07 17:44:00,31.384,0.035278637,0.0,0,0.0
2014-07-07 17:49:00,30.499,0.035278637,0.0,0,0.0
2014-07-07 17:54:00,29.833,0.035278637,0.0,0,0.0
2014-07-07 17:59:00,33.286,0.0702636103165,0.0,0,0.0
2014-07-07 18:04:00,44.833,0.0702636103165,0.0,0,0.0
2014-07-07 18:09:00,66.52,0.0702636103165,0.0,0,0.0
2014-07-07 18:14:00,52.21,0.0702636103165,0.0,0,0.0
2014-07-07 18:19:00,30.935,0.0702636103165,0.0,0,0.0
2014-07-07 18:24:00,31.112,0.0702636103165,0.0,0,0.0
2014-07-07 18:29:00,34.247,0.0660393602558,0.0250000003725,0,0.0
2014-07-07 18:34:00,29.215,0.0660393602558,0.0,0,0.0
2014-07-07 18:39:00,30.835,0.0660393602558,0.0,0,0.0
2014-07-07 18:44:00,31.167,0.0660393602558,0.0,0,0.0
2014-07-07 18:49:00,30.835,0.0660393602558,0.0,0,0.0
2014-07-07 18:54:00,30.0,0.0660393602558,0.0,0,0.0
2014-07-07 18:59:00,33.308,0.0660393602558,0.0,0,0.0
2014-07-07 19:04:00,44.333,0.0660393602558,0.0,0,0.0
2014-07-07 19:09:00,100.0,0.0660393602558,0.0,0,0.0
2014-07-07 19:14:00,71.834,0.0619825560337,0.0250000003725,0,0.0
2014-07-07 19:19:00,32.435,0.0660393602558,0.0,0,0.0
2014-07-07 19:24:00,29.157,0.0660393602558,0.0,0,0.0
2014-07-07 19:29:00,31.764,0.0660393602558,0.0,0,0.0
2014-07-07 19:34:00,31.049,0.0660393602558,0.0,0,0.0
2014-07-07 19:39:00,30.296,0.0660393602558,0.0,0,0.0
2014-07-07 19:44:00,31.189,0.0660393602558,0.0,0,0.0
2014-07-07 19:49:00,30.789,0.0660393602558,0.0,0,0.0
2014-07-07 19:54:00,29.882,0.0660393602558,0.0,0,0.0
2014-07-07 19:59:00,33.946,0.0660393602558,0.0,0,0.0
2014-07-07 20:04:00,44.384,0.0702636103165,0.0,0,0.0
2014-07-07 20:09:00,100.0,0.0702636103165,0.0,0,0.0
2014-07-07 20:14:00,72.214,0.0660393602558,0.0250000003725,0,0.0
2014-07-07 20:19:00,31.278,0.0660393602558,0.0,0,0.0
2014-07-07 20:24:00,30.496,0.0660393602558,0.0,0,0.0
2014-07-07 20:29:00,31.499,0.0660393602558,0.0,0,0.0
2014-07-07 20:34:00,31.33,0.0660393602558,0.0,0,0.0
2014-07-07 20:39:00,31.425,0.0660393602558,0.0,0,0.0
2014-07-07 20:44:00,31.549,0.0660393602558,0.0,0,0.0
2014-07-07 20:49:00,29.642,0.0660393602558,0.0,0,0.0
2014-07-07 20:54:00,30.504,0.0660393602558,0.0,0,0.0
2014-07-07 20:59:00,33.512,0.0660393602558,0.0,0,0.0
2014-07-07 21:04:00,43.333,0.0702636103165,0.0,0,0.0
2014-07-07 21:09:00,100.0,0.0702636103165,0.0,0,0.0
2014-07-07 21:14:00,72.832,0.0619825560337,0.0500000007451,0,0.0
2014-07-07 21:19:00,30.79,0.0619825560337,0.0,0,0.0
2014-07-07 21:24:00,30.216,0.0619825560337,0.0,0,0.0
2014-07-07 21:29:00,33.006,0.0619825560337,0.0,0,0.0
2014-07-07 21:34:00,28.656,0.0619825560337,0.0,0,0.0
2014-07-07 21:39:00,29.955,0.0619825560337,0.0,0,0.0
2014-07-07 21:44:00,32.314,0.0619825560337,0.0,0,0.0
2014-07-07 21:49:00,31.487,0.0619825560337,0.0,0,0.0
2014-07-07 21:54:00,29.714,0.0619359995431,0.0,0,0.0
2014-07-07 21:59:00,33.081,0.0619359995431,0.0,0,0.0
2014-07-07 22:04:00,45.722,0.0659860045613,0.0250000003725,0,0.0
2014-07-07 22:09:00,66.666,0.0659860045613,0.0,0,0.0
2014-07-07 22:14:00,52.481,0.0619359995431,0.0250000003725,0,0.0
2014-07-07 22:19:00,31.216,0.0619359995431,0.0,0,0.0
2014-07-07 22:24:00,30.97,0.0619359995431,0.0,0,0.0
2014-07-07 22:29:00,32.393,0.0619359995431,0.0,0,0.0
2014-07-07 22:34:00,30.191,0.0619359995431,0.0,0,0.0
2014-07-07 22:39:00,30.485,0.0619359995431,0.0,0,0.0
2014-07-07 22:44:00,30.818,0.0619359995431,0.0,0,0.0
2014-07-07 22:49:00,30.634,0.0619359995431,0.0,0,0.0
2014-07-07 22:54:00,29.664,0.0659860045613,0.0,0,0.0
2014-07-07 22:59:00,33.192,0.0659860045613,0.0,0,0.0
2014-07-07 23:04:00,46.259,0.0702030364693,0.0,0,0.0
2014-07-07 23:09:00,100.0,0.0702030364693,0.0,0,0.0
2014-07-07 23:14:00,72.66,0.0702030364693,0.0,0,0.0
2014-07-07 23:19:00,30.366,0.0702030364693,0.0,0,0.0
2014-07-07 23:24:00,32.724,0.0702030364693,0.0,0,0.0
2014-07-07 23:29:00,30.951,0.0702030364693,0.0,0,0.0
2014-07-07 23:34:00,30.214,0.0702030364693,0.0,0,0.0
2014-07-07 23:39:00,31.499,0.0702030364693,0.0,0,0.0
2014-07-07 23:44:00,30.672,0.0702030364693,0.0,0,0.0
2014-07-07 23:49:00,30.999,0.0702030364693,0.0,0,0.0
2014-07-07 23:54:00,29.952,0.0702030364693,0.0,0,0.0
2014-07-07 23:59:00,34.121,0.0702030364693,0.0,0,0.0
2014-07-08 00:04:00,43.204,0.0702030364693,0.0,0,0.0
2014-07-08 00:09:00,100.0,0.0702030364693,0.0,0,0.0
2014-07-08 00:14:00,72.506,0.0619359995431,0.0500000007451,0,0.0
2014-07-08 00:19:00,30.655,0.0619359995431,0.0,0,0.0
2014-07-08 00:24:00,31.0,0.0619359995431,0.0,0,0.0
2014-07-08 00:29:00,32.95,0.0619359995431,0.0,0,0.0
2014-07-08 00:34:00,29.55,0.0619359995431,0.0,0,0.0
2014-07-08 00:39:00,30.89,0.0619359995431,0.0,0,0.0
2014-07-08 00:44:00,31.557,0.0619359995431,0.0,0,0.0
2014-07-08 00:49:00,30.927,0.0619359995431,0.0,0,0.0
2014-07-08 00:54:00,29.998,0.0619359995431,0.0,0,0.0
2014-07-08 00:59:00,33.718,0.0619359995431,0.0,0,0.0
2014-07-08 01:04:00,44.833,0.0702030405713,0.600000023842,0,0.0
2014-07-08 01:09:00,100.0,0.0702030405713,0.0,0,0.0
2014-07-08 01:14:00,70.784,0.0702030405713,0.0,0,0.0
2014-07-08 01:19:00,30.821,0.0702030405713,0.0,0,0.0
2014-07-08 01:24:00,30.493,0.0702030405713,0.0,0,0.0
2014-07-08 01:29:00,31.714,0.0702030405713,0.0,0,0.0
2014-07-08 01:34:00,31.628,0.0702030405713,0.0,0,0.0
2014-07-08 01:39:00,30.906,0.0702030405713,0.0,0,0.0
2014-07-08 01:44:00,32.63,0.0702030405713,0.0,0,0.0
2014-07-08 01:49:00,30.879,0.0702030405713,0.0,0,0.0
2014-07-08 01:54:00,29.665,0.0702030364693,0.0,0,0.0
2014-07-08 01:59:00,33.651,0.0702030364693,0.0,0,0.0
2014-07-08 02:04:00,45.285,0.0702030364693,0.0,0,0.0
2014-07-08 02:09:00,100.0,0.0702030364693,0.0,0,0.0
2014-07-08 02:14:00,71.714,0.0659860045613,0.0250000003725,0,0.0
2014-07-08 02:19:00,30.788,0.0659860045613,0.0,0,0.0
2014-07-08 02:24:00,31.305,0.0659860045613,0.0,0,0.0
2014-07-08 02:29:00,31.681,0.0659860045613,0.0,0,0.0
2014-07-08 02:34:00,31.834,0.0659860045613,0.0,0,0.0
2014-07-08 02:39:00,30.287,0.0659860045613,0.0,0,0.0
2014-07-08 02:44:00,30.793,0.0659860045613,0.0,0,0.0
2014-07-08 02:49:00,30.214,0.0659860045613,0.0,0,0.0
2014-07-08 02:54:00,30.499,0.0659860045613,0.0,0,0.0
2014-07-08 02:59:00,33.999,0.0659860045613,0.0,0,0.0
2014-07-08 03:04:00,43.5,0.0791461835607,0.649999976158,0,0.0
2014-07-08 03:09:00,66.818,0.0791461835607,0.0,0,0.0
2014-07-08 03:14:00,52.921,0.0791461835607,0.0,0,0.0
2014-07-08 03:19:00,31.195,0.0791461835607,0.0,0,0.0
2014-07-08 03:24:00,34.203,0.0791461835607,0.0,0,0.0
2014-07-08 03:29:00,32.881,0.0791461835607,0.0,0,0.0
2014-07-08 03:34:00,29.49,0.0791461835607,0.0,0,0.0
2014-07-08 03:39:00,32.078,0.0791461835607,0.0,0,0.0
2014-07-08 03:44:00,30.479,0.0791461835607,0.0,0,0.0
2014-07-08 03:49:00,30.0,0.0791461835607,0.0,0,0.0
2014-07-08 03:54:00,30.374,0.0702030364693,0.0,0,0.0
2014-07-08 03:59:00,34.786,0.0659860045613,0.0250000003725,0,0.0
2014-07-08 04:04:00,43.386,0.0659860045613,0.0,0,0.0
2014-07-08 04:09:00,100.0,0.0659860045613,0.0,0,0.0
2014-07-08 04:14:00,72.0,0.0619359995431,0.0250000003725,0,0.0
2014-07-08 04:19:00,30.88,0.0619359995431,0.0,0,0.0
2014-07-08 04:24:00,29.835,0.0619359995431,0.0,0,0.0
2014-07-08 04:29:00,31.994,0.0619359995431,0.0,0,0.0
2014-07-08 04:34:00,30.115,0.0619359995431,0.0,0,0.0
2014-07-08 04:39:00,32.202,0.0619359995431,0.0,0,0.0
2014-07-08 04:44:00,30.022,0.0619359995431,0.0,0,0.0
2014-07-08 04:49:00,30.708,0.0659860045613,0.0,0,0.0
2014-07-08 04:54:00,29.666,0.0659860045613,0.0,0,0.0
2014-07-08 04:59:00,34.283,0.0659860045613,0.0,0,0.0
2014-07-08 05:04:00,43.881,0.0702030364693,0.0,0,0.0
2014-07-08 05:09:00,100.0,0.0702030364693,0.0,0,0.0
2014-07-08 05:14:00,72.597,0.0702030364693,0.0,0,0.0
2014-07-08 05:19:00,29.493,0.0659860045613,0.0250000003725,0,0.0
2014-07-08 05:24:00,31.756,0.0659860045613,0.0,0,0.0
2014-07-08 05:29:00,31.878,0.0619359995431,0.0250000003725,0,0.0
2014-07-08 05:34:00,29.523,0.0619359995431,0.0,0,0.0
2014-07-08 05:39:00,29.312,0.0619359995431,0.0,0,0.0
2014-07-08 05:44:00,31.832,0.0580508992414,0.0250000003725,0,0.0
2014-07-08 05:49:00,30.117,0.0580508992414,0.0,0,0.0
2014-07-08 05:54:00,30.549,0.0580508992414,0.0,0,0.0
2014-07-08 05:59:00,33.643,0.0580508992414,0.0,0,0.0
2014-07-08 06:04:00,44.618,0.0580508992414,0.0,0,0.0
2014-07-08 06:09:00,100.0,0.0619359995431,0.0,0,0.0
2014-07-08 06:14:00,72.048,0.0618697306325,0.0,0,0.0
2014-07-08 06:19:00,30.329,0.0618697306325,0.0250000003725,0,0.0
2014-07-08 06:24:00,29.998,0.0618697306325,0.0,0,0.0
2014-07-08 06:29:00,31.949,0.0579937184492,0.0250000003725,0,0.0
2014-07-08 06:34:00,31.881,0.0579937184492,0.0250000003725,0,0.0
2014-07-08 06:39:00,31.332,0.0542798107711,0.0250000003725,0,0.0
2014-07-08 06:44:00,32.681,0.0542798107711,0.0,0,0.0
2014-07-08 06:49:00,29.068,0.0542798107711,0.0,0,0.0
2014-07-08 06:54:00,30.167,0.0542798107711,0.0,0,0.0
2014-07-08 06:59:00,33.467,0.0542798107711,0.0,0,0.0
2014-07-08 07:04:00,45.687,0.0507256905057,0.0250000003725,0,0.0
2014-07-08 07:09:00,100.0,0.0542798107711,0.0,0,0.0
2014-07-08 07:14:00,71.542,0.0507256905057,0.0250000003725,0,0.0
2014-07-08 07:19:00,30.967,0.0542798107711,0.0,0,0.0
2014-07-08 07:24:00,29.832,0.0579937184492,0.0,0,0.0
2014-07-08 07:29:00,31.833,0.0618697306325,0.0,0,0.0
2014-07-08 07:34:00,30.45,0.0618697306325,0.0,0,0.0
2014-07-08 07:39:00,30.546,0.0618697306325,0.0,0,0.0
2014-07-08 07:44:00,32.481,0.0618697306325,0.0,0,0.0
2014-07-08 07:49:00,29.827,0.0618697306325,0.0,0,0.0
2014-07-08 07:54:00,30.5,0.0659100607219,0.0,0,0.0
2014-07-08 07:59:00,34.165,0.0659100607219,0.0,0,0.0
2014-07-08 08:04:00,44.788,0.0701168219953,0.0,0,0.0
2014-07-08 08:09:00,65.007,0.0701168219953,0.0,0,0.0
2014-07-08 08:14:00,50.211,0.0701168219953,0.0,0,0.0
2014-07-08 08:19:00,30.291,0.0701168219953,0.0,0,0.0
2014-07-08 08:24:00,30.172,0.0701168219953,0.0,0,0.0
2014-07-08 08:29:00,31.773,0.0701168219953,0.0,0,0.0
2014-07-08 08:34:00,30.293,0.0701168219953,0.0,0,0.0
2014-07-08 08:39:00,31.717,0.0701168219953,0.0,0,0.0
2014-07-08 08:44:00,30.665,0.0701168219953,0.0,0,0.0
2014-07-08 08:49:00,30.149,0.0701168219953,0.0,0,0.0
2014-07-08 08:54:00,30.456,0.0701168219953,0.0,0,0.0
2014-07-08 08:59:00,33.547,0.0701168219953,0.0,0,0.0
2014-07-08 09:04:00,44.931,0.0701168219953,0.0,0,0.0
2014-07-08 09:09:00,100.0,0.0701168219953,0.0,0,0.0
2014-07-08 09:14:00,71.321,0.0701168219953,0.0,0,0.0
2014-07-08 09:19:00,32.094,0.0701168219953,0.0,0,0.0
2014-07-08 09:24:00,28.864,0.0701168219953,0.0,0,0.0
2014-07-08 09:29:00,32.171,0.0701168219953,0.0,0,0.0
2014-07-08 09:34:00,31.145,0.0701168219953,0.0,0,0.0
2014-07-08 09:39:00,29.499,0.0701168219953,0.0,0,0.0
2014-07-08 09:44:00,30.951,0.0701168219953,0.0,0,0.0
2014-07-08 09:49:00,30.324,0.0701168219953,0.0,0,0.0
2014-07-08 09:54:00,30.289,0.0701168219953,0.0,0,0.0
2014-07-08 09:59:00,33.052,0.0701168219953,0.0,0,0.0
2014-07-08 10:04:00,44.984,0.0701168219953,0.0,0,0.0
2014-07-08 10:09:00,100.0,0.0701168219953,0.0,0,0.0
2014-07-08 10:14:00,71.787,0.0659100607219,0.0250000003725,0,0.0
2014-07-08 10:19:00,30.719,0.0659100607219,0.0,0,0.0
2014-07-08 10:24:00,30.666,0.0659100607219,0.0,0,0.0
2014-07-08 10:29:00,31.334,0.0659100607219,0.0,0,0.0
2014-07-08 10:34:00,30.29,0.0659100607219,0.0,0,0.0
2014-07-08 10:39:00,30.51,0.0659100607219,0.0,0,0.0
2014-07-08 10:44:00,32.218,0.0659100607219,0.0,0,0.0
2014-07-08 10:49:00,29.633,0.0659100607219,0.0,0,0.0
2014-07-08 10:54:00,31.775,0.0659100607219,0.0,0,0.0
2014-07-08 10:59:00,31.53,0.0659100607219,0.0,0,0.0
2014-07-08 11:04:00,45.333,0.0701168219953,0.0,0,0.0
2014-07-08 11:09:00,100.0,0.0701168219953,0.0,0,0.0
2014-07-08 11:14:00,72.0,0.0659100607219,0.0250000003725,0,0.0
2014-07-08 11:19:00,30.558,0.0659100607219,0.0,0,0.0
2014-07-08 11:24:00,31.088,0.0659100607219,0.0,0,0.0
2014-07-08 11:29:00,30.332,0.0659100607219,0.0,0,0.0
2014-07-08 11:34:00,31.601,0.0659100607219,0.0,0,0.0
2014-07-08 11:39:00,28.803,0.0659100607219,0.0,0,0.0
2014-07-08 11:44:00,31.265,0.0659100607219,0.0,0,0.0
2014-07-08 11:49:00,30.601,0.0659100607219,0.0,0,0.0
2014-07-08 11:54:00,29.5,0.0659100607219,0.0,0,0.0
2014-07-08 11:59:00,34.708,0.0659100607219,0.0,0,0.0
2014-07-08 12:04:00,43.791,0.0701168219953,0.0,0,0.0
2014-07-08 12:09:00,100.0,0.0701168219953,0.0,0,0.0
2014-07-08 12:14:00,72.765,0.0701168219953,0.0,0,0.0
2014-07-08 12:19:00,29.971,0.0701168219953,0.0,0,0.0
2014-07-08 12:24:00,29.897,0.0701168219953,0.0,0,0.0
2014-07-08 12:29:00,32.56,0.0701168219953,0.0,0,0.0
2014-07-08 12:34:00,30.198,0.0701168219953,0.0,0,0.0
2014-07-08 12:39:00,31.453,0.0701168219953,0.0,0,0.0
2014-07-08 12:44:00,31.216,0.0701168219953,0.0,0,0.0
2014-07-08 12:49:00,30.499,0.0701168219953,0.0,0,0.0
2014-07-08 12:54:00,31.417,0.0701168219953,0.0,0,0.0
2014-07-08 12:59:00,32.57,0.0701168219953,0.0,0,0.0
2014-07-08 13:04:00,44.667,0.0701168219953,0.0,0,0.0
2014-07-08 13:09:00,100.0,0.0701168219953,0.0,0,0.0
2014-07-08 13:14:00,71.882,0.0701168219953,0.0,0,0.0
2014-07-08 13:19:00,32.097,0.0659100607219,0.0250000003725,0,0.0
2014-07-08 13:24:00,30.915,0.0659100607219,0.0,0,0.0
2014-07-08 13:29:00,29.746,0.0659100607219,0.0,0,0.0
2014-07-08 13:34:00,30.332,0.0659100607219,0.0,0,0.0
2014-07-08 13:39:00,30.933,0.0659100607219,0.0,0,0.0
2014-07-08 13:44:00,31.863,0.0659100607219,0.0,0,0.0
2014-07-08 13:49:00,29.137,0.0659100607219,0.0,0,0.0
2014-07-08 13:54:00,30.167,0.0659100607219,0.0,0,0.0
2014-07-08 13:59:00,32.985,0.0659100607219,0.0,0,0.0
2014-07-08 14:04:00,44.732,0.0659100607219,0.0,0,0.0
2014-07-08 14:09:00,100.0,0.0701168219953,0.0,0,0.0
2014-07-08 14:14:00,71.0,0.0701168219953,0.0,0,0.0
2014-07-08 14:19:00,30.981,0.0701168219953,0.0,0,0.0
2014-07-08 14:24:00,30.658,0.0701168219953,0.0,0,0.0
2014-07-08 14:29:00,32.281,0.0701168219953,0.0,0,0.0
2014-07-08 14:34:00,29.949,0.0701124281707,0.0,0,0.0
2014-07-08 14:39:00,30.488,0.0701124281707,0.0,0,0.0
2014-07-08 14:44:00,33.289,0.0701124281707,0.0,0,0.0
2014-07-08 14:49:00,28.832,0.0701124281707,0.0,0,0.0
2014-07-08 14:54:00,31.46,0.0701124281707,0.0,0,0.0
2014-07-08 14:59:00,32.606,0.0701124281707,0.0,0,0.0
2014-07-08 15:04:00,44.536,0.0701124281707,0.0,0,0.0
2014-07-08 15:09:00,100.0,0.0701124281707,0.0,0,0.0
2014-07-08 15:14:00,72.499,0.0659061902364,0.0250000003725,0,0.0
2014-07-08 15:19:00,30.319,0.0659061902364,0.0,0,0.0
2014-07-08 15:24:00,30.71,0.0659061902364,0.0,0,0.0
2014-07-08 15:29:00,31.786,0.0659061902364,0.0,0,0.0
2014-07-08 15:34:00,29.873,0.0659061902364,0.0,0,0.0
2014-07-08 15:39:00,29.975,0.0659061902364,0.0,0,0.0
2014-07-08 15:44:00,31.526,0.0659061902364,0.0,0,0.0
2014-07-08 15:49:00,31.065,0.0659061902364,0.0,0,0.0
2014-07-08 15:54:00,31.049,0.0659061902364,0.0,0,0.0
2014-07-08 15:59:00,32.671,0.0659061902364,0.0,0,0.0
2014-07-08 16:04:00,44.616,0.0701124281707,0.0,0,0.0
2014-07-08 16:09:00,31.717,0.134214974043,0.899999976158,0,0.0
2014-07-08 16:14:00,31.834,0.134214974043,0.0,0,0.0
2014-07-08 16:19:00,29.902,0.134214974043,0.0,0,0.0
2014-07-08 16:24:00,30.213,0.134214974043,0.0,0,0.0
2014-07-08 16:29:00,32.461,0.134214974043,0.0,0,0.0
2014-07-08 16:34:00,31.756,0.134214974043,0.0,0,0.0
2014-07-08 16:39:00,30.498,0.134214974043,0.0,0,0.0
2014-07-08 16:44:00,30.701,0.134214974043,0.0,0,0.0
2014-07-08 16:49:00,30.288,0.134214974043,0.0,0,0.0
2014-07-08 16:54:00,30.151,0.134214974043,0.0,0,0.0
2014-07-08 16:59:00,33.716,0.0701124281707,0.0,0,0.0
2014-07-08 17:04:00,44.487,0.0701124281707,0.0,0,0.0
2014-07-08 17:09:00,66.999,0.0701124281707,0.0,0,0.0
2014-07-08 17:14:00,52.499,0.0659061902364,0.0250000003725,0,0.0
2014-07-08 17:19:00,32.309,0.0659061902364,0.0,0,0.0
2014-07-08 17:24:00,29.834,0.0659061902364,0.0,0,0.0
2014-07-08 17:29:00,32.108,0.0659061902364,0.0,0,0.0
2014-07-08 17:34:00,30.381,0.0659061902364,0.0,0,0.0
2014-07-08 17:39:00,32.43,0.0659061902364,0.0,0,0.0
2014-07-08 17:44:00,30.87,0.0659061902364,0.0,0,0.0
2014-07-08 17:49:00,29.914,0.0659061902364,0.0,0,0.0
2014-07-08 17:54:00,30.001,0.0659061902364,0.0,0,0.0
2014-07-08 17:59:00,33.714,0.0659061902364,0.0,0,0.0
2014-07-08 18:04:00,44.325,0.0701124281707,0.0,0,0.0
2014-07-08 18:09:00,100.0,0.0701124281707,0.0,0,0.0
2014-07-08 18:14:00,71.712,0.0701124281707,0.0,0,0.0
2014-07-08 18:19:00,30.333,0.0701124281707,0.0,0,0.0
2014-07-08 18:24:00,30.787,0.0701124281707,0.0,0,0.0
2014-07-08 18:29:00,31.633,0.0701124281707,0.0,0,0.0
2014-07-08 18:34:00,30.666,0.0701124281707,0.0,0,0.0
2014-07-08 18:39:00,31.973,0.0701124281707,0.0,0,0.0
2014-07-08 18:44:00,31.044,0.0701124281707,0.0,0,0.0
2014-07-08 18:49:00,30.334,0.0701124281707,0.0,0,0.0
2014-07-08 18:54:00,30.636,0.0701124281707,0.0,0,0.0
2014-07-08 18:59:00,32.952,0.0701124281707,0.0,0,0.0
2014-07-08 19:04:00,44.833,0.0701124281707,0.0,0,0.0
2014-07-08 19:09:00,100.0,0.0701124281707,0.0,0,0.0
2014-07-08 19:14:00,72.099,0.0659061902364,0.0250000003725,0,0.0
2014-07-08 19:19:00,32.13,0.0659061902364,0.0,0,0.0
2014-07-08 19:24:00,30.108,0.0659061902364,0.0,0,0.0
2014-07-08 19:29:00,31.698,0.0659061902364,0.0,0,0.0
2014-07-08 19:34:00,31.15,0.0659061902364,0.0,0,0.0
2014-07-08 19:39:00,29.946,0.0659061902364,0.0,0,0.0
2014-07-08 19:44:00,31.494,0.0659061902364,0.0,0,0.0
2014-07-08 19:49:00,31.0,0.0659061902364,0.0,0,0.0
2014-07-08 19:54:00,30.493,0.0659061902364,0.0,0,0.0
2014-07-08 19:59:00,33.315,0.0659061902364,0.0,0,0.0
2014-07-08 20:04:00,44.499,0.0701124281707,0.0,0,0.0
2014-07-08 20:09:00,100.0,0.0701124281707,0.0,0,0.0
2014-07-08 20:14:00,72.0,0.0701124281707,0.0,0,0.0
2014-07-08 20:19:00,32.391,0.0701124281707,0.0,0,0.0
2014-07-08 20:24:00,28.951,0.0701124281707,0.0,0,0.0
2014-07-08 20:29:00,32.167,0.0701124281707,0.0,0,0.0
2014-07-08 20:34:00,30.711,0.0701124281707,0.0,0,0.0
2014-07-08 20:39:00,31.251,0.0701124281707,0.0,0,0.0
2014-07-08 20:44:00,32.126,0.0701124281707,0.0,0,0.0
2014-07-08 20:49:00,30.695,0.0701124281707,0.0,0,0.0
2014-07-08 20:54:00,29.832,0.0701124281707,0.0,0,0.0
2014-07-08 20:59:00,34.468,0.0701124281707,0.0,0,0.0
2014-07-08 21:04:00,44.332,0.0701124281707,0.0,0,0.0
2014-07-08 21:09:00,64.948,0.0701124281707,0.0,0,0.0
2014-07-08 21:14:00,51.886,0.0659061902364,0.0250000003725,0,0.0
2014-07-08 21:19:00,30.782,0.0659061902364,0.0,0,0.0
2014-07-08 21:24:00,30.455,0.0659061902364,0.0,0,0.0
2014-07-08 21:29:00,32.5,0.0659061902364,0.0,0,0.0
2014-07-08 21:34:00,31.046,0.0659061902364,0.0,0,0.0
2014-07-08 21:39:00,28.998,0.0659061902364,0.0,0,0.0
2014-07-08 21:44:00,33.209,0.0659061902364,0.0,0,0.0
2014-07-08 21:49:00,28.93,0.0659061902364,0.0,0,0.0
2014-07-08 21:54:00,30.499,0.0659061902364,0.0,0,0.0
2014-07-08 21:59:00,33.0,0.0659061902364,0.0,0,0.0
2014-07-08 22:04:00,45.317,0.0701124281707,0.0,0,0.0
2014-07-08 22:09:00,66.994,0.0659061902364,0.0250000003725,0,0.0
2014-07-08 22:14:00,52.214,0.0659061902364,0.0,0,0.0
2014-07-08 22:19:00,32.001,0.0659061902364,0.0,0,0.0
2014-07-08 22:24:00,31.407,0.0659061902364,0.0,0,0.0
2014-07-08 22:29:00,31.993,0.0659061902364,0.0,0,0.0
2014-07-08 22:34:00,30.442,0.0659061902364,0.0,0,0.0
2014-07-08 22:39:00,30.355,0.0659061902364,0.0,0,0.0
2014-07-08 22:44:00,31.579,0.0659061902364,0.0,0,0.0
2014-07-08 22:49:00,30.645,0.0659061902364,0.0,0,0.0
2014-07-08 22:54:00,30.309,0.065818690966,0.0,0,0.0
2014-07-08 22:59:00,33.218,0.0700131005916,0.0,0,0.0
2014-07-08 23:04:00,45.117,0.0700131005916,0.0,0,0.0
2014-07-08 23:09:00,100.0,0.0542212448547,0.10000000149,0,0.0
2014-07-08 23:14:00,73.471,0.0542212448547,0.0,0,0.0
2014-07-08 23:19:00,29.982,0.0542212448547,0.0,0,0.0
2014-07-08 23:24:00,31.476,0.0542212448547,0.0,0,0.0
2014-07-08 23:29:00,32.08,0.0542212448547,0.0,0,0.0
2014-07-08 23:34:00,29.321,0.0542212448547,0.0,0,0.0
2014-07-08 23:39:00,30.717,0.0542212448547,0.0,0,0.0
2014-07-08 23:44:00,32.443,0.0542212448547,0.0,0,0.0
2014-07-08 23:49:00,29.714,0.0542212448547,0.0,0,0.0
2014-07-08 23:54:00,30.573,0.0542212448547,0.0,0,0.0
2014-07-08 23:59:00,33.636,0.0700131005916,0.0,0,0.0
2014-07-09 00:04:00,44.214,0.0700131005916,0.0,0,0.0
2014-07-09 00:09:00,100.0,0.0700131005916,0.0,0,0.0
2014-07-09 00:14:00,72.166,0.065818690966,0.0250000003725,0,0.0
2014-07-09 00:19:00,30.454,0.065818690966,0.0,0,0.0
2014-07-09 00:24:00,30.333,0.065818690966,0.0,0,0.0
2014-07-09 00:29:00,32.334,0.065818690966,0.0,0,0.0
2014-07-09 00:34:00,29.919,0.065818690966,0.0,0,0.0
2014-07-09 00:39:00,31.453,0.065818690966,0.0,0,0.0
2014-07-09 00:44:00,31.533,0.065818690966,0.0,0,0.0
2014-07-09 00:49:00,30.66,0.065818690966,0.0,0,0.0
2014-07-09 00:54:00,29.333,0.065818690966,0.0,0,0.0
2014-07-09 00:59:00,33.312,0.065818690966,0.0,0,0.0
2014-07-09 01:04:00,44.569,0.0743752323893,0.625,0,0.0
2014-07-09 01:09:00,100.0,0.0743752323893,0.0,0,0.0
2014-07-09 01:14:00,71.834,0.0743752323893,0.0,0,0.0
2014-07-09 01:19:00,30.992,0.0743752323893,0.0,0,0.0
2014-07-09 01:24:00,31.141,0.0743752323893,0.0,0,0.0
2014-07-09 01:29:00,32.0,0.0743752323893,0.0,0,0.0
2014-07-09 01:34:00,29.832,0.0743752323893,0.0,0,0.0
2014-07-09 01:39:00,31.65,0.0743752323893,0.0,0,0.0
2014-07-09 01:44:00,31.771,0.0743752323893,0.0,0,0.0
2014-07-09 01:49:00,30.294,0.0743752323893,0.0,0,0.0
2014-07-09 01:54:00,30.716,0.0700131005916,0.0,0,0.0
2014-07-09 01:59:00,35.045,0.0700131005916,0.0,0,0.0
2014-07-09 02:04:00,42.707,0.0700131005916,0.0,0,0.0
2014-07-09 02:09:00,100.0,0.0700131005916,0.0,0,0.0
2014-07-09 02:14:00,71.671,0.065818690966,0.0250000003725,0,0.0
2014-07-09 02:19:00,31.149,0.065818690966,0.0,0,0.0
2014-07-09 02:24:00,31.137,0.065818690966,0.0,0,0.0
2014-07-09 02:29:00,31.327,0.065818690966,0.0,0,0.0
2014-07-09 02:34:00,31.55,0.065818690966,0.0,0,0.0
2014-07-09 02:39:00,32.165,0.065818690966,0.0,0,0.0
2014-07-09 02:44:00,29.832,0.065818690966,0.0,0,0.0
2014-07-09 02:49:00,30.453,0.065818690966,0.0,0,0.0
2014-07-09 02:54:00,30.342,0.065818690966,0.0,0,0.0
2014-07-09 02:59:00,33.339,0.065818690966,0.0,0,0.0
2014-07-09 03:04:00,44.998,0.0789069967179,0.649999976158,0,0.0
2014-07-09 03:09:00,100.0,0.0789069967179,0.0,0,0.0
2014-07-09 03:14:00,71.539,0.0789069967179,0.0,0,0.0
2014-07-09 03:19:00,31.65,0.0789069967179,0.0,0,0.0
2014-07-09 03:24:00,31.999,0.0789069967179,0.0,0,0.0
2014-07-09 03:29:00,31.261,0.0789069967179,0.0,0,0.0
2014-07-09 03:34:00,36.166,0.0935379669131,0.0750000029802,0,0.0
2014-07-09 03:39:00,31.213,0.0935379669131,0.0,0,0.0
2014-07-09 03:44:00,32.618,0.0935379669131,0.0,0,0.0
2014-07-09 03:49:00,29.385,0.0935379669131,0.0,0,0.0
2014-07-09 03:54:00,30.297,0.0579249151039,0.0,0,0.0
2014-07-09 03:59:00,34.005,0.0579249151039,0.0,0,0.0
2014-07-09 04:04:00,43.781,0.0579249151039,0.0,0,0.0
2014-07-09 04:09:00,66.338,0.0579249151039,0.0,0,0.0
2014-07-09 04:14:00,52.5,0.0579249151039,0.0,0,0.0
2014-07-09 04:19:00,31.296,0.0579249151039,0.0,0,0.0
2014-07-09 04:24:00,29.814,0.0700131005916,0.0,0,0.0
2014-07-09 04:29:00,31.629,0.0700131005916,0.0,0,0.0
2014-07-09 04:34:00,30.423,0.0700131005916,0.0,0,0.0
2014-07-09 04:39:00,30.381,0.0700131005916,0.0,0,0.0
2014-07-09 04:44:00,32.667,0.0700131005916,0.0,0,0.0
2014-07-09 04:49:00,29.499,0.0700131005916,0.0,0,0.0
2014-07-09 04:54:00,31.332,0.065818690966,0.0250000003725,0,0.0
2014-07-09 04:59:00,33.619,0.0617899967617,0.0250000003725,0,0.0
2014-07-09 05:04:00,45.476,0.0579249153858,0.0250000003725,0,0.0
2014-07-09 05:09:00,100.0,0.0579249153858,0.0,0,0.0
2014-07-09 05:14:00,73.095,0.0542212448547,0.0250000003725,0,0.0
2014-07-09 05:19:00,29.158,0.0506766802635,0.0250000003725,0,0.0
2014-07-09 05:24:00,30.666,0.0506766802635,0.0,0,0.0
2014-07-09 05:29:00,31.433,0.0472888103839,0.0250000003725,0,0.0
2014-07-09 05:34:00,30.544,0.0440551144402,0.0250000003725,0,0.0
2014-07-09 05:39:00,29.12,0.0440551144402,0.0,0,0.0
2014-07-09 05:44:00,32.558,0.0440551144402,0.0250000003725,0,0.0
2014-07-09 05:49:00,29.771,0.0472888103839,0.0,0,0.0
2014-07-09 05:54:00,30.218,0.0506766802635,0.0,0,0.0
2014-07-09 05:59:00,33.284,0.0506766802635,0.0,0,0.0
2014-07-09 06:04:00,45.218,0.0542212448547,0.0,0,0.0
2014-07-09 06:09:00,100.0,0.0579249153858,0.0,0,0.0
2014-07-09 06:14:00,71.881,0.0542212448547,0.0250000003725,0,0.0
2014-07-09 06:19:00,30.332,0.0542212448547,0.0250000003725,0,0.0
2014-07-09 06:24:00,30.785,0.0579249153858,0.0,0,0.0
2014-07-09 06:29:00,31.214,0.0542212448547,0.0250000003725,0,0.0
2014-07-09 06:34:00,30.971,0.0542212448547,0.0250000003725,0,0.0
2014-07-09 06:39:00,30.5,0.0506766802635,0.0250000003725,0,0.0
2014-07-09 06:44:00,32.668,0.0506766802635,0.0,0,0.0
2014-07-09 06:49:00,29.41,0.0506766802635,0.0,0,0.0
2014-07-09 06:54:00,30.212,0.0506766802635,0.0,0,0.0
2014-07-09 06:59:00,34.118,0.0506766802635,0.0,0,0.0
2014-07-09 07:04:00,43.714,0.0506766802635,0.0250000003725,0,0.0
2014-07-09 07:09:00,100.0,0.0542212448547,0.0,0,0.0
2014-07-09 07:14:00,72.324,0.0506358518904,0.0250000003725,0,0.0
2014-07-09 07:19:00,29.699,0.0541724591919,0.0,0,0.0
2014-07-09 07:24:00,31.666,0.0578676055996,0.0,0,0.0
2014-07-09 07:29:00,30.119,0.0617235858867,0.0,0,0.0
2014-07-09 07:34:00,30.638,0.0617235858867,0.0,0,0.0
2014-07-09 07:39:00,30.5,0.0617235858867,0.0,0,0.0
2014-07-09 07:44:00,31.011,0.0617235858867,0.0,0,0.0
2014-07-09 07:49:00,31.583,0.0617235858867,0.0,0,0.0
2014-07-09 07:54:00,29.133,0.0657425925443,0.0,0,0.0
2014-07-09 07:59:00,33.551,0.0657425925443,0.0,0,0.0
2014-07-09 08:04:00,45.465,0.0699267192803,0.0,0,0.0
2014-07-09 08:09:00,100.0,0.0699267192803,0.0,0,0.0
2014-07-09 08:14:00,72.167,0.0699267192803,0.0,0,0.0
2014-07-09 08:19:00,30.12,0.0699267192803,0.0,0,0.0
2014-07-09 08:24:00,30.544,0.0699267192803,0.0,0,0.0
2014-07-09 08:29:00,31.447,0.0699267192803,0.0,0,0.0
2014-07-09 08:34:00,29.953,0.0699267192803,0.0,0,0.0
2014-07-09 08:39:00,31.884,0.0699267192803,0.0,0,0.0
2014-07-09 08:44:00,30.333,0.0699267192803,0.0,0,0.0
2014-07-09 08:49:00,29.829,0.0699267192803,0.0,0,0.0
2014-07-09 08:54:00,30.167,0.0699267192803,0.0,0,0.0
2014-07-09 08:59:00,33.619,0.0699267192803,0.0,0,0.0
2014-07-09 09:04:00,44.7,0.0699267192803,0.0,0,0.0
2014-07-09 09:09:00,100.0,0.0699267192803,0.0,0,0.0
2014-07-09 09:14:00,71.999,0.0699267192803,0.0,0,0.0
2014-07-09 09:19:00,30.335,0.0699267192803,0.0,0,0.0
2014-07-09 09:24:00,30.829,0.0699267192803,0.0,0,0.0
2014-07-09 09:29:00,30.282,0.0699267192803,0.0,0,0.0
2014-07-09 09:34:00,30.713,0.0699267192803,0.0,0,0.0
2014-07-09 09:39:00,30.635,0.0699267192803,0.0,0,0.0
2014-07-09 09:44:00,30.833,0.0699267192803,0.0,0,0.0
2014-07-09 09:49:00,31.314,0.0699267192803,0.0,0,0.0
2014-07-09 09:54:00,30.833,0.0699267192803,0.0,0,0.0
2014-07-09 09:59:00,33.0,0.0699267192803,0.0,0,0.0
2014-07-09 10:04:00,44.836,0.0699267192803,0.0,0,0.0
2014-07-09 10:09:00,100.0,0.0699267192803,0.0,0,0.0
2014-07-09 10:14:00,72.218,0.0657425925443,0.0250000003725,0,0.0
2014-07-09 10:19:00,30.288,0.0657425925443,0.0,0,0.0
2014-07-09 10:24:00,30.803,0.0657425925443,0.0,0,0.0
2014-07-09 10:29:00,32.016,0.0657425925443,0.0,0,0.0
2014-07-09 10:34:00,30.817,0.0657425925443,0.0,0,0.0
2014-07-09 10:39:00,28.952,0.0657425925443,0.0,0,0.0
2014-07-09 10:44:00,33.388,0.0657425925443,0.0,0,0.0
2014-07-09 10:49:00,29.238,0.0657425925443,0.0,0,0.0
2014-07-09 10:54:00,30.165,0.0657425925443,0.0,0,0.0
2014-07-09 10:59:00,34.117,0.0657425925443,0.0,0,0.0
2014-07-09 11:04:00,46.052,0.0699267192803,0.0,0,0.0
2014-07-09 11:09:00,100.0,0.0699267192803,0.0,0,0.0
2014-07-09 11:14:00,71.5,0.0699267192803,0.0,0,0.0
2014-07-09 11:19:00,30.784,0.0699267192803,0.0,0,0.0
2014-07-09 11:24:00,30.105,0.0699267192803,0.0,0,0.0
2014-07-09 11:29:00,33.366,0.0699267192803,0.0,0,0.0
2014-07-09 11:34:00,29.671,0.0699267192803,0.0,0,0.0
2014-07-09 11:39:00,30.214,0.0699267192803,0.0,0,0.0
2014-07-09 11:44:00,31.667,0.0699267192803,0.0,0,0.0
2014-07-09 11:49:00,30.418,0.0699267192803,0.0,0,0.0
2014-07-09 11:54:00,30.384,0.0699267192803,0.0,0,0.0
2014-07-09 11:59:00,32.831,0.0699267192803,0.0,0,0.0
2014-07-09 12:04:00,44.5,0.0699267192803,0.0,0,0.0
2014-07-09 12:09:00,100.0,0.0699267192803,0.0,0,0.0
2014-07-09 12:14:00,72.152,0.0699267192803,0.0,0,0.0
2014-07-09 12:19:00,32.005,0.0657425925443,0.0250000003725,0,0.0
2014-07-09 12:24:00,30.151,0.0657425925443,0.0,0,0.0
2014-07-09 12:29:00,31.035,0.0657425925443,0.0,0,0.0
2014-07-09 12:34:00,30.154,0.0657425925443,0.0,0,0.0
2014-07-09 12:39:00,30.658,0.0657425925443,0.0,0,0.0
2014-07-09 12:44:00,30.923,0.0657425925443,0.0,0,0.0
2014-07-09 12:49:00,30.666,0.0657425925443,0.0,0,0.0
2014-07-09 12:54:00,29.883,0.0657425925443,0.0,0,0.0
2014-07-09 12:59:00,33.122,0.0657425925443,0.0,0,0.0
2014-07-09 13:04:00,44.551,0.0657425925443,0.0,0,0.0
2014-07-09 13:09:00,100.0,0.0699267192803,0.0,0,0.0
2014-07-09 13:14:00,72.211,0.0699267192803,0.0,0,0.0
2014-07-09 13:19:00,29.289,0.0699267192803,0.0,0,0.0
2014-07-09 13:24:00,29.881,0.0699267192803,0.0,0,0.0
2014-07-09 13:29:00,31.952,0.0699267192803,0.0,0,0.0
2014-07-09 13:34:00,30.009,0.0699267192803,0.0,0,0.0
2014-07-09 13:39:00,30.119,0.0699267192803,0.0,0,0.0
2014-07-09 13:44:00,32.054,0.0699267192803,0.0,0,0.0
2014-07-09 13:49:00,29.999,0.0699267192803,0.0,0,0.0
2014-07-09 13:54:00,30.499,0.0699267192803,0.0,0,0.0
2014-07-09 13:59:00,33.426,0.0699267192803,0.0,0,0.0
2014-07-09 14:04:00,45.144,0.0699267192803,0.0,0,0.0
2014-07-09 14:09:00,66.667,0.0699267192803,0.0,0,0.0
2014-07-09 14:14:00,53.314,0.0657425925443,0.0250000003725,0,0.0
2014-07-09 14:19:00,29.333,0.0657425925443,0.0,0,0.0
2014-07-09 14:24:00,30.286,0.0657425925443,0.0,0,0.0
2014-07-09 14:29:00,31.875,0.0657425925443,0.0,0,0.0
2014-07-09 14:34:00,31.334,0.0657425925443,0.0,0,0.0
2014-07-09 14:39:00,29.498,0.0657425925443,0.0,0,0.0
2014-07-09 14:44:00,31.166,0.0657425925443,0.0,0,0.0
2014-07-09 14:49:00,31.284,0.0657425925443,0.0,0,0.0
2014-07-09 14:54:00,30.539,0.0657425925443,0.0,0,0.0
2014-07-09 14:59:00,33.334,0.0657425925443,0.0,0,0.0
2014-07-09 15:04:00,46.261,0.0699267192803,0.0,0,0.0
2014-07-09 15:09:00,100.0,0.0699267192803,0.0,0,0.0
2014-07-09 15:14:00,72.666,0.0699267192803,0.0,0,0.0
2014-07-09 15:19:00,31.371,0.0699267192803,0.0,0,0.0
2014-07-09 15:24:00,29.666,0.0699267192803,0.0,0,0.0
2014-07-09 15:29:00,33.307,0.0699267192803,0.0,0,0.0
2014-07-09 15:34:00,29.245,0.0698800955958,0.0,0,0.0
2014-07-09 15:39:00,30.626,0.0698800955958,0.0,0,0.0
2014-07-09 15:44:00,31.451,0.0698800955958,0.0,0,0.0
2014-07-09 15:49:00,31.498,0.0698800955958,0.0,0,0.0
2014-07-09 15:54:00,29.729,0.0698800955958,0.0,0,0.0
2014-07-09 15:59:00,33.116,0.0698800955958,0.0,0,0.0
2014-07-09 16:04:00,45.333,0.0698800955958,0.0,0,0.0
2014-07-09 16:09:00,67.489,0.0698800955958,0.0,0,0.0
2014-07-09 16:14:00,52.212,0.0657015175311,0.0250000003725,0,0.0
2014-07-09 16:19:00,30.784,0.0657015175311,0.0,0,0.0
2014-07-09 16:24:00,30.639,0.0657015175311,0.0,0,0.0
2014-07-09 16:29:00,32.39,0.0657015175311,0.0,0,0.0
2014-07-09 16:34:00,30.666,0.0657015175311,0.0,0,0.0
2014-07-09 16:39:00,30.953,0.0657015175311,0.0,0,0.0
2014-07-09 16:44:00,31.513,0.0657015175311,0.0,0,0.0
2014-07-09 16:49:00,31.365,0.0657015175311,0.0,0,0.0
2014-07-09 16:54:00,30.171,0.0657015175311,0.0,0,0.0
2014-07-09 16:59:00,33.828,0.0657015175311,0.0,0,0.0
2014-07-09 17:04:00,45.66,0.0698800955958,0.0,0,0.0
2014-07-09 17:09:00,64.832,0.0698800955958,0.0,0,0.0
2014-07-09 17:14:00,52.545,0.0616877384998,0.0500000007451,0,0.0
2014-07-09 17:19:00,30.035,0.0616877384998,0.0,0,0.0
2014-07-09 17:24:00,30.704,0.0616877384998,0.0,0,0.0
2014-07-09 17:29:00,32.142,0.0616877384998,0.0,0,0.0
2014-07-09 17:34:00,31.917,0.0616877384998,0.0,0,0.0
2014-07-09 17:39:00,29.788,0.0616877384998,0.0,0,0.0
2014-07-09 17:44:00,32.125,0.0616877384998,0.0,0,0.0
2014-07-09 17:49:00,29.332,0.0616877384998,0.0,0,0.0
2014-07-09 17:54:00,30.213,0.0616877384998,0.0,0,0.0
2014-07-09 17:59:00,33.629,0.0616877384998,0.0,0,0.0
2014-07-09 18:04:00,44.547,0.0698800955958,0.0,0,0.0
2014-07-09 18:09:00,65.0,0.0698800955958,0.0,0,0.0
2014-07-09 18:14:00,50.84,0.0698800955958,0.0,0,0.0
2014-07-09 18:19:00,31.17,0.0698800955958,0.0,0,0.0
2014-07-09 18:24:00,31.146,0.0698800955958,0.0,0,0.0
2014-07-09 18:29:00,31.717,0.0698800955958,0.0,0,0.0
2014-07-09 18:34:00,32.105,0.0657015175311,0.0250000003725,0,0.0
2014-07-09 18:39:00,30.147,0.0657015175311,0.0,0,0.0
2014-07-09 18:44:00,31.213,0.0657015175311,0.0,0,0.0
2014-07-09 18:49:00,30.166,0.0657015175311,0.0,0,0.0
2014-07-09 18:54:00,30.125,0.0657015175311,0.0,0,0.0
2014-07-09 18:59:00,33.64,0.0657015175311,0.0,0,0.0
2014-07-09 19:04:00,44.666,0.0657015175311,0.0,0,0.0
2014-07-09 19:09:00,100.0,0.0616877384998,0.0250000003725,0,0.0
2014-07-09 19:14:00,72.333,0.0616877384998,0.0,0,0.0
2014-07-09 19:19:00,29.926,0.0616877384998,0.0,0,0.0
2014-07-09 19:24:00,31.502,0.0657015175311,0.0,0,0.0
2014-07-09 19:29:00,32.351,0.0657015175311,0.0,0,0.0
2014-07-09 19:34:00,29.713,0.0657015175311,0.0,0,0.0
2014-07-09 19:39:00,30.544,0.0657015175311,0.0,0,0.0
2014-07-09 19:44:00,31.541,0.0657015175311,0.0,0,0.0
2014-07-09 19:49:00,31.322,0.0657015175311,0.0,0,0.0
2014-07-09 19:54:00,30.0,0.0657015175311,0.0,0,0.0
2014-07-09 19:59:00,32.521,0.0698800955958,0.0,0,0.0
2014-07-09 20:04:00,44.665,0.0698800955958,0.0,0,0.0
2014-07-09 20:09:00,64.993,0.0698800955958,0.0,0,0.0
2014-07-09 20:14:00,51.5,0.0698800955958,0.0,0,0.0
2014-07-09 20:19:00,30.812,0.0698800955958,0.0,0,0.0
2014-07-09 20:24:00,31.168,0.0698800955958,0.0,0,0.0
2014-07-09 20:29:00,32.279,0.0698800955958,0.0,0,0.0
2014-07-09 20:34:00,30.539,0.0698800955958,0.0,0,0.0
2014-07-09 20:39:00,31.333,0.0698800955958,0.0,0,0.0
2014-07-09 20:44:00,30.513,0.0698800955958,0.0,0,0.0
2014-07-09 20:49:00,30.831,0.0698800955958,0.0,0,0.0
2014-07-09 20:54:00,29.834,0.0698800955958,0.0,0,0.0
2014-07-09 20:59:00,33.451,0.0698800955958,0.0,0,0.0
2014-07-09 21:04:00,44.384,0.0698800955958,0.0,0,0.0
2014-07-09 21:09:00,100.0,0.0698800955958,0.0,0,0.0
2014-07-09 21:14:00,72.118,0.0657015175311,0.0250000003725,0,0.0
2014-07-09 21:19:00,31.498,0.0657015175311,0.0,0,0.0
2014-07-09 21:24:00,30.659,0.0657015175311,0.0,0,0.0
2014-07-09 21:29:00,32.335,0.0657015175311,0.0,0,0.0
2014-07-09 21:34:00,30.714,0.0657015175311,0.0,0,0.0
2014-07-09 21:39:00,29.462,0.0657015175311,0.0,0,0.0
2014-07-09 21:44:00,32.219,0.0657015175311,0.0,0,0.0
2014-07-09 21:49:00,30.666,0.0657015175311,0.0,0,0.0
2014-07-09 21:54:00,30.318,0.0657015175311,0.0,0,0.0
2014-07-09 21:59:00,34.09,0.0657015175311,0.0,0,0.0
2014-07-09 22:04:00,45.05,0.06988009966,0.600000023842,0,0.0
2014-07-09 22:09:00,100.0,0.06988009966,0.0,0,0.0
2014-07-09 22:14:00,73.118,0.06988009966,0.0,0,0.0
2014-07-09 22:19:00,30.159,0.06988009966,0.0,0,0.0
2014-07-09 22:24:00,29.881,0.06988009966,0.0,0,0.0
2014-07-09 22:29:00,32.93,0.06988009966,0.0,0,0.0
2014-07-09 22:34:00,30.418,0.06988009966,0.0,0,0.0
2014-07-09 22:39:00,29.024,0.06988009966,0.0,0,0.0
2014-07-09 22:44:00,32.214,0.06988009966,0.0,0,0.0
2014-07-09 22:49:00,29.833,0.06988009966,0.0,0,0.0
2014-07-09 22:54:00,30.617,0.0698800955958,0.0,0,0.0
2014-07-09 22:59:00,34.308,0.0698800955958,0.0,0,0.0
2014-07-09 23:04:00,43.039,0.0698800955958,0.0,0,0.0
2014-07-09 23:09:00,100.0,0.0698800955958,0.0,0,0.0
2014-07-09 23:14:00,71.502,0.0698800955958,0.0,0,0.0
2014-07-09 23:19:00,31.156,0.0698800955958,0.0,0,0.0
2014-07-09 23:24:00,31.12,0.0698800955958,0.0,0,0.0
2014-07-09 23:29:00,32.547,0.0698800955958,0.0,0,0.0
2014-07-09 23:34:00,29.381,0.0698800955958,0.0,0,0.0
2014-07-09 23:39:00,30.364,0.0698800955958,0.0,0,0.0
2014-07-09 23:44:00,32.0,0.0698800955958,0.0,0,0.0
2014-07-09 23:49:00,31.664,0.0698800955958,0.0,0,0.0
2014-07-09 23:54:00,29.547,0.0698299912358,0.0,0,0.0
2014-07-09 23:59:00,32.52,0.0698299912358,0.0,0,0.0
2014-07-10 00:04:00,45.066,0.0656573749468,0.0250000003725,0,0.0
2014-07-10 00:09:00,64.884,0.0656573749468,0.0,0,0.0
2014-07-10 00:14:00,51.453,0.0656573749468,0.0,0,0.0
2014-07-10 00:19:00,30.383,0.0656573749468,0.0,0,0.0
2014-07-10 00:24:00,30.746,0.0656573749468,0.0,0,0.0
2014-07-10 00:29:00,33.485,0.0656573749468,0.0,0,0.0
2014-07-10 00:34:00,29.169,0.0656573749468,0.0,0,0.0
2014-07-10 00:39:00,30.932,0.0656573749468,0.0,0,0.0
2014-07-10 00:44:00,31.834,0.0656573749468,0.0,0,0.0
2014-07-10 00:49:00,30.321,0.0656573749468,0.0,0,0.0
2014-07-10 00:54:00,30.549,0.0698299912358,0.0,0,0.0
2014-07-10 00:59:00,33.421,0.0698299912358,0.0,0,0.0
2014-07-10 01:04:00,45.172,0.0698299912358,0.0,0,0.0
2014-07-10 01:09:00,100.0,0.0698299912358,0.0,0,0.0
2014-07-10 01:14:00,72.167,0.0698299912358,0.0,0,0.0
2014-07-10 01:19:00,30.667,0.0698299912358,0.0,0,0.0
2014-07-10 01:24:00,31.766,0.0698299912358,0.0,0,0.0
2014-07-10 01:29:00,32.542,0.0698299912358,0.0,0,0.0
2014-07-10 01:34:00,29.952,0.0698299912358,0.0,0,0.0
2014-07-10 01:39:00,31.558,0.0698299912358,0.0,0,0.0
2014-07-10 01:44:00,30.932,0.0698299912358,0.0,0,0.0
2014-07-10 01:49:00,30.884,0.0698299912358,0.0,0,0.0
2014-07-10 01:54:00,29.677,0.0698299912358,0.0,0,0.0
2014-07-10 01:59:00,33.466,0.0698299912358,0.0,0,0.0
2014-07-10 02:04:00,44.999,0.0578034210516,0.0750000029802,0,0.0
2014-07-10 02:09:00,65.39,0.0578034210516,0.0,0,0.0
2014-07-10 02:14:00,51.661,0.0578034210516,0.0,0,0.0
2014-07-10 02:19:00,30.337,0.0578034210516,0.0,0,0.0
2014-07-10 02:24:00,32.09,0.0578034210516,0.0,0,0.0
2014-07-10 02:29:00,31.519,0.0578034210516,0.0,0,0.0
2014-07-10 02:34:00,30.499,0.0578034210516,0.0,0,0.0
2014-07-10 02:39:00,30.453,0.0578034210516,0.0,0,0.0
2014-07-10 02:44:00,31.388,0.0578034210516,0.0,0,0.0
2014-07-10 02:49:00,30.123,0.0541178180859,0.0250000003725,0,0.0
2014-07-10 02:54:00,31.591,0.0656573749468,0.0,0,0.0
2014-07-10 02:59:00,31.957,0.0656573749468,0.0,0,0.0
2014-07-10 03:04:00,44.349,0.0656573749468,0.0,0,0.0
2014-07-10 03:09:00,100.0,0.0656573749468,0.0,0,0.0
2014-07-10 03:14:00,72.048,0.0656573749468,0.0,0,0.0
2014-07-10 03:19:00,31.167,0.0656573749468,0.0,0,0.0
2014-07-10 03:24:00,33.285,0.0656573749468,0.0,0,0.0
2014-07-10 03:29:00,31.856,0.0656573749468,0.0,0,0.0
2014-07-10 03:34:00,31.63,0.0656573749468,0.0,0,0.0
2014-07-10 03:39:00,32.956,0.0698299912358,0.0,0,0.0
2014-07-10 03:44:00,32.113,0.0698299912358,0.0,0,0.0
2014-07-10 03:49:00,31.768,0.0698299912358,0.0,0,0.0
2014-07-10 03:54:00,28.574,0.0698299912358,0.0,0,0.0
2014-07-10 03:59:00,33.95,0.0698299912358,0.0,0,0.0
2014-07-10 04:04:00,44.216,0.0439987795107,0.17499999702,0,0.0
2014-07-10 04:09:00,65.0,0.0439987795107,0.0,0,0.0
2014-07-10 04:14:00,51.493,0.0439987795107,0.0,0,0.0
2014-07-10 04:19:00,30.332,0.0439987795107,0.0,0,0.0
2014-07-10 04:24:00,30.62,0.0439987795107,0.0,0,0.0
2014-07-10 04:29:00,33.169,0.0439987795107,0.0,0,0.0
2014-07-10 04:34:00,29.868,0.0439987795107,0.0,0,0.0
2014-07-10 04:39:00,29.833,0.0439987795107,0.0,0,0.0
2014-07-10 04:44:00,31.947,0.0439987795107,0.0,0,0.0
2014-07-10 04:49:00,30.299,0.0439987795107,0.0,0,0.0
2014-07-10 04:54:00,31.027,0.0698299912358,0.0,0,0.0
2014-07-10 04:59:00,32.483,0.0698299912358,0.0,0,0.0
2014-07-10 05:04:00,45.499,0.0698299912358,0.0,0,0.0
2014-07-10 05:09:00,100.0,0.0698299912358,0.0,0,0.0
2014-07-10 05:14:00,71.833,0.0698299912358,0.0,0,0.0
2014-07-10 05:19:00,30.995,0.0656573749468,0.0250000003725,0,0.0
2014-07-10 05:24:00,30.574,0.0656573749468,0.0,0,0.0
2014-07-10 05:29:00,31.166,0.0656573749468,0.0,0,0.0
2014-07-10 05:34:00,30.667,0.0656573749468,0.0,0,0.0
2014-07-10 05:39:00,31.999,0.0656573749468,0.0,0,0.0
2014-07-10 05:44:00,30.382,0.0656573749468,0.0,0,0.0
2014-07-10 05:49:00,30.309,0.0616492129034,0.0250000003725,0,0.0
2014-07-10 05:54:00,30.255,0.0616492129034,0.0,0,0.0
2014-07-10 05:59:00,33.299,0.0616492129034,0.0,0,0.0
2014-07-10 06:04:00,44.388,0.0439987792296,0.375,0,0.0
2014-07-10 06:09:00,100.0,0.0409300314812,0.0,0,0.0
2014-07-10 06:14:00,72.167,0.0409300314812,0.0,0,0.0
2014-07-10 06:19:00,30.833,0.0409300314812,0.0,0,0.0
2014-07-10 06:24:00,29.618,0.0409300314812,0.0,0,0.0
2014-07-10 06:29:00,31.886,0.0409300314812,0.0,0,0.0
2014-07-10 06:34:00,30.284,0.0409300314812,0.0,0,0.0
2014-07-10 06:39:00,31.521,0.0380089756202,0.0,0,0.0
2014-07-10 06:44:00,30.648,0.0380089756202,0.0,0,0.0
2014-07-10 06:49:00,30.338,0.0380089756202,0.0,0,0.0
2014-07-10 06:54:00,30.383,0.0698299912358,0.0,0,0.0
2014-07-10 06:59:00,33.285,0.0698299912358,0.0,0,0.0
2014-07-10 07:04:00,45.165,0.0698299912358,0.0,0,0.0
2014-07-10 07:09:00,65.0,0.0656573749468,0.0250000003725,0,0.0
2014-07-10 07:14:00,51.499,0.0656573749468,0.0,0,0.0
2014-07-10 07:19:00,30.776,0.0656573749468,0.0,0,0.0
2014-07-10 07:24:00,30.499,0.0656573749468,0.0,0,0.0
2014-07-10 07:29:00,31.501,0.0656573749468,0.0,0,0.0
2014-07-10 07:34:00,29.668,0.0656573749468,0.0,0,0.0
2014-07-10 07:39:00,30.654,0.0656573749468,0.0,0,0.0
2014-07-10 07:44:00,31.832,0.0656573749468,0.0,0,0.0
2014-07-10 07:49:00,29.619,0.0656573749468,0.0,0,0.0
2014-07-10 07:54:00,30.436,0.0656573749468,0.0,0,0.0
2014-07-10 07:59:00,34.757,0.0698299912358,0.0,0,0.0
2014-07-10 08:04:00,43.499,0.0698299912358,0.0,0,0.0
2014-07-10 08:09:00,100.0,0.0698299912358,0.0,0,0.0
2014-07-10 08:14:00,73.281,0.069795704491,0.0,0,0.0
2014-07-10 08:19:00,28.947,0.069795704491,0.0,0,0.0
2014-07-10 08:24:00,30.345,0.069795704491,0.0,0,0.0
2014-07-10 08:29:00,31.639,0.069795704491,0.0,0,0.0
2014-07-10 08:34:00,30.499,0.069795704491,0.0,0,0.0
2014-07-10 08:39:00,30.148,0.069795704491,0.0,0,0.0
2014-07-10 08:44:00,32.173,0.069795704491,0.0,0,0.0
2014-07-10 08:49:00,30.339,0.069795704491,0.0,0,0.0
2014-07-10 08:54:00,29.153,0.069795704491,0.0,0,0.0
2014-07-10 08:59:00,33.499,0.069795704491,0.0,0,0.0
2014-07-10 09:04:00,45.498,0.0301030008224,0.300000011921,0,0.0
2014-07-10 09:09:00,64.948,0.0301030008224,0.0,0,0.0
2014-07-10 09:14:00,51.381,0.0301030008224,0.0,0,0.0
2014-07-10 09:19:00,30.787,0.0301030008224,0.0,0,0.0
2014-07-10 09:24:00,29.542,0.0301030008224,0.0,0,0.0
2014-07-10 09:29:00,32.499,0.0301030008224,0.0,0,0.0
2014-07-10 09:34:00,30.0,0.0301030008224,0.0,0,0.0
2014-07-10 09:39:00,30.45,0.0301030008224,0.0,0,0.0
2014-07-10 09:44:00,33.057,0.0301030008224,0.0,0,0.0
2014-07-10 09:49:00,29.84,0.0301030008224,0.0,0,0.0
2014-07-10 09:54:00,30.892,0.069795704491,0.0,0,0.0
2014-07-10 09:59:00,34.421,0.069795704491,0.0,0,0.0
2014-07-10 10:04:00,43.766,0.069795704491,0.0,0,0.0
2014-07-10 10:09:00,100.0,0.069795704491,0.0,0,0.0
2014-07-10 10:14:00,72.214,0.069795704491,0.0,0,0.0
2014-07-10 10:19:00,30.333,0.069795704491,0.0,0,0.0
2014-07-10 10:24:00,30.727,0.069795704491,0.0,0,0.0
2014-07-10 10:29:00,31.868,0.069795704491,0.0,0,0.0
2014-07-10 10:34:00,29.543,0.069795704491,0.0,0,0.0
2014-07-10 10:39:00,31.164,0.069795704491,0.0,0,0.0
2014-07-10 10:44:00,32.333,0.069795704491,0.0,0,0.0
2014-07-10 10:49:00,30.5,0.069795704491,0.0,0,0.0
2014-07-10 10:54:00,30.596,0.069795704491,0.0,0,0.0
2014-07-10 10:59:00,33.206,0.069795704491,0.0,0,0.0
2014-07-10 11:04:00,45.165,0.0439882267717,0.425000011921,0,0.0
2014-07-10 11:09:00,100.0,0.0439882267717,0.0,0,0.0
2014-07-10 11:14:00,72.0,0.0439882267717,0.0,0,0.0
2014-07-10 11:19:00,30.936,0.0439882267717,0.0,0,0.0
2014-07-10 11:24:00,29.562,0.0439882267717,0.0,0,0.0
2014-07-10 11:29:00,31.499,0.0439882267717,0.0,0,0.0
2014-07-10 11:34:00,30.807,0.0439882267717,0.0,0,0.0
2014-07-10 11:39:00,30.665,0.0439882267717,0.0,0,0.0
2014-07-10 11:44:00,30.835,0.0439882267717,0.0,0,0.0
2014-07-10 11:49:00,30.95,0.0439882267717,0.0,0,0.0
2014-07-10 11:54:00,30.046,0.069795704491,0.0,0,0.0
2014-07-10 11:59:00,32.847,0.069795704491,0.0,0,0.0
2014-07-10 12:04:00,44.568,0.069795704491,0.0,0,0.0
2014-07-10 12:09:00,64.948,0.0616228483667,0.0500000007451,0,0.0
2014-07-10 12:14:00,51.042,0.0616228483667,0.0,0,0.0
2014-07-10 12:19:00,31.335,0.0616228483667,0.0,0,0.0
2014-07-10 12:24:00,31.112,0.0616228483667,0.0,0,0.0
2014-07-10 12:29:00,31.717,0.0616228483667,0.0,1,0.966798966874
2014-07-10 12:34:00,29.833,0.0616228483667,0.0,1,0.0
2014-07-10 12:39:00,30.211,0.0616228483667,0.0,1,0.0
2014-07-10 12:44:00,31.441,0.0616228483667,0.0,1,0.0
2014-07-10 12:49:00,30.5,0.0616228483667,0.0,1,0.0
2014-07-10 12:54:00,31.145,0.0616228483667,0.0,1,0.0
2014-07-10 12:59:00,33.332,0.069795704491,0.0,1,0.0
2014-07-10 13:04:00,44.666,0.069795704491,0.0,1,0.0
2014-07-10 13:09:00,100.0,0.069795704491,0.0,1,0.0
2014-07-10 13:14:00,72.454,0.069795704491,0.0,1,0.0
2014-07-10 13:19:00,30.209,0.069795704491,0.0,1,0.0
2014-07-10 13:24:00,31.456,0.069795704491,0.0,1,0.0
2014-07-10 13:29:00,30.992,0.069795704491,0.0,1,0.0
2014-07-10 13:34:00,30.987,0.069795704491,0.0,1,0.0
2014-07-10 13:39:00,30.377,0.069795704491,0.0,1,0.0
2014-07-10 13:44:00,30.666,0.069795704491,0.0,1,0.0
2014-07-10 13:49:00,31.941,0.069795704491,0.0,1,0.0
2014-07-10 13:54:00,29.523,0.069795704491,0.0,1,0.0
2014-07-10 13:59:00,33.329,0.069795704491,0.0,1,0.0
2014-07-10 14:04:00,44.784,0.0352291415938,0.34999999404,1,0.0
2014-07-10 14:09:00,64.787,0.0352291415938,0.0,1,0.0
2014-07-10 14:14:00,51.547,0.0352291415938,0.0,1,0.0
2014-07-10 14:19:00,31.483,0.0352291415938,0.0,1,0.0
2014-07-10 14:24:00,29.498,0.0352291415938,0.0,1,0.0
2014-07-10 14:29:00,31.959,0.0380032374849,0.0250000003725,1,0.0
2014-07-10 14:34:00,30.001,0.0380032374849,0.0,1,0.0
2014-07-10 14:39:00,30.383,0.0380032374849,0.0,1,0.0
2014-07-10 14:44:00,31.443,0.0380032374849,0.0,1,0.0
2014-07-10 14:49:00,30.667,0.0380032374849,0.0,1,0.0
2014-07-10 14:54:00,31.431,0.0656271672091,0.0,1,0.0
2014-07-10 14:59:00,32.77,0.0656271672091,0.0,1,0.0
2014-07-10 15:04:00,45.499,0.0656271672091,0.0,1,0.0
2014-07-10 15:09:00,100.0,0.0656271672091,0.0,1,0.0
2014-07-10 15:14:00,73.5,0.0616228483667,0.0250000003725,1,0.0
2014-07-10 15:19:00,29.166,0.0656271672091,0.0,1,0.0
2014-07-10 15:24:00,30.342,0.0656271672091,0.0,1,0.0
2014-07-10 15:29:00,31.163,0.0656271672091,0.0,1,0.0
2014-07-10 15:34:00,32.514,0.0616228483667,0.0250000003725,1,0.0
2014-07-10 15:39:00,29.936,0.0577806677078,0.0250000003725,1,0.0
2014-07-10 15:44:00,31.336,0.0577806677078,0.0,1,0.0
2014-07-10 15:49:00,31.547,0.0577806677078,0.0,1,0.0
2014-07-10 15:54:00,29.414,0.0577806677078,0.0,1,0.0
2014-07-10 15:59:00,33.376,0.0577806677078,0.0,1,0.0
2014-07-10 16:04:00,44.499,0.0380032383754,0.17499999702,1,0.0
2014-07-10 16:09:00,100.0,0.0380032383754,0.0,1,0.0
2014-07-10 16:14:00,72.5,0.0380032383754,0.0,1,0.0
2014-07-10 16:19:00,29.999,0.0380032383754,0.0,1,0.0
2014-07-10 16:24:00,30.975,0.040921988934,0.0,1,0.0
2014-07-10 16:29:00,32.95,0.0439882256484,0.0,1,0.0
2014-07-10 16:34:00,30.039,0.0439851318615,0.0,1,0.0
2014-07-10 16:39:00,30.665,0.0439851318615,0.0,1,0.0
2014-07-10 16:44:00,31.951,0.0439851318615,0.0,1,0.0
2014-07-10 16:49:00,31.047,0.0439851318615,0.0,1,0.0
2014-07-10 16:54:00,29.667,0.0697856545892,0.0,1,0.0
2014-07-10 16:59:00,33.772,0.0697856545892,0.0,1,0.0
2014-07-10 17:04:00,45.719,0.0697856545892,0.0,1,0.0
2014-07-10 17:09:00,100.0,0.0697856545892,0.0,1,0.0
2014-07-10 17:14:00,73.759,0.0697856545892,0.0,1,0.0
2014-07-10 17:19:00,30.968,0.0697856545892,0.0,1,0.0
2014-07-10 17:24:00,29.696,0.0697856545892,0.0,1,0.0
2014-07-10 17:29:00,32.218,0.0697856545892,0.0,1,0.0
2014-07-10 17:34:00,29.773,0.0697856545892,0.0,1,0.0
2014-07-10 17:39:00,29.715,0.0697856545892,0.0,1,0.0
2014-07-10 17:44:00,32.483,0.0697856545892,0.0,1,0.0
2014-07-10 17:49:00,31.642,0.0697856545892,0.0,1,0.0
2014-07-10 17:54:00,29.553,0.0697856545892,0.0,1,0.0
2014-07-10 17:59:00,34.716,0.0697856545892,0.0,1,0.0
2014-07-10 18:04:00,45.276,0.0577739977866,0.0750000029802,1,0.0
2014-07-10 18:09:00,65.167,0.0577739977866,0.0,1,0.0
2014-07-10 18:14:00,50.499,0.0577739977866,0.0,1,0.0
2014-07-10 18:19:00,32.757,0.0577739977866,0.0,1,0.0
2014-07-10 18:24:00,29.028,0.0577739977866,0.0,1,0.0
2014-07-10 18:29:00,31.619,0.0577739977866,0.0,1,0.0
2014-07-10 18:34:00,31.019,0.0577739977866,0.0,1,0.0
2014-07-10 18:39:00,30.287,0.0577739977866,0.0,1,0.0
2014-07-10 18:44:00,32.217,0.0577739977866,0.0,1,0.0
2014-07-10 18:49:00,31.333,0.0577739977866,0.0,1,0.0
2014-07-10 18:54:00,30.243,0.0697856545892,0.0,1,0.0
2014-07-10 18:59:00,32.563,0.0697856545892,0.0,1,0.0
2014-07-10 19:04:00,44.599,0.0697856545892,0.0,1,0.0
2014-07-10 19:09:00,65.873,0.0697856545892,0.0,1,0.0
2014-07-10 19:14:00,52.833,0.0656183128146,0.0250000003725,1,0.0
2014-07-10 19:19:00,30.834,0.0656183128146,0.0,1,0.0
2014-07-10 19:24:00,30.992,0.0656183128146,0.0,1,0.0
2014-07-10 19:29:00,33.833,0.0656183128146,0.0,1,0.0
2014-07-10 19:34:00,28.999,0.0656183128146,0.0,1,0.0
2014-07-10 19:39:00,30.318,0.0656183128146,0.0,1,0.0
2014-07-10 19:44:00,31.665,0.0656183128146,0.0,1,0.0
2014-07-10 19:49:00,30.602,0.0656183128146,0.0,1,0.0
2014-07-10 19:54:00,30.218,0.0656183128146,0.0,1,0.0
2014-07-10 19:59:00,33.171,0.0656183128146,0.0,1,0.0
2014-07-10 20:04:00,44.454,0.0697856545892,0.0,1,0.0
2014-07-10 20:09:00,100.0,0.0697856545892,0.0,1,0.0
2014-07-10 20:14:00,72.166,0.0697856545892,0.0,1,0.0
2014-07-10 20:19:00,31.333,0.0697856545892,0.0,1,0.0
2014-07-10 20:24:00,30.616,0.0697856545892,0.0,1,0.0
2014-07-10 20:29:00,31.877,0.0697856545892,0.0,1,0.0
2014-07-10 20:34:00,30.999,0.0697856545892,0.0,1,0.0
2014-07-10 20:39:00,30.312,0.0697856545892,0.0,1,0.0
2014-07-10 20:44:00,31.318,0.0697856545892,0.0,1,0.0
2014-07-10 20:49:00,30.656,0.0697856545892,0.0,1,0.0
2014-07-10 20:54:00,29.896,0.0697856545892,0.0,1,0.0
2014-07-10 20:59:00,34.641,0.0697856545892,0.0,1,0.0
2014-07-10 21:04:00,43.533,0.0697856545892,0.0,1,0.0
2014-07-10 21:09:00,66.865,0.0697856545892,0.0,1,0.0
2014-07-10 21:14:00,52.778,0.0697856545892,0.0,1,0.0
2014-07-10 21:19:00,30.157,0.0697856545892,0.0,1,0.0
2014-07-10 21:24:00,30.481,0.0697856545892,0.0,1,0.0
2014-07-10 21:29:00,32.255,0.0697856545892,0.0,1,0.0
2014-07-10 21:34:00,31.154,0.0697856545892,0.0,1,0.0
2014-07-10 21:39:00,29.077,0.0697856545892,0.0,1,0.0
2014-07-10 21:44:00,31.445,0.0697856545892,0.0,1,0.0
2014-07-10 21:49:00,30.799,0.0697856545892,0.0,1,0.0
2014-07-10 21:54:00,29.165,0.0697856545892,0.0,1,0.0
2014-07-10 21:59:00,33.832,0.0697856545892,0.0,1,0.0
2014-07-10 22:04:00,45.306,0.0697856545892,0.0,1,0.0
2014-07-10 22:09:00,100.0,0.0697856545892,0.0,1,0.0
2014-07-10 22:14:00,72.166,0.0697856545892,0.0,1,0.0
2014-07-10 22:19:00,29.952,0.0697856545892,0.0,1,0.0
2014-07-10 22:24:00,30.393,0.0697856545892,0.0,1,0.0
2014-07-10 22:29:00,32.17,0.0697856545892,0.0,1,0.0
2014-07-10 22:34:00,30.642,0.0697856545892,0.0,1,0.0
2014-07-10 22:39:00,30.838,0.0697856545892,0.0,1,0.0
2014-07-10 22:44:00,32.604,0.0697856545892,0.0,1,0.0
2014-07-10 22:49:00,30.378,0.0697856545892,0.0,1,0.0
2014-07-10 22:54:00,30.167,0.0697856545892,0.0,1,0.0
2014-07-10 22:59:00,33.47,0.0697856545892,0.0,1,0.0
2014-07-10 23:04:00,44.998,0.0697856545892,0.0,1,0.0
2014-07-10 23:09:00,100.0,0.0697856545892,0.0,1,0.0
2014-07-10 23:14:00,72.167,0.0697856545892,0.0,1,0.0
2014-07-10 23:19:00,30.357,0.0697856545892,0.0,1,0.0
2014-07-10 23:24:00,31.979,0.0697856545892,0.0,1,0.0
2014-07-10 23:29:00,31.649,0.0697856545892,0.0,1,0.0
2014-07-10 23:34:00,30.093,0.0697856545892,0.0,1,0.0
2014-07-10 23:39:00,30.551,0.0697856545892,0.0,1,0.0
2014-07-10 23:44:00,32.0,0.0697856545892,0.0,1,0.0
2014-07-10 23:49:00,29.613,0.0697856545892,0.0,1,0.0
2014-07-10 23:54:00,30.547,0.0697856545892,0.0,1,0.0
2014-07-10 23:59:00,32.557,0.0697856545892,0.0,1,0.0
2014-07-11 00:04:00,44.287,0.0697856545892,0.0,1,0.0
2014-07-11 00:09:00,100.0,0.0697856545892,0.0,1,0.0
2014-07-11 00:14:00,71.98,0.0697856545892,0.0,1,0.0
2014-07-11 00:19:00,32.281,0.0656183128146,0.0250000003725,1,0.0
2014-07-11 00:24:00,29.188,0.0656183128146,0.0,1,0.0
2014-07-11 00:29:00,31.667,0.0656183128146,0.0,1,0.0
2014-07-11 00:34:00,30.556,0.0656183128146,0.0,1,0.0
2014-07-11 00:39:00,30.886,0.0656183128146,0.0,1,0.0
2014-07-11 00:44:00,31.459,0.0656183128146,0.0,1,0.0
2014-07-11 00:49:00,30.832,0.0656183128146,0.0,1,0.0
2014-07-11 00:54:00,29.766,0.0679802671831,0.0,1,0.0
2014-07-11 00:59:00,33.016,0.0679802671831,0.0,1,0.0
2014-07-11 01:04:00,45.287,0.0595504452124,0.0500000007451,1,0.0
2014-07-11 01:09:00,100.0,0.0636750760778,0.0,1,0.0
2014-07-11 01:14:00,72.333,0.0636750760778,0.0,1,0.0
2014-07-11 01:19:00,30.971,0.0636750760778,0.0,1,0.0
2014-07-11 01:24:00,30.122,0.0636750760778,0.0,1,0.0
2014-07-11 01:29:00,31.552,0.0636750760778,0.0,1,0.0
2014-07-11 01:34:00,30.456,0.0636750760778,0.0,1,0.0
2014-07-11 01:39:00,30.363,0.0636750760778,0.0,1,0.0
2014-07-11 01:44:00,31.119,0.0636750760778,0.0,1,0.0
2014-07-11 01:49:00,30.508,0.0636750760778,0.0,1,0.0
2014-07-11 01:54:00,29.495,0.0724683787044,0.0,1,0.0
2014-07-11 01:59:00,33.445,0.0724683787044,0.0,1,0.0
2014-07-11 02:04:00,44.391,0.0724683787044,0.0,1,0.0
2014-07-11 02:09:00,100.0,0.0724683787044,0.0,1,0.0
2014-07-11 02:14:00,72.454,0.0679802671831,0.0250000003725,1,0.0
2014-07-11 02:19:00,30.501,0.0679802671831,0.0,1,0.0
2014-07-11 02:24:00,30.376,0.0679802671831,0.0,1,0.0
2014-07-11 02:29:00,32.937,0.0679802671831,0.0,1,0.0
2014-07-11 02:34:00,29.374,0.0679802671831,0.0,1,0.0
2014-07-11 02:39:00,31.165,0.0679802671831,0.0,1,0.0
2014-07-11 02:44:00,31.953,0.0679802671831,0.0,1,0.0
2014-07-11 02:49:00,29.988,0.0679802671831,0.0,1,0.0
2014-07-11 02:54:00,31.283,0.0679802671831,0.0,1,0.0
2014-07-11 02:59:00,32.887,0.0679802671831,0.0,1,0.0
2014-07-11 03:04:00,45.932,0.0518328316505,0.125,1,0.0
2014-07-11 03:09:00,64.887,0.0518328316505,0.0,1,0.0
2014-07-11 03:14:00,51.213,0.0518328316505,0.0,1,0.0
2014-07-11 03:19:00,31.832,0.0518328316505,0.0,1,0.0
2014-07-11 03:24:00,29.499,0.0518328316505,0.0,1,0.0
2014-07-11 03:29:00,33.009,0.0518328316505,0.0,1,0.0
2014-07-11 03:34:00,33.133,0.0518328316505,0.0,1,0.0
2014-07-11 03:39:00,30.0,0.0518328316505,0.0,1,0.0
2014-07-11 03:44:00,35.999,0.038446894759,0.10000000149,1,0.0
2014-07-11 03:49:00,29.824,0.038446894759,0.0,1,0.0
2014-07-11 03:54:00,29.618,0.0556038968869,0.0,1,0.0
2014-07-11 03:59:00,33.553,0.0556038968869,0.0,1,0.0
2014-07-11 04:04:00,44.666,0.0556038968869,0.0,1,0.0
2014-07-11 04:09:00,100.0,0.0556038968869,0.0,1,0.0
2014-07-11 04:14:00,71.666,0.0556038968869,0.0,1,0.0
2014-07-11 04:19:00,30.36,0.0556038968869,0.0,1,0.0
2014-07-11 04:24:00,30.123,0.0556038968869,0.0,1,0.0
2014-07-11 04:29:00,33.378,0.0556038968869,0.0,1,0.0
2014-07-11 04:34:00,29.488,0.0724683787044,0.0,1,0.0
2014-07-11 04:39:00,30.175,0.0724683787044,0.0,1,0.0
2014-07-11 04:44:00,31.668,0.0724683787044,0.0,1,0.0
2014-07-11 04:49:00,30.785,0.0724683787044,0.0,1,0.0
2014-07-11 04:54:00,30.972,0.0679802671831,0.0250000003725,1,0.0
2014-07-11 04:59:00,31.982,0.0679802671831,0.0,1,0.0
2014-07-11 05:04:00,44.663,0.0384468945342,0.20000000298,1,0.0
2014-07-11 05:09:00,100.0,0.0384468945342,0.0,1,0.0
2014-07-11 05:14:00,72.215,0.0384468945342,0.0,1,0.0
2014-07-11 05:19:00,31.342,0.0384468945342,0.0,1,0.0
2014-07-11 05:24:00,29.333,0.0384468945342,0.0,1,0.0
2014-07-11 05:29:00,31.121,0.0384468945342,0.0,1,0.0
2014-07-11 05:34:00,30.833,0.0384468945342,0.0,1,0.0
2014-07-11 05:39:00,29.8,0.0384468945342,0.0,1,0.0
2014-07-11 05:44:00,31.831,0.0415446141293,0.0,1,0.0
2014-07-11 05:49:00,30.333,0.0415446141293,0.0,1,0.0
2014-07-11 05:54:00,29.951,0.0724683787044,0.0,1,0.0
2014-07-11 05:59:00,34.627,0.0724683787044,0.0,1,0.0
2014-07-11 06:04:00,42.863,0.0724683787044,0.0,1,0.0
2014-07-11 06:09:00,66.669,0.0724683787044,0.0,1,0.0
2014-07-11 06:14:00,53.665,0.0724683787044,0.0,1,0.0
2014-07-11 06:19:00,29.286,0.0724683787044,0.0,1,0.0
2014-07-11 06:24:00,31.037,0.0724683787044,0.0,1,0.0
2014-07-11 06:29:00,31.988,0.0724683787044,0.0,1,0.0
2014-07-11 06:34:00,30.338,0.0724683787044,0.0,1,0.0
2014-07-11 06:39:00,30.165,0.0724683787044,0.0,1,0.0
2014-07-11 06:44:00,31.495,0.0724683787044,0.0,1,0.0
2014-07-11 06:49:00,30.727,0.0724683787044,0.0,1,0.0
2014-07-11 06:54:00,30.772,0.0724683787044,0.0,1,0.0
2014-07-11 06:59:00,33.341,0.0724683787044,0.0,1,0.0
2014-07-11 07:04:00,44.281,0.0679802671831,0.0250000003725,1,0.0
2014-07-11 07:09:00,100.0,0.0679802671831,0.0,1,0.0
2014-07-11 07:14:00,72.042,0.0679802671831,0.0,1,0.0
2014-07-11 07:19:00,29.763,0.0679802671831,0.0,1,0.0
2014-07-11 07:24:00,30.712,0.0679802671831,0.0,1,0.0
2014-07-11 07:29:00,31.434,0.0679802671831,0.0,1,0.0
2014-07-11 07:34:00,31.134,0.0679802671831,0.0,1,0.0
2014-07-11 07:39:00,30.5,0.0679802671831,0.0,1,0.0
2014-07-11 07:44:00,30.669,0.0679802671831,0.0,1,0.0
2014-07-11 07:49:00,30.62,0.0679802671831,0.0,1,0.0
2014-07-11 07:54:00,31.0,0.0724683787044,0.0,1,0.0
2014-07-11 07:59:00,33.238,0.0724683787044,0.0,1,0.0
2014-07-11 08:04:00,44.279,0.0301030008823,0.300000011921,1,0.0
2014-07-11 08:09:00,30.785,0.0327295746709,0.0250000003725,1,0.0
2014-07-11 08:14:00,31.547,0.0327295746709,0.0,1,0.0
2014-07-11 08:19:00,30.951,0.0327295746709,0.0,1,0.0
2014-07-11 08:24:00,30.92,0.0327295746709,0.0,1,0.0
2014-07-11 08:29:00,31.717,0.0327295746709,0.0,1,0.0
2014-07-11 08:34:00,31.334,0.0327295746709,0.0,1,0.0
2014-07-11 08:39:00,29.323,0.0327295746709,0.0,1,0.0
2014-07-11 08:44:00,33.212,0.0327295746709,0.0,1,0.0
2014-07-11 08:49:00,28.699,0.0327295746709,0.0,1,0.0
2014-07-11 08:54:00,30.549,0.0679802671831,0.0,1,0.0
2014-07-11 08:59:00,32.453,0.0724683787044,0.0,1,0.0
2014-07-11 09:04:00,44.881,0.0724683787044,0.0,1,0.0
2014-07-11 09:09:00,100.0,0.0724683787044,0.0,1,0.0
2014-07-11 09:14:00,71.668,0.0720038785225,0.0,1,0.0
2014-07-11 09:19:00,30.813,0.0720038785225,0.0,1,0.0
2014-07-11 09:24:00,29.666,0.0720038785225,0.0,1,0.0
2014-07-11 09:29:00,32.828,0.0720038785225,0.0,1,0.0
2014-07-11 09:34:00,30.455,0.0720038785225,0.0,1,0.0
2014-07-11 09:39:00,29.833,0.0720038785225,0.0,1,0.0
2014-07-11 09:44:00,31.13,0.0720038785225,0.0,1,0.0
2014-07-11 09:49:00,30.7,0.0720038785225,0.0,1,0.0
2014-07-11 09:54:00,29.974,0.0720038785225,0.0,1,0.0
2014-07-11 09:59:00,32.937,0.0720038785225,0.0,1,0.0
2014-07-11 10:04:00,44.833,0.0720038785225,0.0,1,0.0
2014-07-11 10:09:00,100.0,0.0720038785225,0.0,1,0.0
2014-07-11 10:14:00,72.315,0.0720038785225,0.0,1,0.0
2014-07-11 10:19:00,30.936,0.0720038785225,0.0,1,0.0
2014-07-11 10:24:00,30.122,0.0720038785225,0.0,1,0.0
2014-07-11 10:29:00,31.744,0.0720038785225,0.0,1,0.0
2014-07-11 10:34:00,30.118,0.0720038785225,0.0,1,0.0
2014-07-11 10:39:00,30.498,0.0720038785225,0.0,1,0.0
2014-07-11 10:44:00,31.479,0.0720038785225,0.0,1,0.0
2014-07-11 10:49:00,31.213,0.0720038785225,0.0,1,0.0
2014-07-11 10:54:00,30.0,0.0720038785225,0.0,1,0.0
2014-07-11 10:59:00,32.769,0.0720038785225,0.0,1,0.0
2014-07-11 11:04:00,45.03,0.0675715384344,0.0250000003725,1,0.0
2014-07-11 11:09:00,100.0,0.0675715384344,0.0,1,0.0
2014-07-11 11:14:00,72.043,0.0633188225677,0.0250000003725,1,0.0
2014-07-11 11:19:00,30.934,0.0633188225677,0.0,1,0.0
2014-07-11 11:24:00,29.88,0.0633188225677,0.0,1,0.0
2014-07-11 11:29:00,33.376,0.0633188225677,0.0,1,0.0
2014-07-11 11:34:00,29.218,0.0633188225677,0.0,1,0.0
2014-07-11 11:39:00,29.833,0.0633188225677,0.0,1,0.0
2014-07-11 11:44:00,31.331,0.0633188225677,0.0,1,0.0
2014-07-11 11:49:00,30.809,0.0633188225677,0.0,1,0.0
2014-07-11 11:54:00,30.667,0.0675715384344,0.0,1,0.0
2014-07-11 11:59:00,33.553,0.0675715384344,0.0,1,0.0
2014-07-11 12:04:00,44.017,0.0720038785225,0.0,1,0.0
2014-07-11 12:09:00,100.0,0.0720038785225,0.0,1,0.0
2014-07-11 12:14:00,73.477,0.0720038785225,0.0,1,0.0
2014-07-11 12:19:00,29.217,0.0720038785225,0.0,1,0.0
2014-07-11 12:24:00,30.498,0.0720038785225,0.0,1,0.0
2014-07-11 12:29:00,32.655,0.0720038785225,0.0,1,0.0
2014-07-11 12:34:00,29.46,0.0720038785225,0.0,1,0.0
2014-07-11 12:39:00,30.166,0.0720038785225,0.0,1,0.0
2014-07-11 12:44:00,31.046,0.0720038785225,0.0,1,0.0
2014-07-11 12:49:00,31.774,0.0720038785225,0.0,1,0.0
2014-07-11 12:54:00,30.151,0.0720038785225,0.0,1,0.0
2014-07-11 12:59:00,32.643,0.0720038785225,0.0,1,0.0
2014-07-11 13:04:00,44.883,0.0675715384344,0.0250000003725,1,0.0
2014-07-11 13:09:00,100.0,0.0675715384344,0.0,1,0.0
2014-07-11 13:14:00,71.711,0.0675715384344,0.0,1,0.0
2014-07-11 13:19:00,29.327,0.0675715384344,0.0,1,0.0
2014-07-11 13:24:00,29.434,0.0675715384344,0.0,1,0.0
2014-07-11 13:29:00,31.04,0.0675715384344,0.0,1,0.0
2014-07-11 13:34:00,29.14,0.0675715384344,0.0,1,0.0
2014-07-11 13:39:00,30.008,0.0675715384344,0.0,1,0.0
2014-07-11 13:44:00,31.601,0.0675715384344,0.0,1,0.0
2014-07-11 13:49:00,28.659,0.0675715384344,0.0,1,0.0
2014-07-11 13:54:00,29.459,0.0720038785225,0.0,1,0.0
2014-07-11 13:59:00,31.858,0.0720038785225,0.0,1,0.0
2014-07-11 14:04:00,43.829,0.0720038785225,0.0,1,0.0
2014-07-11 14:09:00,100.0,0.0720038785225,0.0,1,0.0
2014-07-11 14:14:00,71.881,0.0720038785225,0.0,1,0.0
2014-07-11 14:19:00,30.324,0.0720038785225,0.0,1,0.0
2014-07-11 14:24:00,29.287,0.0720038785225,0.0,1,0.0
2014-07-11 14:29:00,31.382,0.0720038785225,0.0,1,0.0
2014-07-11 14:34:00,29.479,0.0720038785225,0.0,1,0.0
2014-07-11 14:39:00,29.62,0.0720038785225,0.0,1,0.0
2014-07-11 14:44:00,31.5,0.0720038785225,0.0,1,0.0
2014-07-11 14:49:00,29.521,0.0720038785225,0.0,1,0.0
2014-07-11 14:54:00,29.333,0.0720038785225,0.0,1,0.0
2014-07-11 14:59:00,31.668,0.0720038785225,0.0,1,0.0
2014-07-11 15:04:00,43.617,0.0633188225677,0.0500000007451,1,0.0
2014-07-11 15:09:00,72.499,0.0633188225677,0.0,1,0.0
2014-07-11 15:14:00,59.147,0.0354613010992,0.20000000298,1,0.0
2014-07-11 15:19:00,30.015,0.0354613010992,0.0,1,0.0
2014-07-11 15:24:00,28.589,0.0354613010992,0.0,1,0.0
2014-07-11 15:29:00,31.451,0.0354613010992,0.0,1,0.0
2014-07-11 15:34:00,30.052,0.0354613010992,0.0,1,0.0
2014-07-11 15:39:00,31.765,0.0354613010992,0.0,1,0.0
2014-07-11 15:44:00,29.374,0.0354613010992,0.0,1,0.0
2014-07-11 15:49:00,29.665,0.0354613010992,0.0,1,0.0
2014-07-11 15:54:00,30.621,0.0414370215141,0.0,1,0.0
2014-07-11 15:59:00,31.236,0.0414370215141,0.0,1,0.0
2014-07-11 16:04:00,44.834,0.0720038785225,0.0,1,0.0
2014-07-11 16:09:00,71.666,0.0720038785225,0.0,1,0.0
2014-07-11 16:14:00,59.547,0.0327066903864,0.27500000596,1,0.0
2014-07-11 16:19:00,29.786,0.0327066903864,0.0,1,0.0
2014-07-11 16:24:00,29.715,0.0301030003066,0.0250000003725,1,0.0
2014-07-11 16:29:00,32.517,0.0301030003066,0.0,1,0.0
2014-07-11 16:34:00,28.849,0.0301030003066,0.0,1,0.0
2014-07-11 16:39:00,29.841,0.0301030003066,0.0,1,0.0
2014-07-11 16:44:00,30.499,0.0301030003066,0.0,1,0.0
2014-07-11 16:49:00,30.002,0.0301030003066,0.0,1,0.0
2014-07-11 16:54:00,29.454,0.0301030003066,0.0,1,0.0
2014-07-11 16:59:00,31.885,0.0301030003066,0.0,1,0.0
2014-07-11 17:04:00,43.333,0.0675715384344,0.0,1,0.0
2014-07-11 17:09:00,100.0,0.0675715384344,0.0,1,0.0
2014-07-11 17:14:00,85.666,0.035461300846,0.34999999404,1,0.0
2014-07-11 17:19:00,30.458,0.0553429068847,0.15000000596,1,0.0
2014-07-11 17:24:00,29.001,0.0553429068847,0.0,1,0.0
2014-07-11 17:29:00,31.332,0.0553429068847,0.0,1,0.0
2014-07-11 17:34:00,30.154,0.0562695069243,0.0,1,0.0
2014-07-11 17:39:00,29.727,0.0562695069243,0.0,1,0.0
2014-07-11 17:44:00,30.004,0.0562695069243,0.0,1,0.0
2014-07-11 17:49:00,29.453,0.0562695069243,0.0,1,0.0
2014-07-11 17:54:00,29.672,0.0562695069243,0.0,1,0.0
2014-07-11 17:59:00,31.619,0.0562695069243,0.0,1,0.0
2014-07-11 18:04:00,44.048,0.0486886699052,0.0,1,0.0
2014-07-11 18:09:00,71.499,0.0736551540858,0.0,1,0.0
2014-07-11 18:14:00,56.955,0.0562695066875,0.10000000149,1,0.0
2014-07-11 18:19:00,31.213,0.0562695066875,0.0,1,0.0
2014-07-11 18:24:00,29.832,0.0562695066875,0.0,1,0.0
2014-07-11 18:29:00,31.583,0.0562695066875,0.0,1,0.0
2014-07-11 18:34:00,28.671,0.0562695066875,0.0,1,0.0
2014-07-11 18:39:00,29.551,0.0562695066875,0.0,1,0.0
2014-07-11 18:44:00,30.656,0.0562695066875,0.0,1,0.0
2014-07-11 18:49:00,29.785,0.0562695066875,0.0,1,0.0
2014-07-11 18:54:00,29.333,0.0562695066875,0.0,1,0.0
2014-07-11 18:59:00,31.768,0.0562695066875,0.0,1,0.0
2014-07-11 19:04:00,44.51,0.0736551540858,0.0,1,0.0
2014-07-11 19:09:00,100.0,0.0736551540858,0.0,1,0.0
2014-07-11 19:14:00,86.618,0.0327876618564,0.324999988079,1,0.0
2014-07-11 19:19:00,29.718,0.0736551529587,0.27500000596,1,0.0
2014-07-11 19:24:00,31.003,0.0736551529587,0.0,1,0.0
2014-07-11 19:29:00,30.512,0.0736551529587,0.0,1,0.0
2014-07-11 19:34:00,29.166,0.0736551529587,0.0,1,0.0
2014-07-11 19:39:00,30.085,0.0736551529587,0.0,1,0.0
2014-07-11 19:44:00,72.047,0.433660769473,1.0,1,0.0
2014-07-11 19:49:00,100.0,0.806546058785,0.574999988079,1,0.0
2014-07-11 19:54:00,46.221,0.299999996735,0.15000000596,1,0.0
2014-07-11 19:59:00,31.667,0.299999996735,0.0,1,0.0
2014-07-11 20:04:00,43.289,0.299999996735,0.574999988079,1,0.0
2014-07-11 20:09:00,71.384,0.299999996735,0.0,1,0.0
2014-07-11 20:14:00,51.287,0.299999996735,0.10000000149,1,0.0
2014-07-11 20:19:00,30.713,0.299999996735,0.0,1,0.0
2014-07-11 20:24:00,29.298,0.299999996735,0.0,1,0.0
2014-07-11 20:29:00,31.461,0.299999996735,0.0,1,0.0
2014-07-11 20:34:00,29.337,0.33293366603,0.0,1,0.0
2014-07-11 20:39:00,29.998,0.124302942916,0.0,1,0.0
2014-07-11 20:44:00,31.606,0.0887198966984,0.0,1,0.0
2014-07-11 20:49:00,28.703,0.0887198966984,0.0,1,0.0
2014-07-11 20:54:00,30.297,0.0562695066875,0.0,1,0.0
2014-07-11 20:59:00,31.657,0.0562695066875,0.0,1,0.0
2014-07-11 21:04:00,43.961,0.0736551540858,0.0,1,0.0
2014-07-11 21:09:00,100.0,0.0736551540858,0.0,1,0.0
2014-07-11 21:14:00,86.5,0.0301030009084,0.300000011921,1,0.0
2014-07-11 21:19:00,29.666,0.0386416383864,0.0750000029802,1,0.0
2014-07-11 21:24:00,28.999,0.0386416383864,0.0,1,0.0
2014-07-11 21:29:00,30.672,0.0386416383864,0.0,1,0.0
2014-07-11 21:34:00,29.914,0.0386416383864,0.0,1,0.0
2014-07-11 21:39:00,29.21,0.0386416383864,0.0,1,0.0
2014-07-11 21:44:00,30.656,0.0386416383864,0.0,1,0.0
2014-07-11 21:49:00,29.666,0.0386416383864,0.0,1,0.0
2014-07-11 21:54:00,29.452,0.0386416383864,0.0,1,0.0
2014-07-11 21:59:00,32.141,0.0386416383864,0.0,1,0.0
2014-07-11 22:04:00,43.713,0.0603338487794,0.0,1,0.0
2014-07-11 22:09:00,71.453,0.0736551540858,0.0,1,0.0
2014-07-11 22:14:00,58.551,0.0418183633793,0.20000000298,1,0.0
2014-07-11 22:19:00,29.321,0.0418183633793,0.0,1,0.0
2014-07-11 22:24:00,29.667,0.0418183633793,0.0,1,0.0
2014-07-11 22:29:00,31.167,0.0418183633793,0.0,1,0.0
2014-07-11 22:34:00,29.78,0.0418183633793,0.0,1,0.0
2014-07-11 22:39:00,29.388,0.0418183633793,0.0,1,0.0
2014-07-11 22:44:00,31.007,0.0418183633793,0.0,1,0.0
2014-07-11 22:49:00,29.163,0.0418183633793,0.0,1,0.0
2014-07-11 22:54:00,29.5,0.0418183633793,0.0,1,0.0
2014-07-11 22:59:00,31.585,0.0418183633793,0.0,1,0.0
2014-07-11 23:04:00,43.835,0.0736551540858,0.0,1,0.0
2014-07-11 23:09:00,100.0,0.0736551540858,0.0,1,0.0
2014-07-11 23:14:00,92.833,0.0562695069243,0.5,1,0.0
2014-07-11 23:19:00,29.501,0.0784799800705,0.125,1,0.0
2014-07-11 23:24:00,30.255,0.0784799800705,0.0,1,0.0
2014-07-11 23:29:00,30.374,0.0784799800705,0.0,1,0.0
2014-07-11 23:34:00,29.109,0.0784799800705,0.0,1,0.0
2014-07-11 23:39:00,29.5,0.0784799800705,0.0,1,0.0
2014-07-11 23:44:00,31.667,0.0784799800705,0.0,1,0.0
2014-07-11 23:49:00,29.091,0.0784799800705,0.0,1,0.0
2014-07-11 23:54:00,30.154,0.0784799800705,0.0,1,0.0
2014-07-11 23:59:00,30.586,0.0784799800705,0.0,1,0.0
2014-07-12 00:04:00,45.699,0.0523887419533,0.0,1,0.0
2014-07-12 00:09:00,100.0,0.0736551540858,0.0,1,0.0
2014-07-12 00:14:00,93.559,0.064584515678,0.0500000007451,1,0.0
2014-07-12 00:19:00,30.31,0.0603338490892,0.0250000003725,1,0.0
2014-07-12 00:24:00,29.114,0.0603338490892,0.0,1,0.0
2014-07-12 00:29:00,30.997,0.0603338490892,0.0,1,0.0
2014-07-12 00:34:00,29.834,0.0603338490892,0.0,1,0.0
2014-07-12 00:39:00,29.844,0.0603338490892,0.0,1,0.0
2014-07-12 00:44:00,31.602,0.0603338490892,0.0,1,0.0
2014-07-12 00:49:00,29.167,0.0603338490892,0.0,1,0.0
2014-07-12 00:54:00,30.005,0.0603338490892,0.0,1,0.0
2014-07-12 00:59:00,31.669,0.0603338490892,0.0,1,0.0
2014-07-12 01:04:00,42.488,0.0690241213422,0.0,1,0.0
2014-07-12 01:09:00,100.0,0.0736551540858,0.0,1,0.0
2014-07-12 01:14:00,95.1113,0.0562695066875,0.10000000149,1,0.0
2014-07-12 01:19:00,63.624,0.0562695066875,0.0,1,0.0
2014-07-12 01:24:00,63.0,0.0451662677035,0.0750000029802,1,0.0
2014-07-12 01:29:00,64.666,0.0356326120363,0.0750000029802,1,0.0
2014-07-12 01:34:00,45.578,0.0356326120363,0.0,1,0.0
2014-07-12 01:39:00,57.493,0.227722128279,0.899999976158,1,0.0
2014-07-12 01:44:00,74.2207,0.564859983084,0.675000011921,1,0.0
2014-07-12 01:49:00,62.455,0.299999996735,0.0750000029802,1,0.0
2014-07-12 01:54:00,60.669,0.299999996735,0.949999988079,1,0.0
2014-07-12 01:59:00,62.1295,0.299999996735,0.0250000003725,1,0.0
2014-07-12 02:04:00,52.456,0.299999996735,0.0500000007451,1,0.0
2014-07-12 02:09:00,92.767,0.299999996735,0.75,1,0.0
2014-07-12 02:14:00,89.468,0.299999996735,0.425000011921,1,0.0
2014-07-12 02:19:00,58.9217,0.299999996735,0.0250000003725,1,0.0
2014-07-12 02:24:00,37.467,0.299999996735,0.0,1,0.0
2014-07-12 02:29:00,55.0728,0.299999996735,0.675000011921,1,0.0
2014-07-12 02:34:00,60.043,0.299999996735,0.0,1,0.0
2014-07-12 02:39:00,57.956,0.299999996735,0.22499999404,1,0.0
2014-07-12 02:44:00,60.859,0.299999996735,0.0,1,0.0
2014-07-12 02:49:00,64.001,0.299999996735,0.0500000007451,1,0.0
2014-07-12 02:54:00,29.833,0.299999996735,0.324999988079,1,0.0
2014-07-12 02:59:00,55.6118,0.299999996735,0.949999988079,1,0.0
2014-07-12 03:04:00,47.158,0.299999996735,0.0250000003725,1,0.0
2014-07-12 03:09:00,93.274,0.299999996735,0.0,1,0.0
2014-07-12 03:14:00,91.162,0.299999996735,0.0750000029802,1,0.0
2014-07-12 03:19:00,64.679,0.474832854727,0.0,1,0.0
2014-07-12 03:24:00,40.058,0.489426564521,0.0250000003725,1,0.0
2014-07-12 03:29:00,56.94,0.991004259818,1.0,1,0.0
2014-07-12 03:34:00,73.746,0.299999996735,0.34999999404,1,0.0
2014-07-12 03:39:00,63.334,0.299999996735,0.20000000298,1,0.0
2014-07-12 03:44:00,61.889,0.299999996735,0.0750000029802,1,0.0
2014-07-12 03:49:00,64.117,0.299999996735,0.0250000003725,1,0.0
2014-07-12 03:54:00,39.213,0.299999996735,0.0250000003725,1,0.0
2014-07-12 03:59:00,58.716,0.299999996735,0.0500000007451,1,0.0
2014-07-12 04:04:00,71.165,0.299999996735,0.27500000596,1,0.0
2014-07-12 04:09:00,58.224,0.299999996735,0.0250000003725,1,0.0
2014-07-12 04:14:00,30.31,0.299999996735,0.0,1,0.0
2014-07-12 04:19:00,46.618,0.299999996735,0.75,1,0.0
2014-07-12 04:24:00,51.662,0.366808081666,0.0250000003725,1,0.0
2014-07-12 04:29:00,57.889,0.274144393277,0.0,1,0.0
2014-07-12 04:34:00,61.931,0.253348033478,0.0250000003725,1,0.0
2014-07-12 04:39:00,56.4555,0.243301831717,0.0,1,0.0
2014-07-12 04:44:00,37.896,0.29588383708,0.15000000596,1,0.0
2014-07-12 04:49:00,55.251,0.756070221097,0.824999988079,1,0.0
2014-07-12 04:54:00,63.833,0.299999996735,0.0,1,0.0
2014-07-12 04:59:00,59.12,0.299999996735,0.0,1,0.0
2014-07-12 05:04:00,69.14,0.299999996735,0.17499999702,1,0.0
2014-07-12 05:09:00,50.0,0.253348026663,0.0,1,0.0
2014-07-12 05:14:00,65.166,0.519344703471,0.550000011921,1,0.0
2014-07-12 05:19:00,56.621,0.299999996735,0.0,1,0.0
2014-07-12 05:24:00,71.9987,0.299999996735,0.0750000029802,1,0.0
2014-07-12 05:29:00,45.65,0.299999996735,0.0,1,0.0
2014-07-12 05:34:00,36.5,0.299999996735,0.0750000029802,1,0.0
2014-07-12 05:39:00,42.666,0.446374650109,0.725000023842,1,0.0
2014-07-12 05:44:00,45.369,0.489426603991,0.0750000029802,1,0.0
2014-07-12 05:49:00,46.785,0.534669693842,0.0750000029802,1,0.0
2014-07-12 05:54:00,64.001,0.432509462755,0.0,1,0.0
2014-07-12 05:59:00,58.994,0.432509462755,0.0,1,0.0
2014-07-12 06:04:00,68.62,0.205446112283,0.0500000007451,1,0.0
2014-07-12 06:09:00,66.6667,0.223909748735,0.0500000007451,1,0.0
2014-07-12 06:14:00,60.171,0.214562288575,0.0500000007451,1,0.0
2014-07-12 06:19:00,47.122,0.214562288575,0.0,1,0.0
2014-07-12 06:24:00,28.09,0.18790402287,0.0,1,0.0
2014-07-12 06:29:00,57.843,0.263628659998,0.925000011921,1,0.0
2014-07-12 06:34:00,61.0547,0.243301835416,0.0250000003725,1,0.0
2014-07-12 06:39:00,56.456,0.214562281009,0.0,1,0.0
2014-07-12 06:44:00,37.714,0.243301835416,0.0750000029802,1,0.0
2014-07-12 06:49:00,34.0567,0.243301835416,0.0,1,0.0
2014-07-12 06:54:00,53.865,0.318571315906,0.22499999404,1,0.0
2014-07-12 06:59:00,56.742,0.295883835425,0.0,1,0.0
2014-07-12 07:04:00,62.3333,0.284895908146,0.0250000003725,1,0.0
2014-07-12 07:09:00,99.0,0.504263774078,0.425000011921,1,0.0
2014-07-12 07:14:00,90.834,0.299999996735,0.0500000007451,1,0.0
2014-07-12 07:19:00,76.1427,0.133646318791,0.0250000003725,1,0.0
2014-07-12 07:24:00,38.1995,0.126786035741,0.0,1,0.0
2014-07-12 07:29:00,47.119,0.489426599606,0.850000023842,1,0.0
2014-07-12 07:34:00,64.004,0.446374645941,0.0,1,0.0
2014-07-12 07:39:00,58.5,0.460482344655,0.0250000003725,1,0.0
2014-07-12 07:44:00,60.8438,0.366808093811,0.0500000007451,1,0.0
2014-07-12 07:49:00,49.4165,0.432509457635,0.125,1,0.0
2014-07-12 07:54:00,29.787,0.460482349956,0.0750000029802,1,0.0
2014-07-12 07:59:00,68.9373,0.812689972579,0.949999988079,1,0.0
2014-07-12 08:04:00,52.256,0.299999996735,0.0250000003725,1,0.0
2014-07-12 08:09:00,92.543,0.299999996735,0.824999988079,1,0.0
2014-07-12 08:14:00,91.027,0.299999996735,0.0,1,0.0
2014-07-12 08:19:00,45.499,0.299999996735,0.0250000003725,1,0.0
2014-07-12 08:24:00,37.148,0.299999996735,0.15000000596,1,0.0
2014-07-12 08:29:00,40.5,0.299999996735,0.550000011921,1,0.0
2014-07-12 08:34:00,44.001,0.299999996735,0.0250000003725,1,0.0
2014-07-12 08:39:00,57.267,0.299999996735,0.0,1,0.0
2014-07-12 08:44:00,64.167,0.299999996735,0.0250000003725,1,0.0
2014-07-12 08:49:00,58.054,0.460482330873,0.0,1,0.0
2014-07-12 08:54:00,61.333,0.489426585353,0.0750000029802,1,0.0
2014-07-12 08:59:00,57.966,0.148028537503,0.0500000007451,1,0.0
2014-07-12 09:04:00,37.499,0.187904019688,0.125,1,0.0
2014-07-12 09:09:00,60.1117,0.504263767391,0.699999988079,1,0.0
2014-07-12 09:14:00,52.5,0.418886398672,0.0,1,0.0
2014-07-12 09:19:00,57.928,0.179476193716,0.0,1,0.0
2014-07-12 09:24:00,60.6227,0.171275845022,0.0,1,0.0
2014-07-12 09:29:00,59.7492,0.179476193716,0.0250000003725,1,0.0
2014-07-12 09:34:00,39.331,0.214562272755,0.125,1,0.0
2014-07-12 09:39:00,68.1676,0.214562272755,0.0,1,0.0
2014-07-12 09:44:00,52.167,0.187904008232,0.0,1,0.0
2014-07-12 09:49:00,56.454,0.179476192477,0.0250000003725,1,0.0
2014-07-12 09:54:00,62.1315,0.163301884403,0.0750000029802,1,0.0
2014-07-12 09:59:00,64.163,0.0328372706863,0.0750000029802,1,0.0
2014-07-12 10:04:00,67.473,0.0490782958642,0.125,1,0.0
2014-07-12 10:09:00,100.0,0.179476202388,0.550000011921,1,0.0
2014-07-12 10:14:00,73.935,0.16178618863,0.0500000007451,1,0.0
2014-07-12 10:19:00,56.997,0.175569961076,0.0750000029802,1,0.0
2014-07-12 10:24:00,63.833,0.175569961076,0.125,1,0.0
2014-07-12 10:29:00,57.0,0.175569961076,0.0,1,0.0
2014-07-12 10:34:00,61.5345,0.182713421239,0.0250000003725,1,0.0
2014-07-12 10:39:00,56.6292,0.175569961076,0.0,1,0.0
2014-07-12 10:44:00,37.614,0.168594450161,0.0500000007451,1,0.0
2014-07-12 10:49:00,51.9043,0.515924785953,0.949999988079,1,0.0
2014-07-12 10:54:00,51.999,0.453024824202,0.0,1,0.0
2014-07-12 10:59:00,57.288,0.237473196161,0.0250000003725,1,0.0
2014-07-12 11:04:00,68.714,0.25466427417,0.10000000149,1,0.0
2014-07-12 11:09:00,64.544,0.291132253976,0.17499999702,1,0.0
2014-07-12 11:14:00,30.416,0.320321319011,0.20000000298,1,0.0
2014-07-12 11:19:00,52.6627,0.828783521211,0.949999988079,1,0.0
2014-07-12 11:24:00,51.564,0.299999996735,0.0,1,0.0
2014-07-12 11:29:00,56.434,0.299999996735,0.0,1,0.0
2014-07-12 11:34:00,42.709,0.299999996735,0.0750000029802,1,0.0
2014-07-12 11:39:00,52.045,0.394613669569,0.17499999702,1,0.0
2014-07-12 11:44:00,37.324,0.440984354579,0.10000000149,1,0.0
2014-07-12 11:49:00,52.3333,0.952596395197,0.899999976158,1,0.0
2014-07-12 11:54:00,57.7918,0.299999996735,0.0,1,0.0
2014-07-12 11:59:00,57.3,0.299999996735,0.0750000029802,1,0.0
2014-07-12 12:04:00,68.832,0.299999996735,0.20000000298,1,0.0
2014-07-12 12:09:00,71.379,0.453024819683,0.300000011921,1,0.0
2014-07-12 12:14:00,30.806,0.747514651692,0.524999976158,1,0.0
2014-07-12 12:19:00,56.456,0.299999996735,0.949999988079,1,0.0
2014-07-12 12:24:00,76.1133,0.299999996735,0.0,1,0.0
2014-07-12 12:29:00,57.635,0.299999996735,0.0250000003725,1,0.0
2014-07-12 12:34:00,58.356,0.299999996735,0.0250000003725,1,0.0
2014-07-12 12:39:00,57.4805,0.299999996735,0.0500000007451,1,0.0
2014-07-12 12:44:00,38.381,0.299999996735,0.0750000029802,1,0.0
2014-07-12 12:49:00,43.1642,0.299999996735,0.0750000029802,1,0.0
2014-07-12 12:54:00,58.5827,0.299999996735,0.0,1,0.0
2014-07-12 12:59:00,57.987,0.429123232913,0.0500000007451,1,0.0
2014-07-12 13:04:00,68.352,0.245982199358,0.0750000029802,1,0.0
2014-07-12 13:09:00,88.248,0.0928296447564,0.375,1,0.0
2014-07-12 13:14:00,59.667,0.102723596137,0.0500000007451,1,0.0
2014-07-12 13:19:00,64.5017,0.0976986693223,0.0,1,0.0
2014-07-12 13:24:00,39.335,0.0928296447564,0.0,1,0.0
2014-07-12 13:29:00,57.947,0.361709466055,0.925000011921,1,0.0
2014-07-12 13:34:00,42.6687,0.340661523235,0.0250000003725,1,0.0
2014-07-12 13:39:00,58.879,0.320321329436,0.0250000003725,1,0.0
2014-07-12 13:44:00,64.501,0.351096869156,0.0750000029802,1,0.0
2014-07-12 13:49:00,56.914,0.361709466055,0.0750000029802,1,0.0
2014-07-12 13:54:00,29.219,0.477644674892,0.324999988079,1,0.0
2014-07-12 13:59:00,56.25,0.394613678777,0.20000000298,1,0.0
2014-07-12 14:04:00,59.501,0.372499605071,0.0,1,0.0
2014-07-12 14:09:00,93.77,0.465244861829,0.20000000298,1,0.0
2014-07-12 14:14:00,91.4927,0.529045657364,0.125,1,0.0
2014-07-12 14:19:00,51.286,0.212979757328,0.17499999702,1,0.0
2014-07-12 14:24:00,36.334,0.20515806344,0.0,1,0.0
2014-07-12 14:29:00,62.479,0.597362879689,0.925000011921,1,0.0
2014-07-12 14:34:00,50.398,0.299999996735,0.0,1,0.0
2014-07-12 14:39:00,57.103,0.299999996735,0.27500000596,1,0.0
2014-07-12 14:44:00,64.617,0.299999996735,0.0500000007451,1,0.0
2014-07-12 14:49:00,63.715,0.440984367935,0.0500000007451,1,0.0
2014-07-12 14:54:00,62.333,0.490224481383,0.10000000149,1,0.0
2014-07-12 14:59:00,59.1662,0.405938154606,0.0250000003725,1,0.0
2014-07-12 15:04:00,38.333,0.372499609123,0.0500000007451,1,0.0
2014-07-12 15:09:00,91.875,0.763488531598,0.899999976158,1,0.0
2014-07-12 15:14:00,81.513,0.299999996735,0.10000000149,1,0.0
2014-07-12 15:19:00,55.996,0.361709452501,0.0750000029802,1,0.0
2014-07-12 15:24:00,74.1478,0.429123244314,0.15000000596,1,0.0
2014-07-12 15:29:00,50.38,0.310415815511,0.0,1,0.0
2014-07-12 15:34:00,35.666,0.320321319756,0.0750000029802,1,0.0
2014-07-12 15:39:00,63.9463,0.812289805836,0.975000023842,1,0.0
2014-07-12 15:44:00,46.396,0.299999996735,0.0,1,0.0
2014-07-12 15:49:00,56.833,0.299999996735,0.0500000007451,1,0.0
2014-07-12 15:54:00,75.4433,0.299999996735,0.0500000007451,1,0.0
2014-07-12 15:59:00,63.144,0.310415834529,0.0250000003725,1,0.0
2014-07-12 16:04:00,69.015,0.291132273019,0.0500000007451,1,0.0
2014-07-12 16:09:00,100.0,0.515924795662,0.574999988079,1,0.0
2014-07-12 16:14:00,60.833,0.440984367045,0.0,1,0.0
2014-07-12 16:19:00,54.8338,0.440984367045,0.0,1,0.0
2014-07-12 16:24:00,51.917,0.429123253085,0.0500000007451,1,0.0
2014-07-12 16:29:00,57.633,0.118745477826,0.0750000029802,1,0.0
2014-07-12 16:34:00,61.544,0.13022680123,0.0500000007451,1,0.0
2014-07-12 16:39:00,44.833,0.118745477826,0.0,1,0.0
2014-07-12 16:44:00,36.333,0.107905616531,0.0,1,0.0
2014-07-12 16:49:00,46.954,0.340661502421,0.774999976158,1,0.0
2014-07-12 16:54:00,39.164,0.320321310076,0.0,1,0.0
2014-07-12 16:59:00,57.832,0.155144434531,0.0750000029802,1,0.0
2014-07-12 17:04:00,79.6667,0.168594440405,0.0500000007451,1,0.0
2014-07-12 17:09:00,100.0,0.281753455562,0.34999999404,1,0.0
2014-07-12 17:14:00,90.722,0.291132251155,0.0750000029802,1,0.0
2014-07-12 17:19:00,42.666,0.263519879907,0.0,1,0.0
2014-07-12 17:24:00,37.371,0.25466426829,0.0250000003725,1,0.0
2014-07-12 17:29:00,57.382,0.747514655292,1.0,1,0.0
2014-07-12 17:34:00,73.1313,0.299999996735,0.0,1,0.0
2014-07-12 17:39:00,64.165,0.340661515526,0.0,1,0.0
2014-07-12 17:44:00,63.496,0.372499602639,0.0750000029802,1,0.0
2014-07-12 17:49:00,76.0,0.340661515526,0.0,1,0.0
2014-07-12 17:54:00,32.666,0.320321322734,0.0,1,0.0
2014-07-12 17:59:00,47.669,0.245982203841,0.15000000596,1,0.0
2014-07-12 18:04:00,42.674,0.220972490159,0.0,1,0.0
2014-07-12 18:09:00,65.501,0.220972490159,0.0,1,0.0
2014-07-12 18:14:00,62.332,0.229136797106,0.0500000007451,1,0.0
2014-07-12 18:19:00,75.778,0.0349099010634,0.0750000029802,1,0.0
2014-07-12 18:24:00,38.113,0.0349099010634,0.0,1,0.0
2014-07-12 18:29:00,56.5522,0.168594454783,0.725000023842,1,0.0
2014-07-12 18:34:00,57.916,0.133913683622,0.0,1,0.0
2014-07-12 18:39:00,58.095,0.133913683622,0.0,1,0.0
2014-07-12 18:44:00,51.385,0.156982583279,0.10000000149,1,0.0
2014-07-12 18:49:00,52.286,0.175740870153,0.22499999404,1,0.0
2014-07-12 18:54:00,30.499,0.182274150419,0.0250000003725,1,0.0
2014-07-12 18:59:00,36.826,0.188948564147,0.0250000003725,1,0.0
2014-07-12 19:04:00,58.166,0.29745501104,0.40000000596,1,0.0
2014-07-12 19:09:00,63.782,0.271810759359,0.0,1,0.0
2014-07-12 19:14:00,63.0425,0.271810759359,0.0,1,0.0
2014-07-12 19:19:00,52.213,0.0899100459187,0.0,1,0.0
2014-07-12 19:24:00,37.499,0.0899100459187,0.0,1,0.0
2014-07-12 19:29:00,54.7813,0.362444849712,0.975000023842,1,0.0
2014-07-12 19:34:00,52.164,0.324421150836,0.0,1,0.0
2014-07-12 19:39:00,57.384,0.247480230111,0.0,1,0.0
2014-07-12 19:44:00,62.5353,0.23966044398,0.0,1,0.0
2014-07-12 19:49:00,56.9212,0.231985258548,0.0,1,0.0
2014-07-12 19:54:00,30.046,0.188948564147,0.25,1,0.0
2014-07-12 19:59:00,59.051,0.550729452262,0.949999988079,1,0.0
2014-07-12 20:04:00,64.7552,0.299999996735,0.0,1,0.0
2014-07-12 20:09:00,93.833,0.299999996735,0.0750000029802,1,0.0
2014-07-12 20:14:00,92.4583,0.299999996735,0.0250000003725,1,0.0
2014-07-12 20:19:00,52.555,0.209823447805,0.0,1,0.0
2014-07-12 20:24:00,37.073,0.217067154553,0.0250000003725,1,0.0
2014-07-12 20:29:00,54.0007,0.263555034036,0.15000000596,1,0.0
2014-07-12 20:34:00,51.099,0.263555034036,0.0,1,0.0
2014-07-12 20:39:00,56.512,0.271810750051,0.0250000003725,1,0.0
2014-07-12 20:44:00,62.2503,0.195764598726,0.0,1,0.0
2014-07-12 20:49:00,57.7928,0.0301030005059,0.0,1,0.0
2014-07-12 20:54:00,31.165,0.0418379606527,0.125,1,0.0
2014-07-12 20:59:00,56.953,0.195764594621,0.899999976158,1,0.0
2014-07-12 21:04:00,71.384,0.188948553091,0.0,1,0.0
2014-07-12 21:09:00,92.667,0.202722739711,0.0500000007451,1,0.0
2014-07-12 21:14:00,90.456,0.209823445667,0.0500000007451,1,0.0
2014-07-12 21:19:00,76.366,0.175740858596,0.0250000003725,1,0.0
2014-07-12 21:24:00,45.0,0.175740858596,0.0,1,0.0
2014-07-12 21:29:00,57.788,0.195764593595,0.10000000149,1,0.0
2014-07-12 21:34:00,75.639,0.209823444599,0.0500000007451,1,0.0
2014-07-12 21:39:00,63.334,0.217067151282,0.0250000003725,1,0.0
2014-07-12 21:44:00,63.166,0.182274139103,0.0,1,0.0
2014-07-12 21:49:00,63.79,0.0301030000392,0.0,1,0.0
2014-07-12 21:54:00,37.864,0.0344820279307,0.0500000007451,1,0.0
2014-07-12 21:59:00,55.797,0.0563172399385,0.25,1,0.0
2014-07-12 22:04:00,78.3887,0.0501826028274,0.0,1,0.0
2014-07-12 22:09:00,88.5,0.0629232883585,0.125,1,0.0
2014-07-12 22:14:00,59.459,0.0664066050252,0.0250000003725,1,0.0
2014-07-12 22:19:00,53.843,0.0531917251627,0.0,1,0.0
2014-07-12 22:24:00,52.547,0.047288339142,0.0,1,0.0
2014-07-12 22:29:00,57.333,0.047288339142,0.0250000003725,1,0.0
2014-07-12 22:34:00,74.302,0.0531917251627,0.0500000007451,1,0.0
2014-07-12 22:39:00,45.341,0.0531917251627,0.0,1,0.0
2014-07-12 22:44:00,37.428,0.0563172399385,0.0750000029802,1,0.0
2014-07-12 22:49:00,53.2137,0.188948562137,0.925000011921,1,0.0
2014-07-12 22:54:00,59.167,0.195764603857,0.0250000003725,1,0.0
2014-07-12 22:59:00,58.466,0.169348207443,0.0250000003725,1,0.0
2014-07-12 23:04:00,64.5775,0.163095629829,0.0,1,0.0
2014-07-12 23:09:00,88.5,0.271810756256,0.375,1,0.0
2014-07-12 23:14:00,59.891,0.315285088672,0.125,1,0.0
2014-07-12 23:19:00,53.13,0.306296465208,0.0,1,0.0
2014-07-12 23:24:00,38.213,0.288760431349,0.0,1,0.0
2014-07-12 23:29:00,58.345,0.36244484679,0.20000000298,1,0.0
2014-07-12 23:34:00,63.879,0.333704904537,0.0,1,0.0
2014-07-12 23:39:00,57.833,0.0856770454871,0.0,1,0.0
2014-07-12 23:44:00,61.945,0.0856770454871,0.0250000003725,1,0.0
2014-07-12 23:49:00,60.582,0.0856770454871,0.0250000003725,1,0.0
2014-07-12 23:54:00,45.547,0.108139763899,0.125,1,0.0
2014-07-12 23:59:00,72.4707,0.0531917253912,0.0250000003725,1,0.0
2014-07-13 00:04:00,53.166,0.0418379600684,0.0250000003725,1,0.0
2014-07-13 00:09:00,64.777,0.0418379600684,0.0,1,0.0
2014-07-13 00:14:00,64.6355,0.0418379600684,0.0,1,0.0
2014-07-13 00:19:00,51.665,0.0368271130197,0.15000000596,1,0.0
2014-07-13 00:24:00,36.499,0.0472883399876,0.10000000149,1,0.0
2014-07-13 00:29:00,30.169,0.0472883399876,0.0,1,0.0
2014-07-13 00:34:00,50.953,0.0942718514964,0.34999999404,1,0.0
2014-07-13 00:39:00,56.881,0.0899100459187,0.0,1,0.0
2014-07-13 00:44:00,29.332,0.0700118817558,0.0,1,0.0
2014-07-13 00:49:00,56.342,0.0700118817558,0.0250000003725,1,0.0
2014-07-13 00:54:00,48.5,0.0664066047612,0.0,1,0.0
2014-07-13 00:59:00,58.651,0.0664066047612,0.0,1,0.0
2014-07-13 01:04:00,37.666,0.0664066047612,0.0,1,0.0
2014-07-13 01:09:00,78.75,0.169348205087,0.675000011921,1,0.0
2014-07-13 01:14:00,88.167,0.182274147467,0.15000000596,1,0.0
2014-07-13 01:19:00,57.214,0.188948561132,0.0250000003725,1,0.0
2014-07-13 01:24:00,71.731,0.12848907221,0.10000000149,1,0.0
2014-07-13 01:29:00,44.778,0.12848907221,0.0,1,0.0
2014-07-13 01:34:00,35.167,0.133913680758,0.0250000003725,1,0.0
2014-07-13 01:39:00,59.891,0.423944095602,0.925000011921,1,0.0
2014-07-13 01:44:00,59.581,0.423944095602,0.0,1,0.0
2014-07-13 01:49:00,56.955,0.423944095602,0.0,1,0.0
2014-07-13 01:54:00,63.999,0.423944095602,0.0,1,0.0
2014-07-13 01:59:00,56.699,0.188948563142,0.0,1,0.0
2014-07-13 02:04:00,66.719,0.175740868227,0.10000000149,1,0.0
2014-07-13 02:09:00,71.875,0.169348206972,0.0,1,0.0
2014-07-13 02:14:00,41.431,0.151008473986,0.0250000003725,1,0.0
2014-07-13 02:19:00,56.541,0.202722749138,0.20000000298,1,0.0
2014-07-13 02:24:00,27.906,0.195764603857,0.0,1,0.0
2014-07-13 02:29:00,64.043,0.0418379602632,0.10000000149,1,0.0
2014-07-13 02:34:00,51.836,0.0418379602632,0.0,1,0.0
2014-07-13 02:39:00,57.4315,0.0418379602632,0.0,1,0.0
2014-07-13 02:44:00,37.777,0.0445073431115,0.0250000003725,1,0.0
2014-07-13 02:49:00,44.2077,0.0563172404129,0.10000000149,1,0.0
2014-07-13 02:54:00,51.832,0.0440137186182,0.0,1,0.0
2014-07-13 02:59:00,57.27,0.0440137186182,0.0,1,0.0
2014-07-13 03:04:00,69.269,0.0414431148048,0.0,1,0.0
2014-07-13 03:09:00,93.833,0.0440137176412,0.22499999404,1,0.0
2014-07-13 03:14:00,58.931,0.0466889842889,0.0250000003725,1,0.0
2014-07-13 03:19:00,64.385,0.0366095458283,0.0,1,0.0
2014-07-13 03:24:00,44.934,0.0366095458283,0.0,1,0.0
2014-07-13 03:29:00,57.833,0.0366095458283,0.0,1,0.0
2014-07-13 03:34:00,44.9503,0.0343432663476,0.0,1,0.0
2014-07-13 03:39:00,49.1,0.0321750180411,0.0750000029802,1,0.0
2014-07-13 03:44:00,39.326,0.0366095460008,0.0500000007451,1,0.0
2014-07-13 03:49:00,45.083,0.0494704320861,0.125,1,0.0
2014-07-13 03:54:00,58.286,0.0494704320861,0.0,1,0.0
2014-07-13 03:59:00,56.217,0.0321750179148,0.0,1,0.0
2014-07-13 04:04:00,51.676,0.0321750179148,0.0250000003725,1,0.0
2014-07-13 04:09:00,94.5,0.0720301522389,0.40000000596,1,0.0
2014-07-13 04:14:00,92.667,0.0874570523065,0.10000000149,1,0.0
2014-07-13 04:19:00,64.452,0.0874570523065,0.0,1,0.0
2014-07-13 04:24:00,37.166,0.0874570523065,0.0,1,0.0
2014-07-13 04:29:00,43.6688,0.0795064053213,0.0250000003725,1,0.0
2014-07-13 04:34:00,58.5387,0.0720301519691,0.0,1,0.0
2014-07-13 04:39:00,56.996,0.0553576767479,0.0,1,0.0
2014-07-13 04:44:00,62.386,0.0553576767479,0.0,1,0.0
2014-07-13 04:49:00,57.334,0.0553576767479,0.0,1,0.0
2014-07-13 04:54:00,29.787,0.0553576767479,0.0250000003725,1,0.0
2014-07-13 04:59:00,56.135,0.0440137176803,0.0,1,0.0
2014-07-13 05:04:00,64.0823,0.055357675656,0.0,1,0.0
2014-07-13 05:09:00,93.0,0.0414431140917,0.125,1,0.0
2014-07-13 05:14:00,89.666,0.0389755998908,0.0250000003725,1,0.0
2014-07-13 05:19:00,28.092,0.0366095460353,0.0500000007451,1,0.0
2014-07-13 05:24:00,38.666,0.0414431146171,0.20000000298,1,0.0
2014-07-13 05:29:00,57.621,0.168964873365,0.75,1,0.0
2014-07-13 05:34:00,72.142,0.168964873365,0.0,1,0.0
2014-07-13 05:39:00,45.5,0.168964873365,0.0,1,0.0
2014-07-13 05:44:00,37.934,0.17515348649,0.0500000007451,1,0.0
2014-07-13 05:49:00,64.3327,0.24438175512,0.25,1,0.0
2014-07-13 05:54:00,45.166,0.24438175512,0.0,1,0.0
2014-07-13 05:59:00,56.457,0.222200010624,0.0500000007451,1,0.0
2014-07-13 06:04:00,67.49,0.215076836244,0.0,1,0.0
2014-07-13 06:09:00,93.667,0.354766635508,0.47499999404,1,0.0
2014-07-13 06:14:00,61.097,0.455699992933,0.449999988079,1,0.0
2014-07-13 06:19:00,45.4335,0.194514268738,0.0,1,0.0
2014-07-13 06:24:00,44.786,0.222200004731,0.10000000149,1,0.0
2014-07-13 06:29:00,56.549,0.222200004731,0.0,1,0.0
2014-07-13 06:34:00,61.4037,0.208088412015,0.0,1,0.0
2014-07-13 06:39:00,53.747,0.145522134059,0.0,1,0.0
2014-07-13 06:44:00,37.998,0.151187118747,0.0250000003725,1,0.0
2014-07-13 06:49:00,64.777,0.284078925742,0.524999976158,1,0.0
2014-07-13 06:54:00,45.166,0.284078925742,0.0,1,0.0
2014-07-13 06:59:00,57.454,0.156982201855,0.0250000003725,1,0.0
2014-07-13 07:04:00,68.4367,0.0720301476526,0.0,1,0.0
2014-07-13 07:09:00,93.559,0.162907943437,0.47499999404,1,0.0
2014-07-13 07:14:00,59.324,0.145522131139,0.0250000003725,1,0.0
2014-07-13 07:19:00,67.146,0.145522131139,0.0,1,0.0
2014-07-13 07:24:00,45.665,0.145522131139,0.0,1,0.0
2014-07-13 07:29:00,57.617,0.145522131139,0.0,1,0.0
2014-07-13 07:34:00,61.164,0.13998667726,0.0,1,0.0
2014-07-13 07:39:00,56.9152,0.0523595249142,0.0,1,0.0
2014-07-13 07:44:00,39.088,0.0523595249142,0.0,1,0.0
2014-07-13 07:49:00,54.5105,0.0523595249142,0.0250000003725,1,0.0
2014-07-13 07:54:00,57.7665,0.0523595249142,0.0,1,0.0
2014-07-13 07:59:00,58.717,0.055357675656,0.0,1,0.0
2014-07-13 08:04:00,69.341,0.055357675656,0.0250000003725,1,0.0
2014-07-13 08:09:00,64.211,0.0523595253967,0.0250000003725,1,0.0
2014-07-13 08:14:00,30.334,0.0523595253967,0.0,1,0.0
2014-07-13 08:19:00,64.839,0.0523595253967,0.0,1,0.0
2014-07-13 08:24:00,43.887,0.0523595253967,0.0,1,0.0
2014-07-13 08:29:00,56.114,0.0494704321284,0.0250000003725,1,0.0
2014-07-13 08:34:00,57.1457,0.0494704321284,0.0,1,0.0
2014-07-13 08:39:00,61.172,0.0523595253967,0.0,1,0.0
2014-07-13 08:44:00,63.113,0.0494704321284,0.0250000003725,1,0.0
2014-07-13 08:49:00,64.0,0.0494704321284,0.0,1,0.0
2014-07-13 08:54:00,32.382,0.0523595253967,0.0,1,0.0
2014-07-13 08:59:00,47.787,0.055357675656,0.0,1,0.0
2014-07-13 09:04:00,42.426,0.055357675656,0.0,1,0.0
2014-07-13 09:09:00,65.5,0.0414431140917,0.125,1,0.0
2014-07-13 09:14:00,49.4642,0.0414431140917,0.0,1,0.0
2014-07-13 09:19:00,50.416,0.0389755998908,0.0500000007451,1,0.0
2014-07-13 09:24:00,37.117,0.0321750179148,0.0750000029802,1,0.0
2014-07-13 09:29:00,35.7837,0.044013718032,0.17499999702,1,0.0
2014-07-13 09:34:00,51.551,0.0650198186289,0.20000000298,1,0.0
2014-07-13 09:39:00,57.503,0.0650198186289,0.0,1,0.0
2014-07-13 09:44:00,75.612,0.0650198186289,0.0,1,0.0
2014-07-13 09:49:00,45.332,0.068467300932,0.0250000003725,1,0.0
2014-07-13 09:54:00,29.5,0.0757094928412,0.0500000007451,1,0.0
2014-07-13 09:59:00,43.5467,0.222200013838,0.800000011921,1,0.0
2014-07-13 10:04:00,45.337,0.222200013838,0.0,1,0.0
2014-07-13 10:09:00,83.833,0.259849896784,0.17499999702,1,0.0
2014-07-13 10:14:00,86.1667,0.252047575434,0.0500000007451,1,0.0
2014-07-13 10:19:00,57.5,0.201234367743,0.0,1,0.0
2014-07-13 10:24:00,62.9157,0.151187124724,0.0,1,0.0
2014-07-13 10:29:00,51.708,0.151187124724,0.0,1,0.0
2014-07-13 10:34:00,35.339,0.162907952811,0.0500000007451,1,0.0
2014-07-13 10:39:00,67.682,0.477578197007,0.949999988079,1,0.0
2014-07-13 10:44:00,52.711,0.455699999369,0.0,1,0.0
2014-07-13 10:49:00,56.999,0.181474275218,0.0,1,0.0
2014-07-13 10:54:00,65.8867,0.181474275218,0.0,1,0.0
2014-07-13 10:59:00,47.118,0.139986681336,0.0,1,0.0
2014-07-13 11:04:00,37.716,0.134580163133,0.0250000003725,1,0.0
2014-07-13 11:09:00,57.169,0.139986681336,0.0250000003725,1,0.0
2014-07-13 11:14:00,47.439,0.137744976195,0.0,1,0.0
2014-07-13 11:19:00,56.208,0.137744976195,0.0,1,0.0
2014-07-13 11:24:00,56.5407,0.127307553108,0.0,1,0.0
2014-07-13 11:29:00,57.347,0.0549396738138,0.0,1,0.0
2014-07-13 11:34:00,61.287,0.0549396738138,0.0,1,0.0
2014-07-13 11:39:00,51.286,0.0519967760991,0.0250000003725,1,0.0
2014-07-13 11:44:00,35.513,0.0519967760991,0.0,1,0.0
2014-07-13 11:49:00,68.0067,0.0519967760991,0.0,1,0.0
2014-07-13 11:54:00,45.241,0.0549396738138,0.0,1,0.0
2014-07-13 11:59:00,58.671,0.0579897998196,0.0,1,0.0
2014-07-13 12:04:00,80.8093,0.0437980959884,0.125,1,0.0
2014-07-13 12:09:00,92.203,0.038843087004,0.0500000007451,1,0.0
2014-07-13 12:14:00,58.965,0.0342824479303,0.0500000007451,1,0.0
2014-07-13 12:19:00,52.5657,0.0342824479303,0.0,1,0.0
2014-07-13 12:24:00,52.545,0.0342824479303,0.0,1,0.0
2014-07-13 12:29:00,56.335,0.036514274581,0.0,1,0.0
2014-07-13 12:34:00,61.2025,0.036514274581,0.0,1,0.0
2014-07-13 12:39:00,44.714,0.0321459326079,0.0500000007451,1,0.0
2014-07-13 12:44:00,37.44,0.0301029998742,0.0250000003725,1,0.0
2014-07-13 12:49:00,32.455,0.0301029998742,0.0,1,0.0
2014-07-13 12:54:00,38.243,0.0301029998742,0.125,1,0.0
2014-07-13 12:59:00,57.333,0.184545364205,1.0,1,0.0
2014-07-13 13:04:00,71.12,0.172079213766,0.0,1,0.0
2014-07-13 13:09:00,69.715,0.184545364205,0.0500000007451,1,0.0
2014-07-13 13:14:00,61.9987,0.184545364205,0.0,1,0.0
2014-07-13 13:19:00,56.283,0.184545364205,0.0,1,0.0
2014-07-13 13:24:00,37.668,0.184545364205,0.0,1,0.0
2014-07-13 13:29:00,57.833,0.522533977628,1.0,1,0.0
2014-07-13 13:34:00,63.833,0.299999996735,0.0,1,0.0
2014-07-13 13:39:00,58.008,0.299999996735,0.0,1,0.0
2014-07-13 13:44:00,61.996,0.456123956295,0.0,1,0.0
2014-07-13 13:49:00,60.129,0.137744978584,0.0,1,0.0
2014-07-13 13:54:00,45.429,0.154341326652,0.0750000029802,1,0.0
2014-07-13 13:59:00,57.878,0.178247888492,0.15000000596,1,0.0
2014-07-13 14:04:00,54.222,0.178247888492,0.0,1,0.0
2014-07-13 14:09:00,88.667,0.225058860413,0.17499999702,1,0.0
2014-07-13 14:14:00,58.333,0.270308202455,0.15000000596,1,0.0
2014-07-13 14:19:00,52.1663,0.0549396753318,0.0,1,0.0
2014-07-13 14:24:00,56.8693,0.0549396753318,0.0,1,0.0
2014-07-13 14:29:00,57.499,0.0549396753318,0.0,1,0.0
2014-07-13 14:34:00,51.546,0.0611484191372,0.0500000007451,1,0.0
2014-07-13 14:39:00,64.121,0.086393213553,0.17499999702,1,0.0
2014-07-13 14:44:00,36.546,0.0748914755515,0.0,1,0.0
2014-07-13 14:49:00,56.666,0.0549396739924,0.0,1,0.0
2014-07-13 14:54:00,13.999,1.0,0.75,1,0.0
2014-07-13 14:59:00,64.501,0.488708195829,1.0,1,0.0
2014-07-13 15:04:00,68.498,0.42477761952,0.0,1,0.0
2014-07-13 15:09:00,100.0,0.42477761952,0.0,1,0.0
2014-07-13 15:14:00,68.334,0.42477761952,0.0,1,0.0
2014-07-13 15:19:00,56.832,0.456123956295,0.0750000029802,1,0.0
2014-07-13 15:24:00,42.6347,0.445537825316,0.0250000003725,1,0.0
2014-07-13 15:29:00,46.0,0.38490103112,0.0250000003725,1,0.0
2014-07-13 15:34:00,37.688,0.38490103112,0.0,1,0.0
2014-07-13 15:39:00,45.16,0.445537829234,0.15000000596,1,0.0
2014-07-13 15:44:00,52.621,0.190972092032,0.0,1,0.0
2014-07-13 15:49:00,53.671,0.0321459319852,0.0,1,0.0
2014-07-13 15:54:00,46.0547,0.0301030004692,0.0250000003725,1,0.0
2014-07-13 15:59:00,47.0,0.0342824490367,0.0500000007451,1,0.0
2014-07-13 16:04:00,37.671,0.0611484188978,0.25,1,0.0
2014-07-13 16:09:00,54.2465,0.0611484188978,0.0750000029802,1,0.0
2014-07-13 16:14:00,45.666,0.0579898011611,0.0,1,0.0
2014-07-13 16:19:00,56.82,0.0549396751086,0.0,1,0.0
2014-07-13 16:24:00,62.5873,0.0549396751086,0.0,1,0.0
2014-07-13 16:29:00,52.375,0.0388430875,0.0,1,0.0
2014-07-13 16:34:00,37.377,0.0437980965262,0.0500000007451,1,0.0
2014-07-13 16:39:00,56.714,0.239612108857,1.0,1,0.0
2014-07-13 16:44:00,64.5,0.232269519086,0.0,1,0.0
2014-07-13 16:49:00,57.124,0.217979789081,0.0,1,0.0
2014-07-13 16:54:00,60.883,0.154341326652,0.0,1,0.0
2014-07-13 16:59:00,58.3823,0.137744978584,0.0,1,0.0
2014-07-13 17:04:00,38.001,0.137744978584,0.0,1,0.0
2014-07-13 17:09:00,91.6663,0.329174618695,0.675000011921,1,0.0
2014-07-13 17:14:00,93.3337,0.329174618695,0.0,1,0.0
2014-07-13 17:19:00,56.216,0.347206994123,0.0500000007451,1,0.0
2014-07-13 17:24:00,61.8897,0.347206994123,0.0500000007451,1,0.0
2014-07-13 17:29:00,46.5,0.0863932141502,0.0,1,0.0
2014-07-13 17:34:00,36.955,0.0989480848347,0.0750000029802,1,0.0
2014-07-13 17:39:00,65.0573,0.375273368598,1.0,1,0.0
2014-07-13 17:44:00,52.719,0.375273368598,0.0,1,0.0
2014-07-13 17:49:00,56.511,0.375273368598,0.0,1,0.0
2014-07-13 17:54:00,75.858,0.384901036177,0.0250000003725,1,0.0
2014-07-13 17:59:00,63.718,0.172079214676,0.0,1,0.0
2014-07-13 18:04:00,65.525,0.172079214676,0.0,1,0.0
2014-07-13 18:09:00,100.0,0.204214979452,0.17499999702,1,0.0
2014-07-13 18:14:00,62.267,0.197528491026,0.0250000003725,1,0.0
2014-07-13 18:19:00,53.829,0.197528491026,0.0,1,0.0
2014-07-13 18:24:00,57.5008,0.178247885706,0.0,1,0.0
2014-07-13 18:29:00,57.667,0.0365142749208,0.0,1,0.0
2014-07-13 18:34:00,62.22,0.0365142749208,0.0,1,0.0
2014-07-13 18:39:00,57.114,0.0365142749208,0.0,1,0.0
2014-07-13 18:44:00,52.334,0.0321459327636,0.0750000029802,1,0.0
2014-07-13 18:49:00,64.6437,0.0464273727332,0.20000000298,1,0.0
2014-07-13 18:54:00,43.751,0.0549396746621,0.0750000029802,1,0.0
2014-07-13 18:59:00,56.834,0.0365142755663,0.0,1,0.0
2014-07-13 19:04:00,63.714,0.034282448874,0.0,1,0.0
2014-07-13 19:09:00,70.666,0.034282448874,0.0,1,0.0
2014-07-13 19:14:00,61.857,0.034282448874,0.0,1,0.0
2014-07-13 19:19:00,64.455,0.0519967769173,0.17499999702,1,0.0
2014-07-13 19:24:00,37.206,0.0519967769173,0.0,1,0.0
2014-07-13 19:29:00,55.7918,0.0904599521968,0.27500000596,1,0.0
2014-07-13 19:34:00,51.89,0.076889574668,0.0,1,0.0
2014-07-13 19:39:00,56.048,0.0512979666481,0.0,1,0.0
2014-07-13 19:44:00,58.6333,0.0433819226688,0.0,1,0.0
2014-07-13 19:49:00,59.0,0.0459227708443,0.0250000003725,1,0.0
2014-07-13 19:54:00,29.999,0.0459227708443,0.0,1,0.0
2014-07-13 19:59:00,65.4643,0.0601134639932,0.125,1,0.0
2014-07-13 20:04:00,51.5,0.0601134639932,0.0,1,0.0
2014-07-13 20:09:00,92.834,0.0570729937683,0.15000000596,1,0.0
2014-07-13 20:14:00,95.222,0.0665059964756,0.0750000029802,1,0.0
2014-07-13 20:19:00,63.165,0.0385869529914,0.0250000003725,1,0.0
2014-07-13 20:24:00,57.727,0.0433819234116,0.0500000007451,1,0.0
2014-07-13 20:29:00,64.666,0.0459227716159,0.0250000003725,1,0.0
2014-07-13 20:34:00,39.784,0.0459227716159,0.0,1,0.0
2014-07-13 20:39:00,55.2487,0.0485610167495,0.0500000007451,1,0.0
2014-07-13 20:44:00,64.547,0.0485610167495,0.0,1,0.0
2014-07-13 20:49:00,57.662,0.0363299806488,0.0,1,0.0
2014-07-13 20:54:00,62.1233,0.0363299806488,0.0,1,0.0
2014-07-13 20:59:00,52.552,0.0363299791993,0.0,1,0.0
2014-07-13 21:04:00,37.897,0.0433819221488,0.0,1,0.0
2014-07-13 21:09:00,52.2185,0.0320895732176,0.15000000596,1,0.0
2014-07-13 21:14:00,52.708,0.0363299790345,0.0,1,0.0
2014-07-13 21:19:00,57.667,0.0385869514812,0.0,1,0.0
2014-07-13 21:24:00,74.876,0.0363299790345,0.0250000003725,1,0.0
2014-07-13 21:29:00,63.666,0.0363299790345,0.0500000007451,1,0.0
2014-07-13 21:34:00,61.333,0.032089574549,0.10000000149,1,0.0
2014-07-13 21:39:00,64.001,0.032089574549,0.0,1,0.0
2014-07-13 21:44:00,46.252,0.032089574549,0.0,1,0.0
2014-07-13 21:49:00,56.726,0.032089574549,0.0,1,0.0
2014-07-13 21:54:00,74.3043,0.0570729933229,0.25,1,0.0
2014-07-13 21:59:00,64.285,0.0570729933229,0.15000000596,1,0.0
2014-07-13 22:04:00,70.38,0.0570729933229,0.0,1,0.0
2014-07-13 22:09:00,80.8887,0.0570729933229,0.0,1,0.0
2014-07-13 22:14:00,39.099,0.0541348861019,0.0,1,0.0
2014-07-13 22:19:00,57.504,0.0570729935456,0.0750000029802,1,0.0
2014-07-13 22:24:00,62.964,0.045922771423,0.0,1,0.0
2014-07-13 22:29:00,45.499,0.045922771423,0.0,1,0.0
2014-07-13 22:34:00,38.108,0.0512979670633,0.0500000007451,1,0.0
2014-07-13 22:39:00,52.2523,0.0512979670633,0.0,1,0.0
2014-07-13 22:44:00,59.167,0.0320895730663,0.0,1,0.0
2014-07-13 22:49:00,56.789,0.0459227701112,0.0,1,0.0
2014-07-13 22:54:00,62.296,0.0459227701112,0.0,1,0.0
2014-07-13 22:59:00,52.052,0.0459227701112,0.0,1,0.0
2014-07-13 23:04:00,35.789,0.0459227701112,0.0,1,0.0
2014-07-13 23:09:00,88.055,0.0541348852414,0.5,1,0.0
2014-07-13 23:14:00,87.751,0.0601134637628,0.0500000007451,1,0.0
2014-07-13 23:19:00,56.167,0.0632574334227,0.0250000003725,1,0.0
2014-07-13 23:24:00,61.1287,0.0570729924321,0.0,1,0.0
2014-07-13 23:29:00,57.6678,0.0570729924321,0.0,1,0.0
2014-07-13 23:34:00,36.666,0.0570729924321,0.0,1,0.0
2014-07-13 23:39:00,54.544,0.244864333374,0.925000011921,1,0.0
2014-07-13 23:44:00,59.324,0.244864333374,0.0,1,0.0
2014-07-13 23:49:00,56.951,0.244864333374,0.0,1,0.0
2014-07-13 23:54:00,62.126,0.244864333374,0.0,1,0.0
2014-07-13 23:59:00,57.1587,0.123493055368,0.0,1,0.0
2014-07-14 00:04:00,37.215,0.113994213515,0.0,1,0.0
2014-07-14 00:09:00,92.4078,0.138619355022,0.15000000596,1,0.0
2014-07-14 00:14:00,74.999,0.138619355022,0.0,1,0.0
2014-07-14 00:19:00,57.39,0.209928651447,0.300000011921,1,0.0
2014-07-14 00:24:00,75.6357,0.209928651447,0.0,1,0.0
2014-07-14 00:29:00,61.388,0.0433819241545,0.0,1,0.0
2014-07-14 00:34:00,51.804,0.0433819241545,0.0,1,0.0
2014-07-14 00:39:00,69.7787,0.0433819241545,0.0,1,0.0
2014-07-14 00:44:00,45.835,0.0433819241545,0.0,1,0.0
2014-07-14 00:49:00,56.454,0.0433819241545,0.0,1,0.0
2014-07-14 00:54:00,61.499,0.0433819241545,0.0,1,0.0
2014-07-14 00:59:00,58.552,0.0320895748515,0.0250000003725,1,0.0
2014-07-14 01:04:00,37.062,0.0320895748515,0.0,1,0.0
2014-07-14 01:09:00,77.2233,0.0320895748515,0.300000011921,1,0.0
2014-07-14 01:14:00,67.504,0.0341647032794,0.0250000003725,1,0.0
2014-07-14 01:19:00,58.587,0.0341647032794,0.0,1,0.0
2014-07-14 01:24:00,74.3327,0.0341647032794,0.0,1,0.0
2014-07-14 01:29:00,45.964,0.0341647032794,0.0,1,0.0
2014-07-14 01:34:00,36.646,0.0363299808136,0.0250000003725,1,0.0
2014-07-14 01:39:00,68.7138,0.196823552391,0.949999988079,1,0.0
2014-07-14 01:44:00,53.52,0.196823552391,0.0,1,0.0
2014-07-14 01:49:00,56.878,0.190455868502,0.0,1,0.0
2014-07-14 01:54:00,62.751,0.190455868502,0.0,1,0.0
2014-07-14 01:59:00,53.309,0.123493050655,0.0,1,0.0
2014-07-14 02:04:00,37.167,0.123493050655,0.0250000003725,1,0.0
2014-07-14 02:09:00,36.384,0.133459391345,0.0500000007451,1,0.0
2014-07-14 02:14:00,45.996,0.237627547838,0.425000011921,1,0.0
2014-07-14 02:19:00,56.496,0.237627547838,0.0,1,0.0
2014-07-14 02:24:00,61.337,0.230515900388,0.0,1,0.0
2014-07-14 02:29:00,52.787,0.0485610169498,0.0,1,0.0
2014-07-14 02:34:00,37.719,0.0485610169498,0.0,1,0.0
2014-07-14 02:39:00,51.6113,0.0805666604873,0.25,1,0.0
2014-07-14 02:44:00,64.454,0.0805666604873,0.0,1,0.0
2014-07-14 02:49:00,55.666,0.0805666604873,0.0,1,0.0
2014-07-14 02:54:00,74.1977,0.0768895752078,0.0,1,0.0
2014-07-14 02:59:00,46.086,0.0768895752078,0.0500000007451,1,0.0
2014-07-14 03:04:00,36.566,0.0301029997238,0.0,1,0.0
2014-07-14 03:09:00,36.669,0.0320895739438,0.0250000003725,1,0.0
2014-07-14 03:14:00,39.504,0.0665059930322,0.324999988079,1,0.0
2014-07-14 03:19:00,58.753,0.0665059930322,0.0,1,0.0
2014-07-14 03:24:00,27.334,0.0665059930322,0.0,1,0.0
2014-07-14 03:29:00,64.156,0.0459227696867,0.0750000029802,1,0.0
2014-07-14 03:34:00,61.166,0.0459227696867,0.0,1,0.0
2014-07-14 03:39:00,74.3333,0.0459227696867,0.0,1,0.0
2014-07-14 03:44:00,45.781,0.0459227696867,0.0,1,0.0
2014-07-14 03:49:00,55.953,0.0409371158661,0.0,1,0.0
2014-07-14 03:54:00,64.041,0.0462405257854,0.0500000007451,1,0.0
2014-07-14 03:59:00,63.996,0.0489380177118,0.0500000007451,1,0.0
2014-07-14 04:04:00,68.466,0.0411471273308,0.0,1,0.0
2014-07-14 04:09:00,93.125,0.0364461152463,0.0500000007451,1,0.0
2014-07-14 04:14:00,58.833,0.0436440367015,0.22499999404,1,0.0
2014-07-14 04:19:00,52.3323,0.0364461153807,0.0,1,0.0
2014-07-14 04:24:00,51.956,0.0364461153807,0.0,1,0.0
2014-07-14 04:29:00,56.89,0.0364461153807,0.0,1,0.0
2014-07-14 04:34:00,74.138,0.0387483278808,0.0250000003725,1,0.0
2014-07-14 04:39:00,51.166,0.0411471274767,0.0250000003725,1,0.0
2014-07-14 04:44:00,37.166,0.0364461153807,0.0,1,0.0
2014-07-14 04:49:00,50.4433,0.0411471274767,0.10000000149,1,0.0
2014-07-14 04:54:00,39.803,0.0411471274767,0.0,1,0.0
2014-07-14 04:59:00,56.573,0.0387483278808,0.0250000003725,1,0.0
2014-07-14 05:04:00,21.167,0.0364461154143,0.0500000007451,1,0.0
2014-07-14 05:09:00,100.0,0.116113258844,0.725000023842,1,0.0
2014-07-14 05:14:00,89.507,0.141466717491,0.125,1,0.0
2014-07-14 05:19:00,57.0597,0.146904323918,0.0250000003725,1,0.0
2014-07-14 05:24:00,37.114,0.146904323918,0.0250000003725,1,0.0
2014-07-14 05:29:00,52.9447,0.146904323918,0.0250000003725,1,0.0
2014-07-14 05:34:00,58.999,0.146904323918,0.0,1,0.0
2014-07-14 05:39:00,56.99,0.125890121018,0.0,1,0.0
2014-07-14 05:44:00,75.61,0.136152198471,0.0500000007451,1,0.0
2014-07-14 05:49:00,52.332,0.146904324328,0.0750000029802,1,0.0
2014-07-14 05:54:00,30.722,0.136152198862,0.0,1,0.0
2014-07-14 05:59:00,48.4143,0.0342389167959,0.0250000003725,1,0.0
2014-07-14 06:04:00,45.454,0.0342389158624,0.0250000003725,1,0.0
2014-07-14 06:09:00,64.887,0.0364461152463,0.0,1,0.0
2014-07-14 06:14:00,22.8325,0.0779715443387,0.524999976158,1,0.0
2014-07-14 06:19:00,52.025,0.130960185201,0.324999988079,1,0.0
2014-07-14 06:24:00,33.165,0.130960185201,0.0,1,0.0
2014-07-14 06:29:00,64.667,0.152465553069,0.10000000149,1,0.0
2014-07-14 06:34:00,36.666,0.141466705075,0.0,1,0.0
2014-07-14 06:39:00,55.3927,0.146904310807,0.10000000149,1,0.0
2014-07-14 06:44:00,64.499,0.146904310807,0.0,1,0.0
2014-07-14 06:49:00,63.95,0.141466704674,0.0,1,0.0
2014-07-14 06:54:00,62.336,0.136152185946,0.0,1,0.0
2014-07-14 06:59:00,64.878,0.136152185946,0.0,1,0.0
2014-07-14 07:04:00,38.141,0.0517378835479,0.0,1,0.0
2014-07-14 07:09:00,93.167,0.0576499876022,0.375,1,0.0
2014-07-14 07:14:00,92.4453,0.0576499876022,0.0,1,0.0
2014-07-14 07:19:00,57.833,0.0489380187357,0.0250000003725,1,0.0
2014-07-14 07:24:00,62.328,0.0517378848227,0.0250000003725,1,0.0
2014-07-14 07:29:00,57.7023,0.0411471278414,0.0,1,0.0
2014-07-14 07:34:00,36.829,0.0411471278414,0.0,1,0.0
2014-07-14 07:39:00,55.0838,0.0817469496033,0.324999988079,1,0.0
2014-07-14 07:44:00,64.538,0.0817469496033,0.0,1,0.0
2014-07-14 07:49:00,56.108,0.0817469496033,0.0,1,0.0
2014-07-14 07:54:00,61.165,0.0817469496033,0.0,1,0.0
2014-07-14 07:59:00,29.906,0.0364461147088,0.0,1,0.0
2014-07-14 08:04:00,38.654,0.0364461147088,0.0,1,0.0
2014-07-14 08:09:00,93.336,0.182144089667,0.899999976158,1,0.0
2014-07-14 08:14:00,95.222,0.175957137602,0.0,1,0.0
2014-07-14 08:19:00,56.835,0.182144089667,0.0250000003725,1,0.0
2014-07-14 08:24:00,57.368,0.188457562663,0.0250000003725,1,0.0
2014-07-14 08:29:00,64.499,0.120941345329,0.0250000003725,1,0.0
2014-07-14 08:34:00,38.304,0.120941345329,0.0,1,0.0
2014-07-14 08:39:00,56.784,0.182144094324,0.27500000596,1,0.0
2014-07-14 08:44:00,75.3433,0.182144094324,0.0,1,0.0
2014-07-14 08:49:00,63.88,0.182144094324,0.0,1,0.0
2014-07-14 08:54:00,62.995,0.182144094324,0.0,1,0.0
2014-07-14 08:59:00,64.833,0.0342389169569,0.0,1,0.0
2014-07-14 09:04:00,45.042,0.0387483289315,0.0500000007451,1,0.0
2014-07-14 09:09:00,64.286,0.04893801935,0.125,1,0.0
2014-07-14 09:14:00,63.213,0.046240527363,0.0,1,0.0
2014-07-14 09:19:00,63.999,0.0436440374604,0.0,1,0.0
2014-07-14 09:24:00,59.832,0.0436440374604,0.0,1,0.0
2014-07-14 09:29:00,74.5247,0.0387483280909,0.0250000003725,1,0.0
2014-07-14 09:34:00,49.761,0.0364461155823,0.0250000003725,1,0.0
2014-07-14 09:39:00,55.666,0.0342389161843,0.0250000003725,1,0.0
2014-07-14 09:44:00,63.2213,0.0342389161843,0.0,1,0.0
2014-07-14 09:49:00,50.999,0.0342389161843,0.0,1,0.0
2014-07-14 09:54:00,28.453,0.0364461155823,0.0250000003725,1,0.0
2014-07-14 09:59:00,64.721,0.136152190643,0.949999988079,1,0.0
2014-07-14 10:04:00,52.167,0.136152190643,0.0,1,0.0
2014-07-14 10:09:00,92.147,0.14146670948,0.0250000003725,1,0.0
2014-07-14 10:14:00,90.4077,0.14146670948,0.0,1,0.0
2014-07-14 10:19:00,51.12,0.14146670948,0.0250000003725,1,0.0
2014-07-14 10:24:00,37.271,0.136152190643,0.0,1,0.0
2014-07-14 10:29:00,48.0445,0.152465557678,0.10000000149,1,0.0
2014-07-14 10:34:00,50.666,0.152465557678,0.0,1,0.0
2014-07-14 10:39:00,56.289,0.152465557678,0.0,1,0.0
2014-07-14 10:44:00,62.3293,0.146904315724,0.0,1,0.0
2014-07-14 10:49:00,51.384,0.0411471275132,0.0250000003725,1,0.0
2014-07-14 10:54:00,28.082,0.0411471275132,0.0,1,0.0
2014-07-14 10:59:00,46.948,0.0436440365497,0.0,1,0.0
2014-07-14 11:04:00,59.048,0.0387483279158,0.0500000007451,1,0.0
2014-07-14 11:09:00,64.667,0.0411471275132,0.0,1,0.0
2014-07-14 11:14:00,74.1147,0.0364461154143,0.0500000007451,1,0.0
2014-07-14 11:19:00,45.654,0.032125103262,0.15000000596,1,0.0
2014-07-14 11:24:00,36.216,0.032125103262,0.0,1,0.0
2014-07-14 11:29:00,42.9993,0.0321251046176,0.0500000007451,1,0.0
2014-07-14 11:34:00,36.818,0.0321251046176,0.0,1,0.0
2014-07-14 11:39:00,55.0402,0.0321251046176,0.0250000003725,1,0.0
2014-07-14 11:44:00,64.612,0.0321251046176,0.0,1,0.0
2014-07-14 11:49:00,58.805,0.0321251046176,0.0,1,0.0
2014-07-14 11:54:00,61.889,0.032125103262,0.0,1,0.0
2014-07-14 11:59:00,50.581,0.0301030003139,0.0250000003725,1,0.0
2014-07-14 12:04:00,37.214,0.0342389157015,0.0,1,0.0
2014-07-14 12:09:00,88.3333,0.0364461163885,0.27500000596,1,0.0
2014-07-14 12:14:00,73.907,0.0411413062476,0.0500000007451,1,0.0
2014-07-14 12:19:00,56.501,0.0364428986373,0.0,1,0.0
2014-07-14 12:24:00,58.7233,0.0364428986373,0.0,1,0.0
2014-07-14 12:29:00,64.166,0.0342368614123,0.0,1,0.0
2014-07-14 12:34:00,61.487,0.0342368614123,0.0,1,0.0
2014-07-14 12:39:00,42.6667,0.0364428986373,0.0250000003725,1,0.0
2014-07-14 12:44:00,52.835,0.0639666061543,0.25,1,0.0
2014-07-14 12:49:00,58.265,0.0607466453709,0.0,1,0.0
2014-07-14 12:54:00,59.476,0.0607466453709,0.0,1,0.0
2014-07-14 12:59:00,64.0,0.0321241202549,0.0,1,0.0
2014-07-14 13:04:00,68.961,0.0321241202549,0.0500000007451,1,0.0
2014-07-14 13:09:00,50.0,0.0321241202549,0.0,1,0.0
2014-07-14 13:14:00,68.064,0.0436367679815,0.125,1,0.0
2014-07-14 13:19:00,57.217,0.0436367679815,0.0,1,0.0
2014-07-14 13:24:00,63.3335,0.0436367679815,0.0,1,0.0
2014-07-14 13:29:00,45.998,0.0462317124196,0.0500000007451,1,0.0
2014-07-14 13:34:00,37.167,0.0364428978315,0.0,1,0.0
2014-07-14 13:39:00,64.8587,0.0364428978315,0.0,1,0.0
2014-07-14 13:44:00,53.828,0.0364428978315,0.0,1,0.0
2014-07-14 13:49:00,56.815,0.0364428978315,0.0,1,0.0
2014-07-14 13:54:00,51.665,0.0411413053728,0.0,1,0.0
2014-07-14 13:59:00,58.902,0.0411413053728,0.0,1,0.0
2014-07-14 14:04:00,37.692,0.0546273863707,0.0,1,0.0
2014-07-14 14:09:00,83.3333,0.0436367685503,0.40000000596,1,0.0
2014-07-14 14:14:00,71.869,0.0436367685503,0.0,1,0.0
2014-07-14 14:19:00,58.051,0.0387438561321,0.0,1,0.0
2014-07-14 14:24:00,64.168,0.0411413060654,0.0250000003725,1,0.0
2014-07-14 14:29:00,64.501,0.0411413060654,0.0,1,0.0
2014-07-14 14:34:00,60.499,0.0411413060654,0.0,1,0.0
2014-07-14 14:39:00,64.0,0.0411413060654,0.0,1,0.0
2014-07-14 14:44:00,57.899,0.0411413060654,0.0,1,0.0
2014-07-14 14:49:00,57.0,0.0411413060654,0.0,1,0.0
2014-07-14 14:54:00,56.548,0.0411413060654,0.0,1,0.0
2014-07-14 14:59:00,56.593,0.0576339663733,0.0,1,0.0
2014-07-14 15:04:00,64.585,0.0576339663733,0.0,1,0.0
2014-07-14 15:09:00,93.0088,0.0342368598036,0.324999988079,1,0.0
2014-07-14 15:14:00,58.869,0.041141304425,0.10000000149,1,0.0
2014-07-14 15:19:00,52.3323,0.041141304425,0.0,1,0.0
2014-07-14 15:24:00,56.7503,0.041141304425,0.0,1,0.0
2014-07-14 15:29:00,57.942,0.041141304425,0.0,1,0.0
2014-07-14 15:34:00,60.4888,0.041141304425,0.0,1,0.0
2014-07-14 15:39:00,64.048,0.0517256743404,0.10000000149,1,0.0
2014-07-14 15:44:00,39.044,0.0517256743404,0.0,1,0.0
2014-07-14 15:49:00,52.5677,0.208026192867,0.824999988079,1,0.0
2014-07-14 15:54:00,58.879,0.208026192867,0.0,1,0.0
2014-07-14 15:59:00,57.939,0.130889406745,0.0,1,0.0
2014-07-14 16:04:00,69.34,0.111349879353,0.0,1,0.0
2014-07-14 16:09:00,100.0,0.120878562226,0.0500000007451,1,0.0
2014-07-14 16:14:00,61.511,0.130889406745,0.0500000007451,1,0.0
2014-07-14 16:19:00,55.453,0.130889406745,0.0,1,0.0
2014-07-14 16:24:00,63.837,0.136077223103,0.0250000003725,1,0.0
2014-07-14 16:29:00,59.217,0.116054279733,0.0,1,0.0
2014-07-14 16:34:00,62.1668,0.116054279733,0.0,1,0.0
2014-07-14 16:39:00,63.953,0.0364428976636,0.10000000149,1,0.0
2014-07-14 16:44:00,39.548,0.0364428976636,0.0,1,0.0
2014-07-14 16:49:00,56.954,0.141387439826,0.850000023842,1,0.0
2014-07-14 16:54:00,61.564,0.141387439826,0.0,1,0.0
2014-07-14 16:59:00,47.368,0.130889414003,0.0,1,0.0
2014-07-14 17:04:00,36.5,0.136077230924,0.0750000029802,1,0.0
2014-07-14 17:09:00,92.218,0.448372662716,1.0,1,0.0
2014-07-14 17:14:00,92.667,0.437995760129,0.0,1,0.0
2014-07-14 17:19:00,64.121,0.458884152258,0.0500000007451,1,0.0
2014-07-14 17:24:00,62.315,0.480311446373,0.0500000007451,1,0.0
2014-07-14 17:29:00,71.384,0.437995760129,0.0,1,0.0
2014-07-14 17:34:00,67.5,0.437995760129,0.0,1,0.0
2014-07-14 17:39:00,64.499,0.163863268291,0.0,1,0.0
2014-07-14 17:44:00,64.999,0.194774231219,0.125,1,0.0
2014-07-14 17:49:00,64.666,0.228864908516,0.125,1,0.0
2014-07-14 17:54:00,64.668,0.208026198905,0.0,1,0.0
2014-07-14 17:59:00,64.993,0.0342368609297,0.0,1,0.0
2014-07-14 18:04:00,76.833,0.0462317124196,0.125,1,0.0
2014-07-14 18:09:00,98.0,0.0411413055186,0.0,1,0.0
2014-07-14 18:14:00,83.333,0.0364428979658,0.0,1,0.0
2014-07-14 18:19:00,64.55,0.0364428979658,0.0,1,0.0
2014-07-14 18:24:00,63.482,0.0364428979658,0.0,1,0.0
2014-07-14 18:29:00,62.31,0.0364428979658,0.0,1,0.0
2014-07-14 18:34:00,64.45,0.034236860801,0.0,1,0.0
2014-07-14 18:39:00,88.007,0.051725676039,0.40000000596,1,0.0
2014-07-14 18:44:00,98.983,0.051725676039,0.0,1,0.0
2014-07-14 18:49:00,100.0,0.0742813850139,0.17499999702,1,0.0
2014-07-14 18:54:00,87.0262,0.0576339667836,0.0,1,0.0
2014-07-14 18:59:00,59.613,0.0576339667836,0.0,1,0.0
2014-07-14 19:04:00,66.2295,0.0576339667836,0.0,1,0.0
2014-07-14 19:09:00,69.191,0.0576339667836,0.0,1,0.0
2014-07-14 19:14:00,62.5005,0.0576339667836,0.0,1,0.0
2014-07-14 19:19:00,62.1095,0.0576339667836,0.0,1,0.0
2014-07-14 19:24:00,69.7243,0.0576339667836,0.0,1,0.0
2014-07-14 19:29:00,73.7773,0.0364428981673,0.0500000007451,1,0.0
2014-07-14 19:34:00,66.1593,0.0364428981673,0.0,1,0.0
2014-07-14 19:39:00,50.6507,0.0301029997248,0.25,1,0.0
2014-07-14 19:44:00,52.7633,0.0489275584169,0.20000000298,1,0.0
2014-07-14 19:49:00,52.9793,0.0489275584169,0.0,1,0.0
2014-07-14 19:54:00,59.665,0.0517256758267,0.0250000003725,1,0.0
2014-07-14 19:59:00,22.276,0.175849360959,0.699999988079,1,0.0
2014-07-14 20:04:00,14.448,0.42775327545,0.774999976158,1,0.0
2014-07-14 20:09:00,14.839,0.933006772592,1.0,1,0.0
2014-07-14 20:14:00,14.713,0.299999996735,1.0,1,0.0
2014-07-14 20:19:00,14.286,0.299999996735,0.0,1,0.0
2014-07-14 20:24:00,18.214,0.299999996735,0.524999976158,1,0.0
2014-07-14 20:29:00,15.005,0.299999996735,0.725000023842,1,0.0
2014-07-14 20:34:00,36.5,0.299999996735,0.574999988079,1,0.0
2014-07-14 20:39:00,55.8876,0.299999996735,0.850000023842,1,0.0
2014-07-14 20:44:00,39.165,0.299999996735,0.0,1,0.0
2014-07-14 20:49:00,38.834,0.299999996735,0.0,1,0.0
2014-07-14 20:54:00,17.532,0.299999996735,0.375,1,0.0
2014-07-14 20:59:00,19.259,0.299999996735,0.824999988079,1,0.0
2014-07-14 21:04:00,30.724,0.299999996735,0.125,1,0.0
2014-07-14 21:09:00,36.619,0.299999996735,0.0750000029802,1,0.0
2014-07-14 21:14:00,31.773,0.299999996735,0.0,1,0.0
2014-07-14 21:19:00,14.789,0.299999996735,0.850000023842,1,0.0
2014-07-14 21:24:00,15.044,0.299999996735,0.324999988079,1,0.0
2014-07-14 21:29:00,15.623,0.299999996735,0.375,1,0.0
2014-07-14 21:34:00,15.05,0.299999996735,0.0,1,0.0
2014-07-14 21:39:00,15.442,0.299999996735,0.0,1,0.0
2014-07-14 21:44:00,14.714,0.299999996735,0.0750000029802,1,0.0
2014-07-14 21:49:00,14.947,0.368542091355,0.0750000029802,1,0.0
2014-07-14 21:54:00,14.67,0.359541690735,0.10000000149,1,0.0
2014-07-14 21:59:00,16.148,0.350665944099,0.0500000007451,1,0.0
2014-07-14 22:04:00,22.045,0.368542091355,0.0500000007451,1,0.0
2014-07-14 22:09:00,19.79,0.136086297968,0.0250000003725,1,0.0
2014-07-14 22:14:00,13.031,0.308150669756,0.975000023842,1,0.0
2014-07-14 22:19:00,12.132,0.26872271613,0.25,1,0.0
2014-07-14 22:24:00,12.039,0.333287712422,0.20000000298,1,0.0
2014-07-14 22:29:00,12.663,0.333287712422,0.0,1,0.0
2014-07-14 22:34:00,12.333,0.308150669756,0.0,1,0.0
2014-07-14 22:39:00,12.124,0.28412514705,0.0,1,0.0
2014-07-14 22:44:00,12.837,0.28412514705,0.10000000149,1,0.0
2014-07-14 22:49:00,12.199,0.30001894278,0.10000000149,1,0.0
2014-07-14 22:54:00,11.954,0.308150669756,0.0750000029802,1,0.0
2014-07-14 22:59:00,13.659,0.300018943381,0.0,1,0.0
2014-07-14 23:04:00,19.877,0.121359464614,0.27500000596,1,0.0
2014-07-14 23:09:00,20.004,0.121359464614,0.25,1,0.0
2014-07-14 23:14:00,12.87,0.333287704126,1.0,1,0.0
2014-07-14 23:19:00,12.339,0.377667315467,0.125,1,0.0
2014-07-14 23:24:00,12.135,0.425171466908,0.125,1,0.0
2014-07-14 23:29:00,12.867,0.425171466908,0.0,1,0.0
2014-07-14 23:34:00,11.961,0.415419724598,0.0750000029802,1,0.0
2014-07-14 23:39:00,12.373,0.386917534836,0.0250000003725,1,0.0
2014-07-14 23:44:00,12.455,0.359541686074,0.0,1,0.0
2014-07-14 23:49:00,12.54,0.359541686074,0.0,1,0.0
2014-07-14 23:54:00,12.339,0.268722707096,0.0,1,0.0
2014-07-14 23:59:00,13.115,0.205437517493,0.0250000003725,1,0.0
2014-07-15 00:04:00,19.958,0.121359462495,0.625,1,0.0
2014-07-15 00:09:00,20.213,0.162930227076,0.324999988079,1,0.0
2014-07-15 00:14:00,12.796,0.43504894799,1.0,1,0.0
2014-07-15 00:19:00,12.035,0.445052320333,0.0250000003725,1,0.0
2014-07-15 00:24:00,11.958,0.455181707747,0.10000000149,1,0.0
2014-07-15 00:29:00,12.676,0.50772322028,0.15000000596,1,0.0
2014-07-15 00:34:00,11.838,0.299999996735,0.125,1,0.0
2014-07-15 00:39:00,12.003,0.299999996735,0.125,1,0.0
2014-07-15 00:44:00,12.677,0.299999996735,0.0,1,0.0
2014-07-15 00:49:00,11.837,0.299999996735,0.0250000003725,1,0.0
2014-07-15 00:54:00,12.035,0.377667309991,0.0500000007451,1,0.0
2014-07-15 00:59:00,13.675,0.30815066182,0.125,1,0.0
2014-07-15 01:04:00,19.5,0.174483832255,0.524999976158,1,0.0
2014-07-15 01:09:00,19.998,0.180437251089,0.0500000007451,1,0.0
2014-07-15 01:14:00,12.456,0.205437513142,0.20000000298,1,0.0
2014-07-15 01:19:00,12.196,0.218654659413,0.20000000298,1,0.0
2014-07-15 01:24:00,12.339,0.211986049328,0.10000000149,1,0.0
2014-07-15 01:29:00,12.845,0.205437513142,0.10000000149,1,0.0
2014-07-15 01:34:00,12.337,0.2254436674,0.0750000029802,1,0.0
2014-07-15 01:39:00,12.13,0.23938410126,0.0750000029802,1,0.0
2014-07-15 01:44:00,12.536,0.24653611877,0.0750000029802,1,0.0
2014-07-15 01:49:00,12.166,0.218654662421,0.0250000003725,1,0.0
2014-07-15 01:54:00,11.83,0.116677219465,0.0750000029802,1,0.0
2014-07-15 01:59:00,13.463,0.116677219465,0.0500000007451,1,0.0
2014-07-15 02:04:00,19.66,0.186508952789,0.524999976158,1,0.0
2014-07-15 02:09:00,20.045,0.162930227498,0.10000000149,1,0.0
2014-07-15 02:14:00,12.676,0.284125138889,0.550000011921,1,0.0
2014-07-15 02:19:00,12.168,0.261205156412,0.0250000003725,1,0.0
2014-07-15 02:24:00,11.83,0.261205156412,0.0750000029802,1,0.0
2014-07-15 02:29:00,12.666,0.246536120382,0.0250000003725,1,0.0
2014-07-15 02:34:00,11.999,0.232353382689,0.0250000003725,1,0.0
2014-07-15 02:39:00,12.333,0.232353382689,0.0250000003725,1,0.0
2014-07-15 02:44:00,12.667,0.225443668931,0.0500000007451,1,0.0
2014-07-15 02:49:00,11.798,0.232353382689,0.0750000029802,1,0.0
2014-07-15 02:54:00,11.998,0.116677219465,0.0250000003725,1,0.0
2014-07-15 02:59:00,13.351,0.11210734148,0.0750000029802,1,0.0
2014-07-15 03:04:00,19.874,0.107649202378,0.524999976158,1,0.0
2014-07-15 03:09:00,29.671,0.103302168437,0.0,1,0.0
2014-07-15 03:14:00,13.334,0.246536112321,0.699999988079,1,0.0
2014-07-15 03:19:00,11.612,0.261205148079,0.0750000029802,1,0.0
2014-07-15 03:24:00,12.167,0.268722698626,0.0500000007451,1,0.0
2014-07-15 03:29:00,20.041,0.435048941325,0.5,1,0.0
2014-07-15 03:34:00,11.669,0.671715737927,0.574999988079,1,0.0
2014-07-15 03:39:00,12.0,0.299999996735,0.10000000149,1,0.0
2014-07-15 03:44:00,12.332,0.299999996735,0.0750000029802,1,0.0
2014-07-15 03:49:00,12.17,0.299999996735,0.10000000149,1,0.0
2014-07-15 03:54:00,11.971,0.299999996735,0.10000000149,1,0.0
2014-07-15 03:59:00,13.334,0.299999996735,0.10000000149,1,0.0
2014-07-15 04:04:00,19.706,0.34191467248,0.15000000596,1,0.0
2014-07-15 04:09:00,20.204,0.37766731136,0.17499999702,1,0.0
2014-07-15 04:14:00,12.661,0.586605414739,0.550000011921,1,0.0
2014-07-15 04:19:00,11.997,0.377667315467,0.0,1,0.0
2014-07-15 04:24:00,11.963,0.199008726339,0.0,1,0.0
2014-07-15 04:29:00,12.667,0.174483841038,0.0,1,0.0
2014-07-15 04:34:00,12.167,0.157329202158,0.0,1,0.0
2014-07-15 04:39:00,11.868,0.141223802559,0.0250000003725,1,0.0
2014-07-15 04:44:00,12.464,0.13608630251,0.0750000029802,1,0.0
2014-07-15 04:49:00,12.166,0.126154679889,0.0500000007451,1,0.0
2014-07-15 04:54:00,12.37,0.101990709948,0.0750000029802,1,0.0
2014-07-15 04:59:00,13.169,0.0907598952996,0.10000000149,1,0.0
2014-07-15 05:04:00,19.794,0.0837229586585,0.5,1,0.0
2014-07-15 05:09:00,19.798,0.0871967858775,0.0250000003725,1,0.0
2014-07-15 05:14:00,12.664,0.0907598936867,0.0250000003725,1,0.0
2014-07-15 05:19:00,12.328,0.0944128728183,0.0250000003725,1,0.0
2014-07-15 05:24:00,12.039,0.101990709081,0.0500000007451,1,0.0
2014-07-15 05:29:00,12.468,0.10993463423,0.0750000029802,1,0.0
2014-07-15 05:34:00,12.04,0.10993463423,0.0750000029802,1,0.0
2014-07-15 05:39:00,11.801,0.10993463423,0.0500000007451,1,0.0
2014-07-15 05:44:00,12.669,0.105916650712,0.0500000007451,1,0.0
2014-07-15 05:49:00,12.041,0.105916650712,0.10000000149,1,0.0
2014-07-15 05:54:00,12.17,0.0537495808082,0.10000000149,1,0.0
2014-07-15 05:59:00,12.983,0.064719130828,0.125,1,0.0
2014-07-15 06:04:00,19.871,0.136002125027,0.5,1,0.0
2014-07-15 06:09:00,19.997,0.14067742978,0.0500000007451,1,0.0
2014-07-15 06:14:00,12.678,0.136002125027,0.0250000003725,1,0.0
2014-07-15 06:19:00,12.169,0.136002125027,0.0750000029802,1,0.0
2014-07-15 06:24:00,12.296,0.131422011394,0.0500000007451,1,0.0
2014-07-15 06:29:00,12.533,0.136002125027,0.0750000029802,1,0.0
2014-07-15 06:34:00,12.131,0.140677430132,0.0750000029802,1,0.0
2014-07-15 06:39:00,12.329,0.13142201207,0.0500000007451,1,0.0
2014-07-15 06:44:00,12.876,0.122545725129,0.0500000007451,1,0.0
2014-07-15 06:49:00,12.169,0.11824869881,0.10000000149,1,0.0
2014-07-15 06:54:00,12.172,0.0618519147351,0.10000000149,1,0.0
2014-07-15 06:59:00,13.684,0.070707907947,0.125,1,0.0
2014-07-15 07:04:00,19.837,0.145448317966,0.5,1,0.0
2014-07-15 07:09:00,19.667,0.150315167065,0.10000000149,1,0.0
2014-07-15 07:14:00,12.7,0.150315167065,0.0500000007451,1,0.0
2014-07-15 07:19:00,12.132,0.150315167065,0.0750000029802,1,0.0
2014-07-15 07:24:00,12.031,0.145448317248,0.0500000007451,1,0.0
2014-07-15 07:29:00,12.805,0.150315167065,0.0750000029802,1,0.0
2014-07-15 07:34:00,12.208,0.155278344493,0.0750000029802,1,0.0
2014-07-15 07:39:00,11.997,0.150315167798,0.0750000029802,1,0.0
2014-07-15 07:44:00,12.668,0.145448318684,0.0750000029802,1,0.0
2014-07-15 07:49:00,12.135,0.140677431188,0.10000000149,1,0.0
2014-07-15 07:54:00,12.001,0.0770406812453,0.10000000149,1,0.0
2014-07-15 07:59:00,13.044,0.0770406812453,0.10000000149,1,0.0
2014-07-15 08:04:00,19.664,0.160338206407,0.550000011921,1,0.0
2014-07-15 08:09:00,20.15,0.170749324278,0.125,1,0.0
2014-07-15 08:14:00,12.619,0.210280510927,0.22499999404,1,0.0
2014-07-15 08:19:00,12.189,0.216324270144,0.10000000149,1,0.0
2014-07-15 08:24:00,11.839,0.216324270144,0.0750000029802,1,0.0
2014-07-15 08:29:00,12.961,0.235055825318,0.15000000596,1,0.0
2014-07-15 08:34:00,12.208,0.24804605006,0.125,1,0.0
2014-07-15 08:39:00,11.801,0.254692569947,0.125,1,0.0
2014-07-15 08:44:00,12.508,0.254692569947,0.10000000149,1,0.0
2014-07-15 08:49:00,12.03,0.261440301869,0.125,1,0.0
2014-07-15 08:54:00,11.991,0.160338201078,0.125,1,0.0
2014-07-15 08:59:00,13.463,0.140677428724,0.0250000003725,1,0.0
2014-07-15 09:04:00,19.665,0.198491660984,0.5,1,0.0
2014-07-15 09:09:00,19.796,0.198491660984,0.10000000149,1,0.0
2014-07-15 09:14:00,12.678,0.216324268782,0.15000000596,1,0.0
2014-07-15 09:19:00,12.205,0.192746055479,0.0500000007451,1,0.0
2014-07-15 09:24:00,12.17,0.17610123122,0.0500000007451,1,0.0
2014-07-15 09:29:00,12.461,0.16033820222,0.0500000007451,1,0.0
2014-07-15 09:34:00,12.036,0.150315166699,0.0500000007451,1,0.0
2014-07-15 09:39:00,12.171,0.131422011732,0.0250000003725,1,0.0
2014-07-15 09:44:00,12.334,0.118248698493,0.0500000007451,1,0.0
2014-07-15 09:49:00,11.997,0.126936685391,0.0750000029802,1,0.0
2014-07-15 09:54:00,12.17,0.0618519147351,0.0500000007451,1,0.0
2014-07-15 09:59:00,13.294,0.0537495810003,0.0250000003725,1,0.0
2014-07-15 10:04:00,19.839,0.0537495810003,0.15000000596,1,0.0
2014-07-15 10:09:00,20.127,0.109934633321,0.47499999404,1,0.0
2014-07-15 10:14:00,12.497,0.12693668506,0.15000000596,1,0.0
2014-07-15 10:19:00,11.867,0.122545725129,0.0250000003725,1,0.0
2014-07-15 10:24:00,12.006,0.122545725129,0.0500000007451,1,0.0
2014-07-15 10:29:00,12.496,0.12693668506,0.0500000007451,1,0.0
2014-07-15 10:34:00,12.167,0.122545725129,0.0250000003725,1,0.0
2014-07-15 10:39:00,11.997,0.114045155961,0.0250000003725,1,0.0
2014-07-15 10:44:00,12.628,0.114045155961,0.0500000007451,1,0.0
2014-07-15 10:49:00,12.035,0.118248698176,0.0500000007451,1,0.0
2014-07-15 10:54:00,12.001,0.101990708214,0.0500000007451,1,0.0
2014-07-15 10:59:00,13.162,0.051212484301,0.0750000029802,1,0.0
2014-07-15 11:04:00,20.131,0.0871967840426,0.449999988079,1,0.0
2014-07-15 11:09:00,19.829,0.0837229568699,0.0,1,0.0
2014-07-15 11:14:00,12.51,0.0871967843047,0.0750000029802,1,0.0
2014-07-15 11:19:00,12.168,0.0907598923426,0.0750000029802,1,0.0
2014-07-15 11:24:00,12.04,0.0944128714407,0.0500000007451,1,0.0
2014-07-15 11:29:00,12.455,0.0944128714407,0.0250000003725,1,0.0
2014-07-15 11:34:00,12.542,0.0871967845669,0.0,1,0.0
2014-07-15 11:39:00,11.795,0.0803377994838,0.0,1,0.0
2014-07-15 11:44:00,12.827,0.0738309394863,0.0,1,0.0
2014-07-15 11:49:00,11.529,0.0676708769643,0.0250000003725,1,0.0
2014-07-15 11:54:00,12.167,0.031880752992,0.0250000003725,1,0.0
2014-07-15 11:59:00,13.168,0.0301030002372,0.0250000003725,1,0.0
2014-07-15 12:04:00,19.672,0.0738309373631,0.524999976158,1,0.0
2014-07-15 12:09:00,19.71,0.0944128673077,0.22499999404,1,0.0
2014-07-15 12:14:00,12.824,0.0871967806348,0.0,1,0.0
2014-07-15 12:19:00,12.17,0.0907598883104,0.0500000007451,1,0.0
2014-07-15 12:24:00,12.0,0.0944128673077,0.0250000003725,1,0.0
2014-07-15 12:29:00,12.638,0.0981562884499,0.0250000003725,1,0.0
2014-07-15 12:34:00,12.005,0.101990703299,0.0250000003725,1,0.0
2014-07-15 12:39:00,11.875,0.109934628174,0.0750000029802,1,0.0
2014-07-15 12:44:00,12.831,0.109934628174,0.0250000003725,1,0.0
2014-07-15 12:49:00,11.838,0.118248692793,0.0750000029802,1,0.0
2014-07-15 12:54:00,12.299,0.0563679522958,0.0750000029802,1,0.0
2014-07-15 12:59:00,13.483,0.0440798809673,0.10000000149,1,0.0
2014-07-15 13:04:00,19.674,0.101990708503,0.47499999404,1,0.0
2014-07-15 13:09:00,19.997,0.101990708503,0.0500000007451,1,0.0
2014-07-15 13:14:00,12.795,0.120772461443,0.15000000596,1,0.0
2014-07-15 13:19:00,12.031,0.120772461443,0.0250000003725,1,0.0
2014-07-15 13:24:00,11.966,0.120772461443,0.0250000003725,1,0.0
2014-07-15 13:29:00,12.652,0.112457469467,0.0250000003725,1,0.0
2014-07-15 13:34:00,12.322,0.112457469467,0.0250000003725,1,0.0
2014-07-15 13:39:00,11.69,0.104504053111,0.0250000003725,1,0.0
2014-07-15 13:44:00,12.622,0.093243477903,0.0,1,0.0
2014-07-15 13:49:00,12.001,0.0827738120373,0.0250000003725,1,0.0
2014-07-15 13:54:00,11.869,0.0355731158094,0.0250000003725,1,0.0
2014-07-15 13:59:00,13.623,0.0355731158094,0.0500000007451,1,0.0
2014-07-15 14:04:00,19.702,0.0670391079285,0.47499999404,1,0.0
2014-07-15 14:09:00,19.797,0.143164618234,0.524999976158,1,0.0
2014-07-15 14:14:00,12.842,0.147921332173,0.0500000007451,1,0.0
2014-07-15 14:19:00,11.994,0.147921332173,0.0250000003725,1,0.0
2014-07-15 14:24:00,11.705,0.147921332173,0.0250000003725,1,0.0
2014-07-15 14:29:00,12.633,0.147921332173,0.0250000003725,1,0.0
2014-07-15 14:34:00,12.213,0.157715975806,0.0500000007451,1,0.0
2014-07-15 14:39:00,12.009,0.157715975806,0.0250000003725,1,0.0
2014-07-15 14:44:00,12.676,0.162754585612,0.0500000007451,1,0.0
2014-07-15 14:49:00,12.157,0.162754585612,0.0500000007451,1,0.0
2014-07-15 14:54:00,11.993,0.0896664405188,0.0500000007451,1,0.0
2014-07-15 14:59:00,13.326,0.0395750877214,0.0750000029802,1,0.0
2014-07-15 15:04:00,19.797,0.0827738110361,0.449999988079,1,0.0
2014-07-15 15:09:00,19.83,0.147921338615,0.425000011921,1,0.0
2014-07-15 15:14:00,12.829,0.15277167603,0.0500000007451,1,0.0
2014-07-15 15:19:00,12.166,0.1577159825,0.0500000007451,1,0.0
2014-07-15 15:24:00,11.994,0.1577159825,0.0500000007451,1,0.0
2014-07-15 15:29:00,12.498,0.1577159825,0.0250000003725,1,0.0
2014-07-15 15:34:00,12.132,0.147921338615,0.0,1,0.0
2014-07-15 15:39:00,12.041,0.13850117642,0.0,1,0.0
2014-07-15 15:44:00,12.5,0.129452587094,0.0,1,0.0
2014-07-15 15:49:00,11.961,0.120772459861,0.0250000003725,1,0.0
2014-07-15 15:54:00,11.833,0.0641435675027,0.0500000007451,1,0.0
2014-07-15 15:59:00,13.39,0.0395750871034,0.17499999702,1,0.0
2014-07-15 16:04:00,19.63,0.0416857966802,0.0750000029802,1,0.0
2014-07-15 16:09:00,19.629,0.0861767443963,0.449999988079,1,0.0
2014-07-15 16:14:00,12.844,0.0827738102851,0.0250000003725,1,0.0
2014-07-15 16:19:00,11.828,0.0861767443963,0.0500000007451,1,0.0
2014-07-15 16:24:00,12.039,0.0861767443963,0.0,1,0.0
2014-07-15 16:29:00,12.836,0.089666441835,0.0250000003725,1,0.0
2014-07-15 16:34:00,12.124,0.0932434760145,0.0250000003725,1,0.0
2014-07-15 16:39:00,12.171,0.0932434760145,0.0250000003725,1,0.0
2014-07-15 16:44:00,12.846,0.089666441835,0.0250000003725,1,0.0
2014-07-15 16:49:00,12.17,0.0700175372937,0.0250000003725,1,0.0
2014-07-15 16:54:00,12.043,0.0613301848868,0.0,1,0.0
2014-07-15 16:59:00,13.498,0.0375378669598,0.0,1,0.0
2014-07-15 17:04:00,19.831,0.0318567776271,0.10000000149,1,0.0
2014-07-15 17:09:00,27.165,0.0932434795216,0.675000011921,1,0.0
2014-07-15 17:14:00,12.873,0.243360602125,0.75,1,0.0
2014-07-15 17:19:00,12.129,0.236972074473,0.0,1,0.0
